1000
2424 86
8743 21
5716 15
5687 45
1323 14
9435 26
9740 5
8205 55
9090 99
2181 27
1254 23
8627 75
8292 49
841 32
2124 63
1736 37
6985 91
5450 46
9895 38
9779 66
1978 52
8063 100
7700 85
6497 32
3188 37
7476 30
5619 20
4703 41
1721 76
5607 100
8617 16
8476 49
8269 16
6922 77
5055 81
1259 30
2396 77
9475 47
6722 71
5113 81
6250 85
6834 34
4202 48
9588 57
8062 44
8700 22
1748 11
1097 100
5812 12
5416 47
1988 76
7314 4
4843 3
909 14
113 6
1951 64
7660 62
1274 46
9700 45
199 69
2906 24
8102 62
2602 35
7633 51
2828 19
9016 2
662 43
3622 60
8433 3
7598 99
2604 10
2139 17
1412 79
9492 43
2816 57
8212 96
2720 91
8949 93
7676 12
8875 68
8285 45
609 50
1455 48
2850 86
7951 46
2049 92
1371 32
6722 28
3556 63
8330 99
9485 60
30 21
1262 80
2823 87
6167 91
5853 49
720 34
7506 52
3488 75
9241 86
9295 85
6734 70
2491 75
7406 4
1761 20
9473 71
9100 51
6109 8
1133 45
2875 14
6870 76
1971 77
4876 43
1276 52
1411 13
3076 92
7421 77
2955 99
6986 88
3471 69
2791 88
6842 59
5972 56
5849 4
1563 62
3108 49
5643 50
3899 71
2102 78
7491 79
9314 85
6814 70
8185 36
6714 39
3603 18
6625 15
667 71
3496 79
6349 12
2042 76
2743 93
2603 99
9775 43
5420 4
3956 89
3530 37
4132 19
1558 50
4725 45
5739 71
7793 73
186 35
3146 49
2718 43
2942 20
1840 73
6059 29
5875 27
2660 5
4068 70
6207 71
2591 21
2298 98
2958 52
1334 39
7219 99
6009 32
1442 4
1228 73
3965 33
9272 47
6989 2
6969 77
7055 28
4934 81
2702 98
2208 35
8967 55
6590 90
6211 32
1285 16
4263 30
7274 93
9619 39
3677 64
9988 69
9501 25
90 32
9144 4
9383 10
790 39
6153 87
5639 41
2609 58
7088 38
7283 36
4448 16
6405 57
810 90
2940 89
7000 18
8471 30
1785 28
7806 20
7199 52
9430 56
1478 58
7041 89
2978 79
9735 25
5985 5
119 29
6791 32
181 16
8432 86
6269 60
3917 98
7189 96
4694 94
1627 72
3576 17
6737 45
5527 70
6749 55
7896 68
1510 71
3875 23
6682 97
7229 23
2870 25
4613 47
716 84
6740 47
6387 16
9272 61
1548 39
7994 21
8345 100
405 52
3448 30
5066 4
6003 56
1918 60
1784 76
7016 24
2556 66
453 27
6055 59
5001 59
2808 37
9389 12
2086 71
6286 38
7154 94
2695 3
7348 12
3604 61
537 39
868 74
3305 11
1993 62
1446 22
2408 53
7285 15
4357 12
2151 44
3621 8
1917 25
4439 20
5171 88
329 100
6125 72
2813 52
7918 5
492 18
4519 62
3159 6
3950 90
5581 53
1808 74
2357 19
2837 36
5938 44
8601 75
7071 15
7020 24
7801 9
2977 81
2833 72
4933 24
5545 59
4459 53
7193 92
2421 81
796 14
3912 61
2844 69
828 95
7209 4
6471 25
9282 52
5165 35
3290 67
174 18
1233 68
5730 35
6957 13
1245 98
4651 61
8031 2
1909 97
6334 88
4006 62
9338 50
8647 46
4137 18
7879 67
9690 44
8355 83
7885 56
3347 26
3414 29
9734 72
456 92
6110 66
2707 67
6862 2
4629 96
5720 14
8957 36
4174 14
8600 40
9122 81
2826 46
8527 15
9325 51
3779 14
5762 39
8497 50
285 8
8766 61
1737 46
4167 58
4970 68
72 27
2113 5
7760 55
3302 60
6890 24
9684 34
8340 67
1028 39
5583 86
5043 54
3045 43
2609 87
1038 2
412 58
6843 67
4365 65
7014 22
2915 1
8547 28
4603 48
4120 66
58 23
789 78
7104 98
9927 17
1722 69
6181 90
1160 31
5735 83
6180 36
5205 70
2852 61
1229 30
853 34
8882 57
2423 73
2677 46
3240 96
8358 32
7218 74
6127 79
805 63
1788 15
3663 52
9025 26
6960 75
1657 42
2363 88
4241 78
5570 25
3065 96
3352 30
1245 70
4193 76
4325 99
1611 68
5907 84
3887 11
3210 56
4199 7
8891 45
3562 14
6503 100
9237 14
3506 73
9245 67
3949 44
914 85
9802 23
7581 10
8140 3
3657 44
1234 100
2083 73
9945 18
8668 65
4663 6
1756 70
1693 22
4154 63
7154 73
7383 52
1150 2
8591 21
9741 24
5917 25
5137 2
736 25
9696 67
3104 93
4563 61
3614 39
5601 39
5217 39
4423 73
944 6
3434 43
3360 31
721 8
1781 22
3034 38
9952 23
7318 60
6291 10
8754 25
8810 99
8773 13
6515 89
765 36
8557 92
2082 32
8173 25
3100 65
909 46
1130 84
5710 63
7088 18
9040 99
1142 25
1075 91
6349 98
8204 58
744 61
6859 72
2267 95
2419 82
804 17
1897 94
6663 45
9373 14
1098 31
9153 89
4898 7
2011 86
6087 46
8210 23
9764 61
6373 83
2647 75
292 65
9471 40
8438 96
6935 39
3364 52
7035 56
824 39
8396 90
9629 29
4581 42
945 50
4353 63
9461 77
8601 10
6556 100
5676 74
9359 4
6104 12
5400 98
9420 40
3694 42
8471 95
1217 59
498 26
5532 61
724 63
3653 3
8984 74
6710 54
9625 31
7537 69
5362 85
4270 60
6607 75
7707 52
7007 90
9144 26
8414 43
8545 62
5829 93
7286 69
4585 39
8415 57
6733 69
5575 14
7581 96
3236 72
2831 93
3635 30
2550 49
409 52
4645 26
6628 9
7130 82
554 4
5408 7
3074 48
1787 54
6605 21
1644 48
438 41
7679 1
8826 38
2276 52
3059 82
9058 29
2302 54
3453 50
1203 44
1149 14
4210 97
294 7
1511 42
805 8
9256 94
1285 22
8760 53
7311 20
899 13
8577 60
6345 41
577 32
7027 96
2239 66
2420 36
2750 26
2752 62
2197 67
9563 67
8289 47
6961 32
1385 21
2027 51
6392 91
6352 24
6417 61
4247 100
1310 82
7519 62
7064 64
3168 59
979 97
8227 58
6845 2
6941 67
9034 23
3986 30
6115 90
3257 99
669 96
9763 78
7958 97
7082 42
1802 44
6024 86
7266 91
7894 14
7632 51
7696 58
6495 10
2017 61
1016 26
5340 56
299 62
6990 74
6489 84
3346 97
3486 70
84 47
6901 65
4599 66
481 47
4074 39
5036 98
6206 86
4741 94
9468 92
9591 25
4240 3
3087 76
6418 84
6099 6
5302 53
9559 14
7875 59
6199 59
9174 28
739 45
579 24
9493 73
1463 30
1137 41
4743 13
5091 100
6925 12
6944 40
7901 100
4547 14
6940 41
8870 68
1198 94
1097 67
4292 67
8334 44
1572 74
7647 14
6094 64
5006 15
9850 44
6603 89
1291 21
8957 77
9261 43
3159 19
1079 31
5051 18
7736 32
7229 13
4563 7
5870 70
2084 100
8382 82
4407 20
9616 70
4099 50
3701 22
8216 31
9362 99
1533 95
3312 10
8336 65
9677 67
8284 97
6359 6
6893 50
8804 5
9509 22
3569 53
987 97
5057 23
40 77
7861 51
601 37
7536 80
2707 73
645 26
6552 29
182 31
594 52
2654 39
8696 90
2902 66
4721 78
5496 70
7535 90
8363 93
7422 98
5045 23
190 26
2238 57
3373 69
3806 44
255 83
5928 13
2019 13
7046 97
1758 47
6996 29
7585 36
4049 73
4369 94
5751 64
1425 94
4944 33
7775 5
7189 69
5714 64
4302 13
2975 20
263 9
4316 19
8048 44
5152 42
1293 94
7113 43
6007 40
7302 90
4265 87
7812 23
1737 10
1602 86
204 63
3757 60
5024 37
9974 4
3986 18
6986 29
1245 57
6838 93
6599 35
7644 88
8473 69
5158 23
4957 16
2840 71
9003 42
4667 14
9559 31
3947 44
6961 35
512 90
496 59
6923 41
8421 49
7164 56
3124 67
4045 52
8739 10
2058 95
2777 65
2859 63
3752 93
5271 49
2714 42
2735 73
476 46
9165 47
1319 61
3472 12
2568 49
9996 43
400 77
4613 8
7569 66
8030 53
6970 16
2975 60
2090 69
4984 41
3207 47
2529 35
1474 41
2286 11
2237 18
3395 38
9182 69
4251 17
6616 9
4711 84
5082 99
5545 98
7151 66
9149 77
1789 32
1559 15
8637 9
2411 7
4506 49
1705 38
3815 12
3538 82
4694 51
6744 99
4260 11
7998 81
3805 6
1489 6
5229 88
5086 84
2448 20
1291 26
2860 90
2166 73
3322 21
6040 79
9070 99
6290 33
5335 1
2764 22
9536 77
7721 33
6347 83
1168 62
934 37
7429 13
4537 9
1232 100
3699 88
6199 82
6067 18
3292 71
6796 62
3188 50
7115 76
6273 89
2113 3
3881 74
4418 62
8323 26
519 61
6439 15
7107 70
6170 75
6393 32
8547 73
9542 30
6217 76
7525 69
1744 5
5955 5
5594 41
107 47
8879 74
3865 5
95 76
3915 6
8078 39
300 82
1027 64
3238 14
7157 25
7952 67
42 91
9666 57
2773 85
6800 6
887 67
9272 33
3333 55
3437 37
3107 10
5030 16
6755 61
3450 76
8727 97
1994 85
5424 43
3141 28
48 93
7945 95
915 4
6232 64
4094 65
454 51
1222 27
9218 8
8650 4
6877 60
1477 83
2581 94
427 16
9222 76
5141 53
9573 47
6248 73
1108 24
9253 6
6229 70
4643 48
727 56
4400 15
9463 85
667 7
3980 96
2789 93
710 44
5690 94
7007 48
1140 43
8973 85
9407 34
6790 65
4206 8
1656 36
1954 42
4938 24
9597 60
2966 13
1049 86
713 1
8258 28
1770 49
4167 15
8316 74
202 10
3511 49
7386 21
3138 12
1133 44
1923 23
4768 82
7321 11
9581 100
4051 54
798 27
6967 99
4919 82
4352 69
3642 67
3956 72
2305 48
2757 34
4946 54
4208 33
5243 86
3429 4
5520 46
389 24
502 38
7602 74
9218 36
6949 70
197 16
8418 75
6373 68
2806 43
907 41
7270 80
8996 7
2277 94
7387 4
8822 83
9280 85
1594 82
414 73
1969 98
1685 40
3347 26
5642 83
4277 69
864 5
3595 84
5020 38
772 37
8205 100
3699 40
4396 83
8865 24
7004 24
8310 68
4965 3
8736 26
8803 47
2605 90
5050 62
829 4
6602 73
9779 26
8795 31
9117 16
6766 87
1806 29
9329 88
7778 10
7926 49
6138 31
6465 75