0.7778889 0.999
4.4124965 7.1171993
5.4276539 7.6597779
6.6196557 9.1712513
3.7857451 7.0774408
3.6688973 9.54291
3.6707685 9.9238654
2.8852825 8.4638802
3.2329974 9.8793576
6.0177555 8.4314294
6.6846892 8.8296617
5.0769201 7.020172
7.1307841 9.0892157
2.3422639 9.5599339
6.3423124 9.6837911
3.9432089 7.8530753
2.6406631 8.6605735
3.6703823 8.5931163
3.7133746 7.8112268
5.0066348 9.484406
6.8560274 8.512306
4.4460878 7.5364874
4.7621642 7.3534596
2.5607251 8.4569878
5.1339412 8.915731
5.598818 9.2746694
4.9507612 7.9500449
4.7065412 9.1600475
5.2530737 7.0309694
1.9727521 9.4660608
3.6570339 9.4774554
3.7292699 8.2339239
2.9617768 9.2904412
2.4168834 8.4652616
6.2003952 9.4482169
2.0427647 8.6446002
3.4276402 9.6600307
6.3372224 9.1112134
3.983924 7.5557514
2.6228377 9.0470511
7.1554758 8.9011937
1.8585617 9.3601568
6.6936551 8.5523934
4.0616406 7.7087396
4.0989391 9.6418735
3.1493701 8.4735355
3.5878022 8.1584965
5.1457554 8.6194244
1.6746488 9.4130494
4.737191 8.9416342
5.4969236 8.4247961
3.6888706 8.7952505
1.9413875 9.5364645
5.4035293 8.383336
2.1394461 8.3180571
2.3531215 8.9360965
4.1536999 8.3300287
5.7826341 7.6197979
4.6793016 9.3867803
6.5543444 9.1277336
4.2141784 7.1721249
4.1920277 7.1324575
5.4611331 8.227923
3.3661106 7.5005812
3.7103752 8.2673441
3.543411 7.8181405
4.9445026 7.995046
6.6477931 9.1005015
3.5626422 7.3165379
6.54483 9.7905673
4.193717 9.8739602
3.3575817 9.3174389
2.3326512 8.3664322
3.0103887 9.3288724
6.8512769 9.3870318
6.9596528 9.6446712
6.601005 8.53196
4.9930554 7.0278805
2.239404 8.5120559
6.7386494 9.9456351
2.9391788 9.906146
2.6007678 9.7034211
2.6854364 8.4070181
4.379087 9.3575527
2.9635585 9.8277759
4.9719784 8.9251267
3.255475 8.4079706
6.0998697 8.5449798
3.3423741 8.5073161
6.1318741 7.655969
4.1886479 7.3064358
3.2471584 9.5003239
6.0021096 9.4596889
2.0707518 8.7866164
2.7234425 8.8261592
1.6901312 9.6965712
4.6862725 9.2489098
3.6014791 9.0664098
2.7608868 7.6543804
3.4819694 8.2371376
5.6257685 7.2103151
5.8122626 9.9337761
5.3928584 8.0326825
6.589056 8.4227026
2.2907701 8.3120948
4.2851719 8.0619887
6.3071014 9.0030499
4.5410014 9.4831262
4.7283566 8.6777227
2.8618288 8.5879577
3.3444535 8.0629441
6.9886871 8.5677484
5.7292996 8.5912557
3.3168605 7.8542111
7.4313029 9.8152962
6.7016788 8.1706912
2.4022573 9.2702643
2.3428226 9.7255244
5.8003403 9.6305518
3.6153902 8.8029091
2.9795838 8.0476384
3.7669749 9.073588
5.7622491 9.5075221
5.9650998 8.2385646
6.87003 9.4466454
5.5566038 9.1953513
5.8625684 7.3780985
6.1717291 8.3147462
3.8346883 7.3348752
5.4400308 7.7185862
2.8347865 8.0117927
1.98228 9.6807467
4.7400734 9.3960052
7.0535422 8.8640576
2.9041028 8.3287234
5.3530235 7.0239174
5.0903814 7.2641562
5.5303849 7.6343559
4.9682557 9.9133041
6.1647628 8.5098892
6.8331511 8.7972363
5.1225819 7.1388213
1.7196509 9.0638942
3.6780897 7.7782792
3.5643789 7.4356376
5.3635432 8.653086
4.9968151 9.5934636
4.590104 8.2737797
3.1340999 9.081068
5.3391177 7.7857783
2.6991303 8.1242523
2.4258105 9.9372922
5.9453234 9.2716473
5.6528029 7.3630931
3.3269633 8.2804252
4.3032195 7.5876046
4.4795528 9.5703206
4.4517702 8.2534925
5.4706659 7.4742851
4.2019164 8.1626874
2.3255932 8.325198
4.4560614 7.7634434
6.279515 8.9185558
5.4346033 8.034575
2.8857628 8.8564779
3.0044573 8.6211888
5.2359214 8.4508153
5.3559954 9.7860171
6.9011012 9.6740951
3.2993235 9.6879028
3.9580722 8.370742
2.7862241 8.4367746
6.6144098 8.9154307
5.4840277 8.2975748
2.6845692 8.7261913
3.7982219 9.3216582
5.2569858 9.2448602
2.95116 7.6210705
5.6933954 9.7603295
6.3835579 9.6430784
3.5310003 9.9512309
3.3801299 9.7134826
4.311518 8.9544294
6.2609191 8.8831093
3.3599704 9.1169417
4.5111781 8.5625058
5.4795129 9.1552447
6.6290933 9.3928017
3.5304486 8.7347337
2.1772095 9.974537
2.204494 9.4319861
2.3337277 9.9041619
2.7098966 8.6819066
2.3482551 9.9465008
2.3787177 8.6104426
4.8340325 9.8786565
5.7388095 8.3860541
4.8013221 9.571373
2.5222832 8.0514229
4.3563579 8.3856663
3.3966187 7.1976885
3.0658402 9.1254675
3.8957721 9.2095621
6.66456597	6.35221513
4.68984083	0.57905232
4.50220933	2.69878891
5.3355491	5.34688049
5.1996256 8.7744095
3.2379004 9.9800298
5.4513249 7.8572434
3.3197475 7.8048517
6.1188449 9.7902664
2.553412 9.5997639
5.7756588 8.8612414
2.7840905 9.9947874
5.3045216 9.8816177
6.5983046 8.4363478
2.2732863 9.4777673
2.4159157 8.1257039
4.395818 7.7307309
4.9205081 9.295546
5.532583 8.717684
4.6791436 7.7349907
4.4086181 8.6701935
2.0055727 8.8462818
4.8106607 9.7397055
6.9662581 8.6985272
4.5493511 7.2186926
4.7741317 7.1226063
3.9727943 8.8048764
4.6589131 8.3377357
3.4595898 9.5925575
1.9630987 9.9300907
4.270363 9.5981428
5.6150628 7.7463947
6.8303771 8.7890661
5.5621553 9.336636
2.4272622 9.7629377
3.0835667 7.352326
6.6996142 8.1816626
5.0698182 8.3790856
4.161451 7.1979486
4.1090736 7.7732946
2.3789643 9.1890506
2.387944 9.5816981
3.3796952 9.3110094
5.5068564 7.6164335
3.9351744 7.8142206
6.0438088 8.7120701
6.5684645 9.4137775
6.7131784 8.7419386
1.6481289 9.7752807
5.6497981 7.7020799
6.3814135 9.1864016
3.6386194 8.231467
4.8328917 9.3442335
4.8864731 9.1606184
3.4193605 9.1218304
3.0710573 9.9423071
3.9959627 9.9312693
5.1234848 7.9300949
5.3087968 7.9646039
4.5066609 9.7047024
4.1236866 9.2230616
5.0921603 8.5543621
5.2903299 9.119404
2.8728044 9.7298915
7.1921577 9.4162614
6.0131657 7.8738698
6.9415255 9.4002699
4.574 9.899
4.5292585 7.108861
6.6099373 9.9233917
2.3336883 9.4905825
3.238357 9.4254347
4.7075172 7.6336287
3.2890243 8.8643017
4.7051882 7.6184214
2.2800554 9.0117324
4.3095586 9.5259841
4.7628457 7.605186
6.8843901 9.2170996
2.0333678 8.9091316
3.3678954 8.3580882
6.3341659 9.1888208
3.206404 9.6679815
6.2576033 8.3517183
3.8368503 8.7365703
7.4829986 9.7414036
3.1535721 8.9843023
7.0238898 9.2023534
2.9558819 7.4680234
2.4529057 9.473905
3.7908421 7.5424472
5.355173 7.4156501
3.9377464 7.3383888
4.1062633 9.42702
4.7823064 9.1843882
6.4428187 8.6121623
2.5719975 7.9318636
3.2386941 9.3275647
7.4648904 9.2512209
6.6217717 7.8571947
2.3881649 8.1841846
4.9300986 7.9502896
4.519143 9.1678478
4.3299755 9.5277092
3.8746228 7.8708327
5.0408483 7.1460012
2.661339 7.757936
2.8100968 7.5577712
2.1972706 8.7604565
2.6548072 9.4666541
4.8793117 8.11844
5.1470912 7.4388397
6.8114887 9.6773259
5.6272022 9.6691086
4.4615515 9.1543955
2.2128954 9.0349155
4.1747339 7.5498595
3.1189784 8.845469
2.6276521 8.1922193
7.1214911 9.016467
2.5532478 8.5070982
4.4733556 7.6470127
4.9164331 7.6244326
5.857146 8.9388193
3.0619277 7.422349
4.5164573 9.2022589
5.004844 9.8032182
3.6428642 9.8755509
3.2859465 7.5625102
4.522056 7.3402762
3.5383048 7.6937436
6.3639324 9.5184027
3.5600972 9.5836912
5.8694153 7.731812
4.5295932 7.5893756
6.7607552 9.445794
2.2072622 8.3178416
2.856262 8.8274971
2.9540035 8.0316049
1.6453361 9.3127423
6.5022874 8.0941925
6.0069425 7.5948475
2.6993803 8.8933082
3.32242 7.5485465
5.0058153 7.6906508
5.6472912 8.336578
5.9838085 9.5721566
5.5116536 9.1712635
5.0500316 9.6852691
2.5074251 9.0413617
5.3156684 7.6757717
2.0661236 8.9236364
5.7253029 8.6962963
5.4787635 9.4532101
6.3443389 9.7368562
3.1692783 7.7078212
7.2163812 9.477726
5.0661145 9.9372728
6.0812619 8.3371029
2.563026 9.5862225
4.8827614 8.8983362
5.6492079 8.0453728
4.7448886 8.9241573
5.0225552 7.8302831
5.4718093 9.9483739
7.1864962 9.9299526
5.4062291 7.7034742
3.7991089 8.7509649
5.3278891 7.5294855
4.0579844 9.7911338
3.3515971 9.5772012
4.9160931 9.779848
3.5200517 9.1741256
5.7827022 8.6790677
6.7332571 9.1204457
3.3168433 8.5510493
5.3582048 9.8585346
3.0953866 8.6488717
5.9549514 8.322516
3.2567103 9.8348022
4.0979393 9.561707
4.5406308 8.2489794
6.3816547 8.9603215
4.1945499 7.8163139
4.9320543 7.0750999
4.9560936 8.0413629
2.5828896 8.5067502
6.0262591 7.7619792
5.8546759 9.0178102
3.8065258 7.9696729
4.7353419 7.6119266
6.7177315 8.2375644
3.8315386 8.1059655
2.6321915 7.7078905
5.4012432 9.7758754
6.4852085 7.8873175
2.7107618 8.8567901
6.3606988 8.2141901
7.2245101 8.5215742
7.0279032 8.513409
7.445038 9.9860185
4.3663448 8.2939989
4.664648 9.6241552
4.3786985 7.0875677
3.9990268 7.5717418
5.8173567 8.8397414
6.1564904 7.8612279
4.0241904 8.8183526
2.8726494 8.6004167
5.2478168 8.59209
5.768579 7.4300378
5.6832783 8.1234157
6.629447 9.8900268
6.1578722 9.9203741
4.672144 7.6379308
6.2241926 8.6276498
6.9853915 9.9580754
2.553762 9.7179464
7.1835666 8.7772875
5.1194711 7.1248964
5.5304739 8.1303621
4.4034743 7.6484669
4.2808955 7.8448132
5.4218189 8.9816578
5.2599125 7.7884134
4.2114033 8.4779945
2.421987 9.2310288
4.8818898 9.2450069
3.0444094 9.5632682
2.2032349 9.4578406
6.1408206 7.8089582
5.0168618 8.5555826
6.8368542 9.8507548
7.0953829 9.1688195
4.7645069 8.6101241
6.7227705 8.1802163
5.6483017 9.8914427
7.244201 9.7723046
2.9898225 8.806881
6.0148954 9.9520207
5.94481 7.6785016
5.2841474 7.5377703
2.5328444 9.3337829
6.5697488 8.0604255
2.1984482 8.1501218
2.2711203 9.3126138
3.1340179 8.0787005
6.3162324 8.068979
3.507464 9.1267453
6.7753626 9.729689
5.2852969 9.4403518
2.9153332 9.0907798
2.6158028 8.5569657
4.24522 7.2445955
3.0577369 7.5493081
4.7761748 7.2077943
3.8798768 7.9135471
3.3759875 9.8400643
5.6814436 7.4030383
6.576055 9.6066835
4.9208088 9.1467907
3.8425835 7.8416784
2.5726725 8.300877
4.3066989 8.5569045
5.3140504 8.2941004
2.5586428 9.1562969
3.9718401 9.2384299
4.7481435 8.3620134
5.5239805 9.0512033
6.8358026 9.4793504
2.289888 9.4336451
9.064 2.883
8.8652675 3.0897012
9.5324885 4.249782
6.9962347 3.6010142
8.3469441 5.4268426
9.1114909 1.8842045
8.0587661 0.9445154
9.8918181 5.0542327
6.8914659 2.4521635
6.1716225 2.1061075
7.4501342 3.8725378
9.0315777 0.5469492
8.904299 3.5999564
8.4810038 4.1031313
9.1516467 0.5064253
8.6762707 4.2397251
7.9219371 4.6631852
7.3412784 1.9624621
8.3134176 1.8115311
6.8032061 4.7024097
6.9118235 2.1227519
9.0100714 2.4772724
8.9777028 1.7273126
6.3617743 2.4060228
8.676535 3.5518474
8.9721188 0.8941265
9.2993149 0.379562
6.3687246 4.1413791
9.6350138 4.5169846
8.9888003 1.7561918
9.2481292 5.2348651
8.2697111 3.4431006
9.3847952 0.5192526
9.2818261 3.463716
7.5247198 2.6493845
9.8436731 2.5144397
9.19839 1.0700719
8.437815 0.4930335
9.4835054 3.7016071
9.0187008 5.1807113
7.829092 5.3959384
8.0307645 0.5806981
9.5520625 1.2503648
9.3370276 0.3066566
8.7538849 4.7323641
6.9302611 1.2125185
7.9806425 3.5717349
7.1311997 2.7424749
8.2259786 1.5603481
7.020119 3.8776208
7.5786642 1.5298077
7.7345148 1.2013679
9.4409427 3.5179704
6.6243936 4.3387148
7.6385212 4.0144695
7.6573666 0.4034941
7.3691034 3.9891301
7.6041155 0.5248247
7.9073717 1.0853142
7.4754762 4.2751337
8.0273421 3.2535028
8.8308355 4.9780597
9.0861822 3.9709874
7.2661439 0.6996681
8.2753503 3.2453691
8.4692885 0.7831441
7.1648549 1.9943563
9.6337014 1.0288334
7.0592795 1.9854465
6.254017 3.034647
9.5857238 5.5817987
9.7522172 0.4285533
6.2969851 1.9728611
9.8844756 5.2941797
7.8329634 1.0879449
8.3654147 4.4018598
9.4851179 2.2206158
9.5581049 2.2728022
7.2115441 0.5609967
7.846905 1.5173867
6.7698046 3.0428271
6.5668698 1.3962601
8.7600003 5.6592861
9.6306417 2.5552745
9.504583 5.2808053
8.8918876 4.6589621
9.8595047 3.8095577
9.9606923 3.5422493
9.648927 0.2873864
6.8834727 2.3310102
7.0927467 1.5094821
7.2314057 4.4056687
7.1197108 1.6226776
6.5331343 2.481197
7.3535892 2.1947139
7.8621852 5.218292
8.1495731 3.2128962
6.8327527 1.2501044
9.3865196 1.3745859
6.8258399 3.0830797
9.0443457 4.7982542
6.8090752 3.6559169
8.4140257 3.0742746
9.0017346 4.7735665
8.7038999 5.7854063
9.5398801 5.2558687
8.7597618 3.414124
9.482439 5.1199716
7.4673504 2.5965936
8.5557712 1.2864486
9.8885924 3.08596
9.6242068 4.3361404
9.0647628 1.4574298
7.2360189 1.9675979
7.7077067 2.9409214
9.1951599 2.5933771
8.3895726 3.9239665
8.5703935 5.600543
8.9381049 2.2069914
7.3408001 0.9548986
7.410755 3.7374355
6.8857583 1.2658768
8.4526179 3.2735897
6.5150556 2.5620915
7.8278942 4.7874218
9.993579 2.087547
9.5795692 0.9567065
7.9999091 0.4354653
9.7139095 4.2065485
8.4311155 5.3757666
6.8054588 3.766631
8.4485243 4.6864275
9.0520215 3.071648
6.3380316 2.6301353
7.2517497 4.8673107
8.1294812 3.8696704
8.6304168 1.6717302
8.0428309 0.9420165
8.0293694 3.4499604
9.3505339 3.3345611
9.2166578 1.5370671
9.3626854 2.6464636
9.8072554 1.8041139
8.6327159 4.608635
7.2815759 2.5064308
6.367802 3.2983424
6.6121664 1.2379137
6.7742718 2.5468786
6.1405873 2.657462
7.4949215 1.6649037
8.0429066 4.4400426
6.6837304 2.7526882
6.9727931 3.3133361
6.2995956 2.8855144
9.6426262 0.4539615
7.1159285 1.899594
8.7279398 4.9334077
7.9504954 5.4248037
9.8339713 3.2526043
7.9311959 4.2524863
9.331428 5.4419566
8.3661134 4.6768919
7.2840194 3.8079035
8.4877123 2.7480766
8.0464999 2.5527845
9.0289514 4.0486723
9.2331227 1.7283933
7.9086537 0.1895857
7.3255314 1.9741814
9.2036348 3.1509213
8.765553 1.8057874
6.5303334 2.9276573
9.1021818 1.0677984
7.9157065 1.5662635
7.9552025 1.0847432
9.4105224 1.9543242
8.6815887 3.6472058
9.9131264 2.1378092
9.0849695 4.2240738
9.9953192 1.4964974
9.7091635 1.6935862
7.862106 0.9411165
7.9372492 3.7925023
8.7945348 2.7426442
8.9781449 0.2953933
8.2049867 1.1903885
8.908976 2.481865
8.2781442 5.2253964
6.5501177 1.8236951
9.6401212 4.2722841
9.4601529 3.9132663
8.0616033 5.0434426
8.158532 4.9508053
6.2046856 3.7763084
6.6943768 4.4816932
7.2894006 4.5015461
8.6891768 4.8701195
7.6957617 1.2400777
7.4696698 5.2988827
9.5202963 1.9618209
7.4579892 2.8404953
6.9982825 1.2069918
9.3944354 4.7821722
8.9618338 1.6290266
7.6446002 1.0876966
9.0395239 3.6836429
7.969691 5.2034041
9.9481026 1.6119036
9.3477109 3.1207213
7.8355959 2.3712471
9.3584716 0.316485
9.0699218 4.7481025
7.6264064 3.0761642
7.9975057 3.280281
8.7945193 4.5898288
7.5171643 1.6510548
8.415449 2.5931338
9.9097934 4.4150454
6.6011224 3.7251618
8.8547943 4.9529898
7.6900085 4.8326296
8.0865281 4.8510444
8.6563456 1.8865497
6.696276 3.4983699
8.0286513 3.5588791
8.3339477 0.7244021
7.0737793 3.1623392
7.9415778 3.5614118
8.2473924 3.0175575
7.9529004 4.0434849
7.3594866 4.0805573
7.778248 3.7308045
8.4744494 2.2101791
6.6870197 4.0412747
7.1060532 3.1372464
6.8860608 3.9914447
8.716439 2.9750391
9.1595142 2.2283638
7.9040124 3.7604492
8.3434326 3.0070668
9.8087294 1.265033
9.0480436 0.626367
8.6076569 5.7351483
9.9680555 4.0857406
6.6340903 3.4080798
7.2441994 3.6843122
7.7300619 1.9886498
9.4757429 0.8331276
8.4853287 4.4104394
8.3510381 1.0481488
9.6388508 1.7820011
8.1600574 3.7619901
8.0291909 2.9341372
6.8770426 4.1590212
8.7340675 2.6683715
9.0304941 4.4726542
9.9261143 4.1069412
7.1941339 5.110288
9.1842416 5.3220514
9.3611626 2.3649098
9.4009645 3.8842075
9.186198 0.4615091
8.373908 2.6518638
6.4680693 3.8230133
8.5219509 1.5308001
7.1469828 4.7523549
6.2236788 2.4131454
9.7371961 4.7473655
7.0802273 3.0340131
9.5468656 4.4893305
6.8326382 4.5655435
7.3323297 2.1577614
7.8287242 2.2070851
8.7798758 1.7354858
9.3821479 4.1315856
7.969877 1.7723467
6.7828906 3.9440397
6.772047 2.52875
7.0629414 1.9681405
8.6217944 1.6415717
9.0169214 3.6533365
8.585958 3.1015913
6.8363703 2.8319955
9.0098725 4.217317
8.4439953 4.2005827
9.0665766 1.0032305
9.4743877 4.6301474
6.3155458 2.0410779
9.4359321 1.6589758
8.0790803 0.603133
7.1653353 3.4469571
8.3639279 4.2237464
7.621078 2.8357144
8.267011 0.6831366
7.3326494 2.3064798
8.0839002 1.4598988
7.1919055 4.0510827
9.3610083 2.4129803
6.4030502 4.1236446
6.449986 2.004586
7.6171294 4.7335878
7.0417727 4.1037357
8.0295393 0.5107886
8.8800509 4.202088
9.2598121 0.8243841
8.9742717 3.9989184
7.7239986 2.2197728
9.3059566 3.7926059
7.7222201 1.1780745
9.4676478 5.5939635
8.5422074 3.5961858
7.1305166 1.8506305
9.1014508 2.4270202
7.7727036 3.9456868
9.6452938 5.1748233
7.9020683 4.8046775
7.7534175 3.2840997
8.6640003 5.0087235
8.9292432 4.402646
9.5720641 2.0466101
8.3332307 3.6635152
9.5670801 0.9905443
8.3405008 0.7458775
7.6180041 0.809978
8.8241321 5.3499209
9.8777312 4.9600271
8.4140653 3.3118542
9.2273644 5.2806788
9.5332353 0.2298837
9.9910606 4.9875431
8.6295232 2.9639717
9.8515629 2.9615424
7.9415054 2.3412132
7.7030394 3.2201548
8.0113217 3.4315999
8.0863115 5.5746701
7.3690496 0.5209193
7.0501087 4.3660188
8.2466706 3.4325103
7.1401004 3.9114887
8.8812358 5.4920472
9.7556878 5.2839153
9.3682183 2.1060061
6.8256584 4.4229959
7.535098 2.1697751
9.0388298 5.1830229
9.928192 1.2609557
7.203427 3.193542
8.0416735 1.7928365
9.4058542 1.9038311
7.2833075 4.1758659
7.7484238 4.8895629
7.8429506 2.7737416
9.4648276 0.5097292
7.79148 2.1735067
8.5164117 3.3329664
7.6348294 4.6595069
7.9218433 0.951923
7.9287857 5.255005
8.138382 5.620499
8.7195356 3.5729766
9.4086994 1.6854208
9.9087742 3.8667262
9.4145812 3.4447488
7.2614185 2.5527243
7.1522843 1.9726422
7.5562088 3.9038278
6.2723915 2.444291
7.9951291 1.4666917
9.5506604 1.6873935
9.6275061 1.5142717
8.5450004 0.2266563
8.8501609 5.3145732
7.0663254 4.3864628
9.5901969 5.6677839
9.3631316 5.3084814
7.5178406 2.3899862
9.7352332 1.819736
6.8337133 4.374769
7.4230348 3.8907878
9.5176875 2.3851029
9.3959465 0.6238668
8.2041711 2.5624557
6.5383962 3.6048594
9.8092429 2.1953648
6.9334753 3.4740957
8.0124211 0.4298182
7.712015 3.3655452
9.5834566 2.1595192
9.3793966 0.5348552
9.6265908 5.3486789
6.9996842 1.7487238
9.3017357 2.1064726
6.9343146 2.4166485
8.1171397 3.664051
7.6235447 3.5676469
8.8979443 4.6508574
9.5459946 0.5896987
7.9844924 3.9345581
7.772738 5.0633142
8.107405 4.3287791
6.5473081 4.3252954
9.2805798 0.7970083
6.9946267 1.4137245
7.6829769 1.0433802
6.6139169 2.703781
8.3415841 4.2226633
8.0334911 5.5581629
9.0265737 0.7180083
9.6025845 1.0063145
7.8467972 1.2831671
8.6849337 5.2895736
6.7065242 1.4488373
8.8122732 4.1776484
6.5534423 1.8499865
7.3900849 1.7853829
9.9151072 0.4335433
9.3580633 5.6903547
8.2001484 0.8996368
8.6576236 0.104729
8.4241629 2.6624886
6.9064328 4.0554193
7.3148505 3.4572327
8.1494606 3.4873523
7.4733556 2.6117482
6.3288915 3.4874108
8.2945141 4.4025951
8.7488049 1.0015111
7.7733771 4.0026642
6.4393493 2.2135532
6.1207336 3.1410688
9.8344861 5.2989696
8.307082 5.5087647
9.761251 3.4140817
6.9755821 3.5505908
7.4821231 3.7648198
8.3312355 2.5862811
7.5574054 4.0482244
6.1075567 2.9681293
9.4727369 4.3587112
7.6805781 2.7967031
6.5653605 2.3735768
8.2127453 0.8390107
8.4899817 4.2910957
6.8066957 4.3590084
8.5473668 1.3811131
9.5402945 5.1649988
8.0362019 2.545745
8.1928547 3.5694471
6.6893714 1.8345133
8.6105928 4.8821169
8.6991523 2.2701418
8.6381482 5.3003675
7.6875161 2.0101877
9.7206621 1.3731023
8.9444817 3.8734208
9.497444 4.4048147
8.7795678 4.7977306
8.4144733 1.4436111
9.2820508 0.6721597
9.678534 4.1871888
6.6361615 1.9591597
6.8923986 1.5594547
8.4610985 0.6132753
8.0112989 2.5870349
8.1029163 1.5314021
9.9556522 5.4886874
8.2117362 0.7538381
9.9189501 3.2669124
8.9736702 4.28829
9.8032182 4.7811813
9.6955823 1.0052302
9.4457774 0.5968176
7.4923351 2.5912306
9.7595148 3.7346901
0.667 3.864
2.7741017 5.7798226
2.0344256 5.8374618
2.6377137 3.3082114
1.5839157 4.5716372
3.1955314 3.9600111
0.798056 5.393303
1.3492894 1.7785844
0.9897453 5.6499375
1.9313224 3.4532794
0.6550731 6.4478951
1.221329 3.0428903
0.8524825 1.160734
0.0430289 5.7461239
0.3820551 1.2043191
1.7002869 4.3375644
0.0314651 1.8201578
1.4274249 6.6009949
0.183915 3.0573597
0.0591014 6.2555704
1.0049518 3.8562517
0.8842554 1.6000704
0.1192793 2.3021039
3.3336065 4.4923977
0.1995422 6.559842
2.3702947 4.1671194
1.9315035 3.114263
1.3858268 5.2140342
2.0894446 3.9794966
1.6902894 4.2432021
1.5831254 1.6418108
2.3072996 5.3095153
0.8800645 3.3704361
0.4375946 5.8482664
2.1763933 2.9291552
1.3707436 3.0158725
1.1304117 5.8754411
3.592058 3.2904572
1.6348194 3.9344608
3.1792334 4.1629069
0.86841 3.2398794
2.2042235 2.5222449
3.4350755 3.4774177
0.5205047 4.4195443
3.3297569 4.7368013
0.582469 5.5454184
1.9716429 1.4106721
1.0853177 3.4676108
0.5273229 2.7906026
3.4255332 3.3013281
2.3727846 3.2055716
0.6971422 4.8146425
1.2688105 2.9972255
0.0845951 1.6482543
0.3549975 1.9873734
0.2652234 3.5616225
0.1710235 2.3281474
1.6216932 3.6840297
3.4664151 4.0736118
2.2461755 2.470282
0.6950597 3.8525229
2.4239321 4.4417301
0.8342565 4.8929368
1.4273332 1.2813612
1.1604295 2.255797
0.8664736 3.1912561
0.4489585 1.0464502
3.062438 5.5846764
2.2739485 1.9479405
2.5902337 3.1692556
0.7256273 3.32746
0.5338072 2.4712948
1.0886572 5.0348345
1.3487194 1.6185136
0.0268943 2.0311716
1.6336759 5.2005502
0.6023349 4.2933636
1.0693566 4.9189583
1.608442 1.1475666
2.5089345 4.412158
2.7555091 2.4986776
1.7097107 2.5371463
0.1869709 3.4239567
2.7601547 1.9791355
0.6343439 2.4642489
1.9235153 4.1803218
0.4248281 4.003961
1.7676489 3.1147899
0.757517 6.6527697
1.4610172 4.851745
1.1760466 6.4241212
0.9311187 1.5260815
2.486941 1.8369612
0.6798255 2.0192937
2.1155232 6.4098622
0.5593306 4.0734365
3.6025161 3.4724461
1.5974097 1.5393784
0.0673081 1.2227774
0.5485623 1.0490511
1.4677419 5.0524939
0.8025512 1.4534042
0.8073337 2.3315678
0.7617846 3.8006088
2.2051357 2.3341959
2.0999082 1.8182676
0.1172822 6.6289789
1.0804026 2.5358106
1.1811277 5.8595746
0.6200087 4.1752037
0.9885426 3.8179728
0.7658581 6.4297614
0.7582266 5.4050722
1.8798931 3.8664044
1.2402556 4.819037
1.5489219 2.2006453
3.1274291 2.3505883
0.3515542 4.4749376
1.6512564 3.4689634
2.2991726 3.1009457
0.5405406 2.6625482
2.0694046 3.9781261
0.1204654 2.1872166
1.5239722 4.4748903
0.1012785 1.7501747
3.5779306 3.3859282
0.5479687 4.9306969
2.0625893 4.4771333
1.5544603 4.36496
0.3075666 4.471289
3.3923886 5.1105181
1.9045074 1.7499148
2.7331166 4.0056477
3.5615858 3.605423
0.0444561 5.507695
2.485019 3.1837901
0.3917603 4.9637788
0.6844317 1.0788269
0.5436052 5.9129641
0.2431826 6.1511548
0.8693114 2.9171225
0.4448506 6.2321815
0.8236596 4.8197929
2.562203 1.5976762
2.8548838 2.2069888
0.393299 6.4637921
1.1155775 6.6769248
0.7775876 3.4059576
0.7343303 2.7185056
0.6887765 4.8485196
1.7388138 5.1841109
1.4159228 5.6216363
1.3277799 5.2430263
0.9523738 3.2283524
0.6472226 6.1516094
0.026055 2.5887693
2.4961596 5.5968702
1.5644201 4.561328
2.0896809 4.0953766
0.8866881 4.4188938
2.7389154 1.6995343
2.9764046 2.2070426
1.1149795 6.3436372
2.5575931 3.0369124
0.0203312 5.4987516
0.5572241 3.292602
1.4097273 5.574059
0.8109418 1.0042199
2.8665708 3.7509599
1.3543099 5.0063119
0.2614765 5.6070035
0.1522078 6.0021336
0.9520504 3.6340221
3.210448 3.8793105
0.8547265 4.6709546
1.3647275 3.1739083
0.4807385 2.8703289
2.8300162 3.1417621
0.1000962 1.8168929
0.9198073 1.7467052
3.3266315 4.3563152
3.0308715 4.060366
0.8074806 4.8809119
2.5622589 5.1800226
1.3795169 6.7560809
3.5851418 4.2123214
2.7941478 3.3242512
1.02105 4.2318997
1.6897571 6.3062504
3.1161196 5.2635495
3.0044356 2.6896622
1.9466135 4.8703785
1.2291938 2.1092725
0.8446063 1.2204564
3.5289904 4.1557009
1.6135745 3.5010596
0.6728161 5.0073535
0.3069839 2.2116736
0.2030885 6.2167221
0.5878038 4.4752841
2.3545307 4.1387331
0.414791 3.9959599
1.5964509 2.8906183
0.9046153 2.2413504
1.5780872 6.0868143
1.4950644 4.6886116
2.8356168 5.6559625
0.725416 6.1936817
1.3045351 0.9532832
0.0568975 5.5972703
0.1455638 4.5716029
2.7870916 2.3305299
1.4830558 1.534687
1.2060186 6.5137642
2.6581018 2.0781687
2.9697707 3.9950625
1.6286433 3.1611706
1.7370379 4.2296907
1.2377926 2.8727311
2.3308554 2.6562003
0.6582648 5.3146973
0.5422735 6.0477698
1.076966 6.7891626
2.6763167 4.7054304
0.5615572 5.6378505
3.2477201 4.8269764
1.8118996 5.3919201
2.1562298 4.2452473
0.9703507 5.6945299
0.8160604 6.1260109
1.4408426 6.7550854
2.3487551 3.7025322
1.9889407 3.3035646
2.073633 6.4704969
0.8762677 1.1373442
0.5613837 1.7384984
1.6026907 2.7683659
2.3068493 4.4518793
0.7831594 5.7568558
0.6874622 2.9866997
0.9309163 1.2101078
0.6320836 6.3054043
0.6795604 4.3512936
1.4913645 1.9012774
1.4739598 3.4505882
2.2363895 4.861324
2.7582229 5.776791
0.5887579 6.0553309
2.1070122 6.0630728
2.8646402 5.6915531
1.9589872 4.31948
0.1445984 5.940301
0.6401898 5.3807178
3.1443753 3.7841042
0.3744485 3.9214258
3.1828985 3.4349161
1.9559146 1.4622256
3.3103813 3.6042563
0.662013 6.1027973
0.8146333 4.6879445
1.9455643 5.1546573
0.5242735 1.6476702
1.2274018 5.3820558
1.7032541 4.4977285
2.066828 5.8904679
2.2444448 1.8402291
1.5415894 3.2260359
1.4270539 3.2518987
0.2686561 5.4657279
0.0551275 2.987138
2.0524697 2.9019321
1.3938533 5.8327112
0.2984654 6.1428591
2.4163821 5.2187603
2.0928748 5.8396884
3.255084 4.3810325
0.5302535 4.7938742
1.958805 3.6280839
1.7779519 4.7266122
0.9849366 3.7576583
1.5091447 5.2904491
2.1601821 3.0177919
2.2627227 4.8184103
1.7888607 5.8628078
0.8259111 5.8107375
1.0645078 4.2625673
0.4750535 3.339567
0.3221767 2.9439284
0.4818806 5.9534717
0.8579747 6.4917512
0.7418848 3.2023582
2.9856532 5.4589482
0.2637801 4.3361257
1.2890502 3.5310068
0.8936918 4.8484414
2.2898813 4.6202626
0.995196 2.4283626
0.1278861 1.7198211
1.463774 3.1000801
3.2392149 5.2479008
2.6461785 3.1666934
1.0111962 0.9353127
1.2752248 5.8457124
0.2097134 1.2034662
2.207749 3.5227451
1.509966 3.6801529
0.1221308 3.3221552
0.639173 4.856172
0.8716803 2.1294954
0.3354917 5.6842789
1.1273746 4.2165533
3.1580308 4.5544851
1.081026 3.5997533
0.5937855 3.6792328
2.2045261 1.3630556
0.149028 4.6266544
2.6626338 3.6828339
2.5210484 2.3487062
0.2563347 5.655864
0.1788785 3.4391841
1.8268949 5.8927965
0.3777966 1.3874245
1.3647899 2.3789572
2.1852357 4.5427987
3.2566576 2.6856547
0.5642198 3.0420463
3.0976446 5.5541978
0.9752484 1.1960476
2.1261202 4.7579778
0.8251559 5.6874341
1.1334204 1.3418468
1.5045083 4.476381
3.4870193 3.1699478
2.4015467 2.4914793
1.3503647 2.7070621
2.9826931 1.967234
0.6838424 5.418844
0.4642233 4.6012475
1.5366608 2.2740175
3.1651406 5.474724
2.037126 2.1501394
0.0439234 3.7792704
3.2328333 2.426023
3.6477582 4.0851303
0.4437906 3.5374951
2.8188506 3.6932835
1.3919672 2.9625967
2.20365 5.629366
0.6851749 4.5402741
1.4695995 2.4269376
0.6426104 6.5654558
1.5562677 1.4230169
0.6159357 6.862691
0.9629968 3.6464263
1.9383976 6.1731158
2.6548838 5.021536
1.9745703 3.6067334
1.4706586 6.7016611
2.7438253 4.4468012
1.2379071 2.9078061
2.3005458 5.3925927
1.7960052 5.0794567
0.0473103 6.7018987
0.0390873 4.9704761
2.4448618 1.8547336
0.0917796 1.890523
2.3798736 5.1765261
2.0188689 2.9385432
0.736728 6.8137348
0.4151722 5.9333932
1.8816169 2.8273821
1.2913363 3.6638103
2.5350064 2.7246828
0.578781 5.7050324
0.0041431 3.8252896
2.2024375 5.4928074
1.1885712 2.5344959
1.1285527 6.7796146
1.8400402 5.7672196
2.3754619 4.4866533
1.1757069 2.9096934
2.9211353 5.5917823
2.7088775 3.1941546
1.4409853 2.7557758
1.1076083 5.4532998
1.7331808 3.4393889
1.8764079 4.0063273
2.1314659 2.5641204
0.1402915 3.8018992
2.6210819 3.0978086
2.9896506 2.8221171
0.8037713 5.060344
0.9767639 6.2250522
1.484268 5.3488439
2.0151268 3.7449341
3.1883069 4.9257971
2.5346075 2.4744936
1.0354025 6.6998901
1.0242182 1.5051366
0.5343185 2.1276034
1.0232554 5.9796627
1.182214 2.533554
0.7593267 4.6018095
1.4640211 3.4169522
1.9132951 4.8214333
2.6358183 2.7607375
0.7406394 3.4524578
0.3252644 1.557792
2.3232301 1.4852503
1.4345552 6.1879842
0.5647403 4.9687969
0.4915446 5.3967355
2.7551857 5.0133776
2.8338406 3.5095202
1.767711 1.0925068
1.5616601 2.0359668
0.216444 4.0671096
1.094244 2.6103517
0.4998215 4.0963613
1.7627542 2.3097521
2.1951152 2.4650075
2.2772759 2.6662426
0.5458335 6.3642909
1.2120926 2.9706712
0.3742708 5.8197564
1.5724168 2.9151849
2.1911819 3.3787792
2.1020057 4.1656542
2.8696319 3.2146579
0.4073427 5.8901997
0.7729325 2.1330877
1.6283822 2.8661878
0.9197164 5.2607762
3.372545 4.8937799
0.1609346 5.6990073
0.3096167 6.4581837
2.3302689 3.9099448
3.3589992 3.9435657
1.4296206 5.6586667
2.7549114 1.8395679
2.8736666 5.3951179
3.386375 3.1293509
2.1250398 2.042413
1.827814 2.0533527
2.7217584 2.1751278
2.5827897 2.8282448
1.0616333 2.03792
2.4433192 5.3201458
1.994738 2.2014705
3.4913418 3.8697157
1.3156985 5.5580851
0.0680712 3.2758091
0.5072386 3.0048534
0.7710145 2.4040956
0.5186023 4.5502256
1.971798 1.582053
8.68732875 8.22665576
4.60204298 3.7612138
8.41916624 6.84755088
9.81366724 8.77806618
5.16468565 1.60938337
2.67787514 0.21166094
0.07859034 8.0321115
1.404879 6.7331738
1.4965891 2.3871554
2.3315528 3.3111952
0.4925658 1.0393557
1.8285533 1.3740329
0.1359531 4.1318562
0.9572854 3.6035349
1.7992443 6.1913016
2.3021852 5.9268788
1.8421533 5.5243786
1.5050526 1.1203792
1.044622 2.8918919
2.6582321 5.1208077
3.385767 4.9617639
