-4.588814647573742 1.661866645984617
-6.611214192440396 -3.5308600819991662
-4.145367330793578 2.1792787298384524
-4.488617991742817 1.2998821168499044
-3.599496658316901 3.9957938849356354
-5.506599662448836 0.04929103657469788
-5.417589801208482 -2.0724469958180736
-6.673488230510668 -3.751445445538792
-4.590701544322898 1.0004629186227882
-4.379919955297289 0.5703666077920733
-4.763472240728566 1.960293901816755
-4.52494438176884 1.2169532077055119
-6.901746444162605 -4.694249193364373
-4.246859404257485 2.9520437999659164
-4.505008889829973 1.034782882464434
-5.775860723951002 -2.7855490279855197
-6.332090857730473 -3.567587752709684
-3.8479845651235474 3.3764536316470326
-3.6423996093302433 3.4623886778710666
-5.993829374868836 -1.7527624485748547
-6.118203900754067 -2.7565526420912914
-6.655560723863271 -3.5735950979860345
-5.675634720886167 -2.3013268095078785
-6.414919316190879 -2.1812720581035667
-3.715473929662613 3.2398920732057146
-5.661678728639956 -1.1018336614217392
-5.787595727953358 -1.494048872241447
-4.658816645964744 0.4830246079528001
-3.5692189245033816 2.3184710783142433
-4.649688872286915 1.5388327771866517
-4.315901249415511 1.9780821921493728
-3.6650151131296713 3.9448539263423354
-5.347340990455937 0.338603025932928
-4.502125507376191 1.356466720455264
-3.3720525669850874 3.481004518327869
-4.88177393720801 0.8485006899105634
-3.194668119170439 3.802049185076689
-5.753012292949438 -1.5742137590581404
-4.425045224116534 2.1763905411117173
-3.8374084260896186 3.7143228992146673
-6.485334138100524 -2.3766499954984397
-4.476673286257288 0.983256298849859
-7.012167933735714 -3.864416218497957
-3.5011103350374 2.617127470746686
-6.493266085581955 -4.037172327888246
-5.167018911495003 0.9155640620925475
-3.62858812291823 1.946585049920687
-4.877424281789305 0.8083049498786122
-5.437302888239451 0.32333187686178844
-4.5734713686731 2.2696735091972284
-3.440254561339374 2.5579826695914116
-5.053632666685245 -0.3696857842793611
-4.940124126106308 1.0624609032142713
-5.408336317843623 -1.8420370036620815
-4.765058195259885 -0.5499493326173338
-4.5960451075294095 1.8964698558336281
-5.044670664928222 -0.635837478622184
-4.127772942908028 3.269491949501224
-4.8010264406048195 0.7940775879832687
-3.735790034741965 2.0202654376781393
-6.280752947158527 -3.5456042730312403
-3.184250813698708 4.768784630575286
-5.7568757714272865 -1.2355414555083322
-5.48212943417554 -0.7740940381613127
-5.309043814701717 0.7098435287119726
-4.885102272010265 0.08167366696146912
-3.3110273834917683 4.388690093881789
-5.618999044924562 -2.595499286222591
-5.985222548410542 -0.9343160179631302
-3.050515919912342 3.7147833877533767
-3.9191032883522965 2.089256274248698
-4.63889008389501 1.4744934247486654
-3.9126143106204667 1.9911995227812993
-6.532660428372158 -4.0823962281954405
-4.915633344375136 0.6102000500975427
-3.1842569883482854 3.918156913829675
-2.950510912517479 4.483630461481256
-4.1930786656642045 0.6518687457958816
-6.957240539071721 -4.219898493642182
-6.313437790714991 -2.838743197956071
-5.958346334199963 -2.368789349857265
-5.0946976258716195 -0.9437477750629165
-5.332400598285682 0.5241557978703025
-5.030014079694089 -0.44302384186556576
-3.5139703193953746 3.3292111043188006
-5.5874093136683625 -2.2507054233932657
-3.784575752097143 1.794660677003965
-4.810011434531227 -0.052618198981724165
-3.7977155100869116 1.8475781657619186
-5.940856010071558 -0.7444771872018872
-3.7284814304852336 3.428244605782824
-6.553598559872998 -3.816889221900598
-4.439756857361713 2.661573305944928
-6.11628458938457 -1.3115754545909157
-4.889829887709685 1.2917491487398536
-4.700555966758831 0.2851854456876333
-3.0402048625293605 4.731910877097283
-3.9878092874440325 1.1590912026338884
-3.519542567751685 2.4487011620014805
-6.416822444099324 -4.063693463476921
-6.72792408172284 -4.333846740954465
-6.363823478547632 -3.2590170686345226
-5.997174645957874 -3.017626028318734
-3.1310378075512646 4.638558985745659
-3.8979802402557144 3.58056361070307
-5.38688899156962 -1.6370598174701736
-4.768808423809332 0.015250080783333203
-3.6937194844806065 3.48140899889683
-3.64256212503548 3.37567485252074
-6.6478285038286025 -2.7378388487125416
-6.227098647743012 -3.331095979176345
-3.4571721730143965 3.58065479037618
-5.083308268642032 -1.08227727343152
-3.591954943911061 4.002290757702511
-5.480841185661101 0.3622469328640911
-4.455441336919813 0.8001930025764734
-3.6084556977191538 3.81763729263205
-4.484917996215829 1.6223397961338608
-6.2161397770485465 -2.5431024077772437
-3.264217058469593 4.687096897889218
-6.194971043926449 -3.2704257177769502
-3.3734379887928374 3.5671941349021727
-4.4230876939320645 2.4605751333986334
-3.194939577418081 4.173961826663598
-5.163725930214318 -0.09401009194888449
-5.374995332138104 -2.2047563539026607
-4.827633381946442 -0.25967097884024465
-5.0456091312321805 -1.4188990146426095
-4.1905409461762 2.839116333924518
-5.4577839476679255 -0.010597931678500094
-5.6391807846345685 -0.028717960388155023
-5.782665818479239 -1.1474973344744945
-4.923044469456126 1.5137898658717566
-3.1772853128048073 4.182717794092229
-5.955102624498101 -1.762276509556977
-3.048636506673225 3.6516359496289668
-6.318061743579206 -2.1720788615073046
-3.474337757180087 2.854255593588706
-4.324769390742708 1.1020694661920247
-6.439977290954288 -3.0986470620841766
-5.098975651506044 0.5032955541047023
-5.02550875946456 -1.2118734693248334
-4.768743585931594 1.388939336349141
-4.481058813644751 0.6337478036036011
-4.541943830364092 0.18062265556391652
-4.5372588581037 1.6304389502924523
-4.345017956624767 0.18089157999234598
-5.83373753360168 -0.6244091196489636
-5.5001797875063465 -0.593578973259909
-6.179154680697897 -3.6023887947486264
-5.520767886327265 -1.1088461155702924
-6.004596274297698 -1.9597702014157095
-5.001353878864567 -1.2058612859709918
-3.2278076912618476 3.471019316447698
-5.498457275227734 -2.0696849386975518
-5.527302347144128 -0.3648762524087612
-4.450928907267211 0.3485767095471337
-4.477108353928921 2.482578323046247
-6.4198786808926736 -2.6410231788111567
-6.970508719734451 -4.742577578486049
-3.331652761740771 2.7389649873534876
-4.645164400865354 -0.6456658886384508
-4.112997274975135 1.0836694530162843
-6.080875918152556 -1.4711127577127645
-5.6475977274389875 -1.9389418707681023
-7.050300173108294 -4.957268031212926
-7.116511760678996 -4.239481248442415
-4.061645011946272 0.8538514217062815
-5.913556769687194 -2.905962101851074
-4.758021095168384 0.1311013105282871
-4.590625133729656 0.10809610808097744
-5.561162801728425 -1.5344585842180345
-4.032123827028978 2.2937834708438043
-5.614386595288441 -0.6027281753449383
-6.106709761738273 -1.6771635461729468
-7.06445863760476 -4.396766639931986
-5.732903026600532 -1.0257696388286295
-4.379901748732704 2.3612672916617083
-3.0149619155981826 4.642359793630575
-5.7410169352199025 -1.856442921240245
-5.347133169338531 0.15368588570817054
-3.5833373864386147 2.5106048128458474
-5.938293977480231 -1.9394498765709094
-4.787500642639209 0.3656953405324538
-4.236015078319402 2.700626584495606
-5.232986091844183 -0.4091047783957374
-6.617612067703334 -3.882027218518519
-5.311417725307268 0.24792829017101414
-5.469588381540547 -0.3897815692897519
-5.942504968113945 -1.9290866346296636
-6.776091400861955 -4.664913489524808
-3.30065295875856 3.722741511148831
-4.1269455566948645 2.098211267705449
-3.225754293226923 4.285465823835107
-5.580144512738906 -0.6567050050505405
-6.609512154456684 -4.461229619307629
-3.140161598771806 3.8968268246809057
-6.731915117749432 -3.4179400865817398
-3.038623408095173 3.6296559377835456
-3.3808539608717885 3.641286965890194
-6.49853479258546 -2.9914632975978566
-3.0206854100711054 3.871430214700069
-3.305514005966924 2.799739666377133
-5.068722978734601 -0.09805412329922102
-3.7417220227011354 3.8199483171279103
-6.099172312277938 -3.239588847802573
-3.9293779215493143 3.5948124003373327
-3.1287803752478776 4.1790538342075285
-5.360333132412006 0.6503705985594467
-4.545807790912187 -0.2680431773616221
-4.59258279262252 0.17728973158348726
-4.468078021233422 0.7490861760184653
-6.062102747530611 -3.5493800647172695
-3.7877144927086004 3.349241933568039
-3.06324500237028 4.673051645599945
-5.305831689072754 -0.38636024448357276
-5.576421739991639 -0.36537697176830203
-5.194059269809448 0.23841329626191315
-4.46786065301957 2.510975377123778
-6.380520711914383 -2.2017232384678898
-5.011322969042674 0.3478738943947389
-6.457208041222907 -2.5587302060687427
-2.9874406534313898 4.5694977145903755
-4.6394376368304915 0.663371921779294
-6.695387135372789 -3.9514806286142523
-6.01460297729505 -0.961307449340213
-5.692476588987842 -1.1724237877915336
-6.539980465637228 -2.6386169141680282
-5.8368614572959086 -1.964485016016578
-6.329853711695542 -3.945959183072058
-4.385206998296415 0.8628577215123584
-4.753889664384986 1.4573964248553128
-5.1085400569914166 0.6545607579691807
-6.2310018012600885 -2.254231547466258
-6.788015035367275 -3.0520737983996455
-4.415575207980933 1.8162888611407533
-4.0014487790881255 2.794872891735904
-4.163806682873056 0.6514128261274739
-4.055048110134776 2.835621893892243
-4.37142018551557 0.3485630178401121
-6.913168236060071 -4.379094388864539
-2.908389586901639 4.0982397292216675
-3.026783370976373 4.545651847366956
-5.916241757983637 -1.2362244629869716
-4.961630405461363 -0.7879838738853615
-5.405439823688801 -0.0679692349344023
-6.979002783736874 -3.9170558235529427
-3.102454795244274 4.344431897864332
-5.5263991387052975 -1.3669763685410605
-5.562916432119977 -2.246938448806132
-6.567403609894404 -2.8176544936857804
-6.173167793306893 -3.2482938108574335
-3.6214963596552736 2.4712430081756955
-6.143022675293485 -3.652313346781243
-3.7715924268662366 2.937881832772561
-4.254928032025772 1.8523384329837467
-4.223322938870878 2.742340150753162
-5.785739850295326 -2.811951202744105
-3.746212935833601 3.955395409295505
-4.470493190926031 -0.14455453920783373
-4.071449435192716 0.8766719879804012
-4.744275819900858 1.9986769601527208
-4.079268374726709 2.7258757051572093
-5.2719550813829255 -1.3953202934881996
-6.79387964176423 -3.649227982704681
-3.709945182239929 2.1281840313970273
-6.137135751004265 -1.7434100991195813
-5.358350120032056 -0.12396005140074604
-6.765849054340536 -3.7022437699264743
-3.5324379324082122 3.9422876579411867
-5.505640745611805 -0.24562910268116217
-4.396552408569491 0.6771463232039787
-6.914031993497603 -3.4480758755203387
-5.448233659276744 -1.6872385497594566
-5.639741548114227 -0.9769253344078453
-6.762004087728192 -4.436095458912058
-4.006722057679433 2.9639035812389847
-4.069854603670992 0.7234877968213914
-5.896904428685319 -2.629850843232153
-4.004901007570243 1.2361296973645486
-5.143561468831823 -0.4231735374560136
-3.6936488430997105 1.8963150624164464
-3.0792850073389317 3.5219305228479483
-5.41905804200705 -2.120955765394123
-5.408936158870166 0.4409475960331244
-5.055483799473724 0.35581456150484114
-6.34282961202533 -3.9089305540550465
-6.426852407607516 -2.94692589813569
-5.792046354897142 -2.0590969051352084
-6.780366639903045 -4.65084858109905
-6.610574262410185 -2.9852941716916486
-5.107983550870722 0.45249631729204887
-5.380759323705894 -0.10708089101451314
-4.618741648975497 1.3640960321827904
-6.148201420173104 -1.5918778085339298
-3.138935877374583 4.0211400906709605
-5.017293005082178 -0.40934648628308984
-2.9626594055610345 4.997284983482997
-3.8923986518109057 2.763940677157622
-6.556862557553529 -4.010909043458392
-3.7212455080310836 3.815202387482835
-3.547418758856492 4.176809039806532
-4.102309759357091 0.8694267686035226
-5.57490631382184 -2.4112365301278524
-3.685038654875397 3.4102213515756565
-4.931722080204767 1.042290201802462
-4.994158676413042 1.470254292085941
-6.678357797641599 -3.9504239643260672
-3.6859920720093826 1.8200181531109616
-6.914741194625119 -4.735753137981262
-4.712229800879423 1.2315560286985536
-6.00971826889313 -2.349793848454047
-5.2840207851734515 -0.4173654676233207
-5.175612294887967 -0.9512996533141836
-4.596845093254326 0.4557519745113753
-6.634584694400466 -2.689547218509022
-5.1723396355690605 1.0947846257880247
-6.563033692189125 -3.578386117581606
-6.583033692189125 -3.578386117581606
-5.850408155935743 -2.6786695113328793
-6.697193995488601 -4.181060458909544
-4.475895930190275 0.7596068545841996
-4.397669282494546 2.4989963940159043
-5.40451086917854 0.06419212707533883
-3.469528058537204 3.9813016425160734
-4.546402982703413 2.290151052421468
-3.5005937956516786 2.840684611192509
-6.171845027135909 -2.8016612183163314
-6.257732983141591 -2.6413892799820022
-4.415953831725652 1.8393246793161269
-4.790556807728646 -0.8574037432295664
0.2576128828999884 -5.751237451508976
-0.27172004095809693 6.006882754983471
0.2949947542385105 -2.6044418851479945
-0.04463562669064741 0.33198316578296005
-0.3563570786943563 -1.9935949185332693
-0.2748809279124089 -5.490104577219197
0.16016076083974032 -3.664961489665779
0.5667642363008025 2.1246702150446777
0.31847993457860324 2.5806205062840526
0.570636272853175 0.8716121226722351
-0.5294721716618979 0.906103790972794
-0.2736888352532235 2.047271094417417
0.14081596788905254 -5.98287547899385
-0.3910516343999761 -4.459502196824443
-0.5964821094091334 -2.5821781581439263
-0.595499870099713 1.1728892345276765
-0.07577676229247382 -6.723337023163689
-0.1098614616747071 3.3937592693530876
0.49289698751992206 -0.8875006842854484
-0.3462772230758003 5.038667126008229
0.37937247177722666 5.730487866453013
-0.23481597486052672 5.705002799733811
-0.045483426732178776 -6.439156017018323
0.23012109017212964 5.318307405760018
-0.3354967840554663 -2.3134639451201076
0.4986766451138229 3.506642078594323
0.012553115121583483 -5.66488899291524
-0.2061908393714677 3.756018272276404
-0.2618055083599591 -3.9080267129957424
-0.2926461030775092 0.6472871366087612
-0.3023401606575889 4.859126103820435
-0.37878395492613426 -0.81243279205387
0.2634712660694038 -3.146152877747871
0.1436549635817678 2.99894092644401
-0.42432275356767796 4.328154699525362
0.5545391215753385 -1.7069105881885145
-0.38562175624440664 -1.3203105451489696
0.166378136589397 -4.255018257162519
-0.4189531168829298 4.9716812108803055
0.4944398966756113 -4.455732406639714
0.1043236180571381 6.242724829451585
0.3499539369893204 4.346976761179669
-0.0031883119796736266 6.513787809018247
0.4414945459266911 4.416968999926457
0.4347507221811029 3.291342595734987
-0.3548543451463942 -2.774230870568312
-0.19022872818059056 -5.756143626935797
-0.30522809172207216 -2.565308302868677
-0.26174755368539365 0.476489076125732
0.0822081824104197 -3.58306301670323
-0.1438699698109247 -0.6624002655260337
-0.17819863930541135 4.745685946195082
0.27302741677652126 -6.2161921220814795
-0.09944292368267153 -5.231963947741528
0.5406884328458514 0.2912241837596992
0.20768522711813062 6.5638584036529215
-0.33461609412714266 6.376339256078447
0.518677809171993 3.1061595606936194
0.5612516417031548 3.0419608147497477
0.4975694715579183 -4.535448471685743
0.07074711447509249 7.307783639078875
-0.29247417670517273 -3.111601688789783
-0.19797467773676045 4.393602238109791
0.11395852781223013 5.50496838855958
-0.4120983864188646 1.8484165002863058
0.6267004116346163 0.9159714093836888
0.1909254793398765 -6.496648746836845
0.06141314485399209 0.49404382451577694
0.026004829200998215 4.972513448648379
0.21852811910801967 -4.819968352897207
-0.5117950266325052 1.3260228769676825
0.5901982953273361 2.8941002394838007
0.4443034396566533 1.8587434832661274
-0.19857991409871342 2.7302251094224665
0.23343530826282718 5.992861614038795
-0.13866263694867126 -1.6681730521201108
-0.09462987113257877 -2.9778179772120947
0.5314403621107421 0.22496664539508712
0.4571730360826658 -4.294920640992081
-0.09315817005349342 -2.8390193700288298
0.2625967309479964 -0.9752741321951338
-0.03534640146738796 -0.1044315070738491
-0.29867259486368486 -4.194118120921782
-0.4750206386827649 -1.1163732048200272
-0.1050489906602339 6.125534868138734
-0.3529139981847513 -2.516859852008288
0.04433751670102959 0.6043152200051574
-0.13608373129579707 5.103793970294562
-0.05360866312404851 7.398929055833087
0.1623082019910395 -4.834015818258299
0.35374799734833046 -0.05413342105822792
0.10532865205264066 5.541155939817299
-0.17944673491612181 -6.563595705402119
0.4985184049319413 -0.16773973933575423
0.5638229189762858 -2.2621355751759733
0.24702760027417323 -3.861725853944653
-0.19054009838615513 -0.9836507916601912
-0.03467706633513129 5.584023358932139
-0.27760489126609617 3.435906497708244
-0.02081796916151983 6.5084996519912925
0.5619739670699618 -3.6237079502772818
-0.4321164496533822 5.530484475317029
0.5903778430198652 2.1695783042064063
-0.32172514016678727 1.9263624682500498
-0.5340383827652944 2.927730807179304
0.46664022894046325 -4.040916419779025
0.28139832841221746 4.303525038859254
-0.5658233314561391 -0.062442268244997004
-0.410733802258001 1.4801452523617056
-0.008939065413295153 2.8808499298776074
-0.17783100379936062 -1.4649614784615739
-0.29635549128840605 -2.723983940430096
-0.04714815762414175 4.945114652339645
-0.11134695976491527 0.7079466236933388
-0.3393584486589481 2.7380657609753585
0.4930765602985368 -1.1563457179850751
-0.5401996363534527 1.2409029551719284
0.1930476381368167 3.5131707151342013
0.37637029777801584 -3.425990155758953
-0.4858622172737797 0.22001448246185987
0.12354766015285676 -5.695119014944614
-0.4180004297261185 -3.368774366270271
0.19509033673494086 4.7785605822257695
0.5553853829337142 2.4573821134333897
0.15368930334457787 -1.7824316210429103
-0.3500319306906651 3.8276095181971113
-0.254713241463708 4.660907260040598
0.028032236710716866 1.6915511234125227
0.07854499068429689 2.570378825058077
0.2671640994854888 1.1155121562196733
-0.037805232410032544 -1.773117400078043
-0.4087430090616986 -5.560247192434682
0.22407981773702437 5.427895129507196
-0.33091733569998893 2.3882223410887846
-0.4284627749238675 3.8367721072579455
0.09402942685739886 -4.690652704110225
-0.10589491203755576 -6.227208912650421
0.3887062191387499 1.9081379779347292
0.5400018465688686 3.239351892305691
0.5369150947379451 -2.916949576018221
-0.43126703043701053 -0.37198890567282916
-0.1933886162964908 -4.8906879284069635
-0.21849332628610948 -2.1016936983604313
0.22509567565527647 -3.2568378088365533
0.483549909449181 -0.6655813838198791
0.5719041979675 -1.8141852270931886
0.07681718879328761 -7.440493989782977
-0.08498939898402845 5.198706527588348
-0.013748625801758235 -1.9312575520574462
0.48561136330087473 -4.833378786266876
-0.015756322998488666 6.10525926963298
0.19976276915817817 0.25587170905772016
-0.22325868706237786 -3.5725020100772795
-0.32568651335684773 0.1545286265385496
0.1954755484661565 -4.049969352242691
-0.14194492385196444 -6.440781211925325
-0.02458659879751471 -5.617135808387612
0.3368690677095543 -1.7462353368907448
-0.04176801449804859 -3.6616701063728128
0.10229428263942186 5.365645815872035
-0.42683945945400675 2.191694028614951
0.05140323355279168 -0.4793899496424741
0.4578996520712739 -1.269006840055014
0.37700779615694263 0.5290439081593723
-0.09697015301020559 0.7471276066271026
-0.23409544964600423 -0.5790213268028247
-0.4067494171391081 2.5862893089292456
0.20421772435286198 -3.6050466473133835
0.28261014076135954 6.549026072922099
0.3071712831294879 0.8215199778965113
0.1415909987791329 6.83120149280848
0.08905203620345019 5.628226489919886
-0.47328590803434734 3.8085255647845284
0.2772451692135842 4.877239105396929
0.4429485340647406 4.663617268308533
-0.2559676852991435 -5.94539261895056
-0.6406801559293575 0.21974048773781352
0.6158743331668157 -0.16896851378743805
-0.07373539997733707 0.2636429136657118
0.2869394080702726 5.054868426886856
0.22024632658385232 -6.35249976499446
0.14740578639116747 -6.4654273053907
0.37613556194775766 -4.084249454413845
0.5099049545007317 -3.0576455483982015
-0.5671474682327413 -2.836504154760322
-0.011508587630764889 1.038336927901144
0.16829955299777416 7.181262997723115
0.03469433823207031 1.9714659759192248
0.4221385844675747 5.673553355682076
0.2418622102451162 -1.2802297393021862
-0.010620906631667705 -5.488917502799399
0.008689771079713709 7.4891347785308335
0.27089539654932776 4.681694709363727
0.2561649949992176 1.9127357192048464
-0.16817504128239866 4.407229582487395
-0.1866703801849457 5.194509966325148
-0.2755820724900705 2.5453984712062394
-0.04457447718960549 -1.2466234171018309
0.426846538692147 -1.2363005929426403
-0.5807571931813722 1.9361001853127413
0.48250377654083315 -4.177416719416617
-0.20612919391974588 2.858578277330934
0.39990299431106197 -2.648894582195773
-0.4200989922580139 2.2422550102422307
0.33676651450571105 -3.139609754115401
0.0006461146885558572 -0.432139623169265
0.4591455718671828 -0.24466799177844567
-0.22850507530122913 -4.3221942466360685
0.37734311823799654 1.9786530317143691
-0.18500963894855427 5.263181851344486
-0.47490106650270747 -3.70601273105965
0.5603939564144053 -0.6301974025456303
0.24126228653323242 -3.8258794781929324
-0.0344461347588717 -5.5715814419648995
0.2945701962758548 4.144436785205402
0.033764906449914 6.3912039402135425
0.12509587356925694 -0.3125809325336595
-0.620846811385448 0.3379659146811768
0.14712190483180235 -0.34212180060491254
-0.4066918545952037 3.6724185954251136
-0.10513352610910169 -6.692937772616117
-0.22573263978094912 -4.274536757779821
-0.06557200268432409 -4.047128801256241
-0.34871166090153594 -3.202889130980281
-0.2177165653643926 3.541093123357489
-0.3664640163641871 -2.8059706633849704
-0.1883322369374893 -6.828286574874912
0.4605552735073034 3.033880546641618
-0.3779291151249595 1.7970614235667701
0.021525423049247726 -4.221148335413362
-0.4111192502657848 1.2971150871476407
0.007003848337822299 0.32385075953413234
0.5546270423817087 3.58922447054819
-0.06263500261030158 -5.842399175167246
-0.13545073895155524 3.589419516692333
0.38794626012425876 -3.3934830292398144
0.3379013860028324 3.5028251583744336
-0.323709303756411 -1.4392965627044687
0.0904698713826117 -3.8161008078359013
-0.409644109640491 3.1075481578743864
0.1721324969843202 3.2433009055877635
-0.31286392462421964 -2.1230872863344823
-0.09948792998094332 -0.46597920144027455
-0.25977288418580957 3.955619793111183
-0.5039560440244537 -3.6812260264074617
0.49208291839518153 3.388619506337363
-0.05000707508595419 -5.708379423306155
0.04165812838984057 6.760690096566516
0.01021012162400362 -0.38875583871995095
0.5127096803141971 3.02667494941361
0.41700846978613715 5.432398266882794
-0.35167401402592935 -3.4441017738305284
0.370083913343012 3.584743970522869
-0.04686466854356967 0.6009939781497186
0.03317565024784931 3.6463477382072105
0.4291496528051085 3.3759778033454957
-0.09955060475573907 -5.840169789507419
0.5116946077366606 1.1595127393003493
0.35784688080275834 4.164741505958065
0.15105409787484397 -3.2293793009626723
-0.23143191627302312 0.7477214634570788
-0.21398433468878922 -2.6795407461980982
-0.1828677764976524 3.369541148445842
-0.41437054692540715 1.5461467012872503
0.39450272105764383 -4.532233880874376
-0.10697615686544255 5.894824764482282
0.07681051555544596 -2.062950633085823
0.022727846405549305 5.015474042725089
0.10713082327425663 0.2930721727416117
-0.17047347253814346 -6.305250191020585
-0.3003776580060972 -3.86773833955909
-0.04987212414536159 -2.602099302115054
0.03510238200585025 -3.1455913175596906
0.00944649053278216 -5.763671274933688
-0.1287121788070038 -0.7386890706512411
-0.08140017672329358 -2.510056567249731
-0.18332008990909787 -2.6209583300670825
0.03893528811998776 -5.450883518628843
0.17875361516721416 2.620779707828017
-0.22890771186501777 -4.039038297976001
-0.19249573464121267 4.6165709715105
0.09275732715297147 4.703078436553275
-0.41757079951281056 3.239719449337172
-0.10312511673578931 -6.506166366138963
0.025633372064190803 -5.860878541284101
0.4515991571376278 4.0606489329587045
-0.17889474640867603 2.6963016510455105
-0.4906374584348147 2.6867793167589156
0.04725632510949776 -1.6598913607335144
-0.23553664274590652 -0.751429378810311
0.03821321122405384 1.7357824627639111
-0.19606236404336821 1.276414034255069
-0.21820096247026793 3.6300384732777684
-0.545210981597128 -0.5214095892126943
0.3340986173600619 4.381573918693855
-0.297417170975167 -4.483861447047096
0.0459583192437369 -3.830048631945248
-0.5524500550183891 0.4892933910438246
-0.10083436598073058 1.27212470933976
0.18377563050391157 -0.09570173284214789
0.3857883077377147 -0.16077439106273436
-0.5806031030237907 -3.345123434373444
-0.02440699993246249 -4.142937869920604
-0.5062860367757992 -3.2621255017785873
-0.0018663442059570277 -5.792904738930555
0.22139670780196224 5.8678655507997
0.07051614990931769 1.3903097566572915
-0.34231905421995285 1.0497355582549264
0.1218555762436747 5.281513929042114
-0.06577616685883689 0.6155089237962531
-0.15990563172651356 2.9771284941455165
0.20027571951265255 4.444770868664449
-0.31785100821348056 4.035669170426752
0.06372925198208965 -4.977915612067236
0.09673726188080453 -5.711970679719349
-0.12253938425285112 -6.798398640765766
0.04295428637172363 4.999214254270314
0.38680227205786977 -2.932401255307587
0.04270504201651317 -1.431412001321874
0.06326377882999644 6.249171243242789
-0.44414726818561084 2.9738439766707914
0.2259166619690149 -1.9135878009652658
-0.36345091643611654 -1.209858181443336
0.02774250668581009 2.888922076143129
0.13221447550453774 -2.0264717654950477
0.17379303949683958 1.8271533577748507
-0.13363357518810812 6.4289890169572566
0.057076421941217065 -0.36150556161196234
-0.17188394582144711 -6.49835859671618
0.5527976445005933 3.5753444343338434
0.3556256605107935 3.8998106690914365
-0.3172797250451525 5.388741864057877
0.5692622586871666 -0.1540514968873337
-0.17305273437078206 -0.41576138628233117
0.4782211322678434 -3.6962816669086953
-0.20561913585751557 0.3693327067626337
0.01088874310998111 3.433533837865099
-0.1064046984728645 2.9281214022967776
-0.23287749147393827 -1.884340458274627
-0.37063857835979147 0.055356489914593486
5.003480122970481 -1.3188558417557525
6.400427774467987 -4.161787381325507
5.048604751527083 -0.38943855223346335
4.884256293441267 1.5991019283254546
5.380478579040891 0.3978027906780678
4.8726216432353855 1.075384702715972
6.124530465962054 -2.1142649080254303
3.9672880652158957 3.1532361473805377
6.168143983592259 -1.8537875042281158
3.438662472922012 2.4530196550050554
5.600955554409381 -0.6166770918676607
6.428218630489284 -2.2581297574058485
2.8138242175339268 4.6022312307667494
3.3168732732462574 3.40191031046874
6.287272564077427 -2.0733456232789846
4.626731016339189 2.173855196112883
3.3885103817452698 4.009352872461056
5.750586256528994 -2.640151081811242
6.031612144285797 -3.3722007717408156
4.011385701740755 0.9462928035420852
4.440351014310467 2.1504496006230034
3.4010792721990333 3.217891440801947
5.268354932098877 0.22642513102410622
4.659348703854764 1.939415606336106
3.1626905855806715 3.5870417117723616
4.595484543543924 1.067523825086623
3.74007377421993 3.044495421439214
3.537795761766748 3.8295235956152736
4.1854795634454085 2.7040862396842034
6.258961037511523 -2.3194950195473907
3.1061340440669953 3.7355891807577337
5.1390954666668 -0.24827852311179766
6.042975977999396 -1.5729558938051462
4.377835713065996 1.865344163753352
3.9516331742746162 1.9974411792044968
3.685837285686036 2.9562750250278436
5.768670745411136 -1.5476524964826055
5.15624646378509 0.2973265649245268
5.050351973246246 0.9894778423487236
4.687839454106664 1.420180740628629
6.572307720624588 -2.8728938038435023
5.995155308144013 -3.502553805512872
6.884899569555724 -4.720575068010513
3.410894807657991 4.162818645476925
6.976591594157161 -4.738091898248234
5.952787767702339 -2.91370856856511
3.754438436621707 1.8097041729213696
5.411773685758427 0.2793335741309269
4.004054624543257 3.5003140774710926
4.188746081319942 2.051651705590263
5.120486181000638 0.9832325466172773
4.660572172885717 1.9959077499911204
4.360728931755369 2.55143932166561
5.423372589085839 0.06783314066434659
4.446132007171339 1.4100383674119747
5.4876861058299715 -2.173990439078907
4.214904869671205 2.5676644800727937
4.9214876707042565 0.9347078367091411
6.4591240618921155 -2.5597655551879956
6.262499380430127 -3.8730372080759032
6.384793935149191 -3.3276364259057116
4.068052256891129 1.7015155728123055
6.0962981576565545 -3.3831883516067314
3.2616488663354173 3.359609196246285
5.091149241461854 0.4646395785216355
5.14504042383782 0.22988020496871794
3.3394567366859613 3.988386002310957
3.8247101983763274 1.6229038401327547
3.474902706299269 3.5041082143068567
3.4583259604521013 3.5334866775333955
6.7990802398618335 -3.8626212146685504
5.656554984541235 -0.9349785924893984
3.234905703633941 4.121475164276384
5.737496257322846 -1.8252589251997533
4.451879564670585 1.6561965377264865
5.467039582500614 -1.5304138733857022
5.156279381581455 -0.4977581999130304
6.271523628361155 -1.869487831940101
4.9706590178258 -0.035478797782969695
6.1286672470944 -2.823871916789279
5.7923964886605415 -2.4816142237430174
5.399941614459185 -1.0753756191770365
5.066107229174921 -0.44359359170540724
6.503270774600566 -3.6092185819256204
4.090383184086662 2.655290869939046
3.726547308080839 3.1538615154325593
5.312498196626387 0.040004713336641795
6.36174993391432 -2.253845312953186
6.227400575640919 -3.566158090088316
5.406087049362718 -0.08968660366719558
4.340627417039019 2.25022920922787
5.441900809155762 0.07598074149478809
6.362924043364414 -3.1566378583367456
3.656688906092971 3.0179009003746513
3.0766712201586977 3.9619777326002583
3.928222065887276 1.7340330984456394
3.245731446297299 4.3107445571494925
3.8378548160297665 3.649912068802853
6.532708007394901 -4.141630843550843
3.2077986278670796 3.222216587587596
3.9001656791983925 1.9802143086911124
3.2231184917298052 3.394609617552031
5.052564581782402 -1.333648466285238
3.4556819625841224 2.6878618914159684
4.238735257290438 1.0843595586356591
5.669362791060005 -2.4383054631001975
6.8362318426559545 -3.87490926540638
3.434210162252916 2.9688310180088915
3.1127981576522936 4.440879370365097
5.424898250260699 -0.7902708693684333
4.202651197451036 0.5108094199301406
4.52404699980448 -0.11852257719870912
4.767080082291149 -0.5447669231744076
5.555282593358076 -2.2512267510547943
6.494017836725889 -4.143740569445591
6.0002748505407215 -1.729459250056986
3.876377277242844 1.8775647975970426
5.658768484024801 -1.8409639590330964
3.7111774752616737 3.245684276826911
-5.677383584271759 -1.1018676502571472
6.227041795357294 -3.803315547845044
4.445636236109443 0.5095848125798453
5.758866286140259 -1.5408979870247559
4.3632793909786285 1.5444529743106619
5.534122989792642 -0.42485662179317774
6.3595914460194924 -3.4345825117118216
3.745587806249972 3.974097736223875
6.056723705078116 -1.3503485927767391
5.652814997426476 -2.4661637075187053
6.337979230050186 -3.362212743397204
4.459820188267279 1.3603169520715277
5.555735544492571 -0.787718940954626
5.813911148817151 -0.6579690980080263
6.943434182309798 -4.2872870397563485
4.057291186767022 2.716872150908026
6.561347789335075 -3.754808737721614
5.357860189516821 -1.262102733872274
5.819016829967864 -1.5108794608571054
4.006903647162575 1.0268542542245256
5.571953893455119 -0.5571117046692335
5.50527516299338 0.17052007055616375
3.770557375073432 2.0001129603632077
5.509128045122935 -1.2751281617807035
5.613721439392565 -0.3286180058103726
5.9102096352199265 -1.94237921735155
3.5712455052951646 2.6637871193216083
6.559245574443069 -3.4253795551697688
5.337753545122075 -1.7790236154560177
4.3838191498414725 0.7234721147623753
5.6470751353125515 -0.8305998123789905
5.856681626012408 -1.0188567030623212
6.234621071754724 -1.7918852970093495
4.353436922004167 1.3380457502279908
6.7298772729965 -3.6248328972339428
4.993607462811145 -0.7336299257561106
6.760415531770654 -4.319191125257225
5.820974629294573 -0.5658137043930745
5.085671569575629 -0.9947840812961475
3.8238565088171006 1.5673773442656609
6.5232592348701175 -3.6871347338418223
3.8332716222227 1.4096046434435126
6.259643386892536 -3.643931423374535
4.881068821551383 -0.8126096113273966
4.4004063886029545 2.701338459094901
5.029512982883918 -0.7058046884037774
4.203759672471068 2.7639415883494243
5.222503318362834 0.24063837440484517
5.257191807441852 -0.8452012698654212
6.858080149946192 -3.795438351595174
6.966611999097127 -4.4614130563142975
6.358763162130011 -4.098468283953056
3.38527418342374 2.5774797522853303
3.45785935318996 3.109894944535264
5.444348766270992 0.21578554059956218
6.771797345922438 -4.352792691493318
5.394883389924325 -0.7196942598954825
6.123905695816837 -2.4126807890241224
4.641742113634975 0.17443370034702538
5.193493614076373 0.45018879286495816
4.067450310703367 0.7878311343071412
3.9935014927235977 2.352645314488348
3.415387569900913 3.4998124762406735
4.245902165241803 2.1755801708741425
6.001970889317419 -2.264623215257349
5.328483481791256 -1.6488685772419307
5.8046913222167476 -2.0234628188426305
6.639829652564279 -2.6486912992368468
4.745785022319018 1.4717071981694454
3.771772817387399 2.9743684148103786
4.064167426950976 2.510751237942408
6.7159252313530144 -3.735026782141744
5.237086594319577 -0.5453726300843137
5.892608674248112 -1.0590584260156608
4.851038140786271 -0.0646591182482719
4.007345916046818 0.8477149179149913
4.249365466289082 2.6114624554149675
6.091112281497806 -3.4097452586590253
4.515293748859107 1.0198030252947496
5.7461394747128 -1.626972292984671
4.704538856254379 0.391849786880891
5.353594862689342 0.5237316121361965
3.514608574870341 2.6052467435744355
3.2306936497749814 4.495193408596595
3.3750579400958216 3.123517570347236
3.2565256434829823 4.2899729806744995
6.3109368477927354 -2.294660009309524
6.388162844640395 -3.4953427946737947
5.61302799914344 -1.7703471523508691
6.126985644327068 -2.60789470662033
4.061504135658481 1.0513931500792588
4.256681301779199 0.6617358724742709
6.165887137220566 -3.085112364885331
4.147402078976538 3.1118340159220006
4.4558782211808055 1.0355508550882835
3.369936984705007 3.1081269789703336
3.52198325136313 3.8024061561716502
4.989274185038967 1.1145013649934494
3.367221055340952 3.82472656764162
5.8189959454933895 -2.58200291644063
5.182349241935168 -0.20084330579984427
4.73205987316467 -0.1964001476928981
6.907838978188158 -4.2561238335919205
4.257572933100779 1.3314921695604611
5.927747320133454 -1.6309371133768344
4.631441839925608 1.191491670482232
6.498311335071615 -3.6207759373456723
3.3600256718493178 2.8248144968201747
4.251777581182323 0.8379553845726307
4.648301108616312 0.8569615998610332
3.977994521815156 1.758953188826045
4.950284220647706 -1.0660287477736767
6.5951509988007775 -4.236057061464384
6.705735251226717 -4.20888001318992
3.1851698912621194 3.718991262629422
5.481953505575892 0.02219304091623947
3.271853996107631 3.368775065718516
4.52170440110751 -0.1165207322204617
5.700909154052221 -2.206965836625808
6.551227393081545 -3.3457792401979125
4.598508985221195 0.9208891732029442
5.291598433320943 0.00585003088973661
5.434341492035952 -0.1645795918683431
5.022320347739456 -0.7996565391291459
6.730987397773902 -4.439505480186501
4.969608082815148 1.1780214288221962
5.623339479187183 -0.3434579912381276
5.061946906188491 0.2717364119710767
5.2313348300999865 -0.9673379625778143
6.565201806430984 -2.606549294945229
5.0900778624807455 0.3792913371603282
6.243932229193327 -2.8300538283194983
6.5137172535474335 -2.9370096998890234
5.000166742279387 1.32886625957957
4.375930916883793 0.2700526704840317
3.518623516978347 2.9362448856438514
6.9970170660753155 -4.7378218427497005
5.129446790705612 0.3282039614598306
5.862635502690689 -1.3941703588877263
6.219018431688669 -1.9032831277380264
5.025905822075276 -0.27153011652421233
4.075391079216308 2.769888501008331
4.762362063857597 1.150744886275001
6.235980940317226 -2.738997355231549
3.5730897617190225 3.2882528747860955
5.392908298667426 0.49746467932682886
6.826037720276734 -3.3725750828673653
5.81155919244802 -3.029705676963879
6.430801325130081 -2.684856016757727
3.99053429711519 3.377461556141713
6.558979800122632 -4.3224427084090635
2.940141474527671 5.0430973168953
4.919624368609209 -0.6207561552457374
4.3424724479867685 0.26465767155437303
5.064695738227163 0.1957417520352632
6.911971066139657 -3.9757193072490735
4.098023720380786 1.4921416850575047
5.297568693896334 -1.8803495107336408
6.426621885987407 -2.5986725317123818
3.7757290911505685 2.074466755454949
5.614430816240783 -2.2521782407387034
5.899481354786942 -2.1728803639847882
4.928659234591711 0.21617447048513985
3.9319533041890002 2.810697045006631
5.110825167227977 -1.036715519137369
4.15777656731225 0.5822750266578767
5.527600099206462 -1.0620783619239758
6.476024156116753 -4.080996574141198
4.871528081075779 1.5961403309034055
5.258960668805662 -0.3368697857612267
5.353971593905951 0.31702918897176047
4.594139798379148 0.32861198100368433
5.937619344456968 -2.1707217233838016
2.8718767705214288 4.503030448372522
4.3034860168003295 0.37898508862335345
5.861266865080984 -1.5735449466974043
3.3834560505564166 3.778573125141467
6.428851351615206 -3.7991630119336555
4.288988291267385 0.6106274041298165
4.428444037968325 2.4869395378334067
3.9924112303237624 1.5224229470725812
4.485690465383382 0.6123657862718683
5.465850917926444 -0.5914487232751419
6.346869274406915 -2.821086289707374
6.183345010039686 -2.9099376238640837
7.013365334014427 -4.856589315488622
5.108345262605762 0.2059429766218573
4.2101455932731024 0.41710648611122947
6.451943629971127 -4.0349885007587005
5.5054739439896645 -1.638994345846557
6.391696395085647 -3.744247482728566
5.378060204631227 -1.3334516527398295
6.881147267499207 -3.7329814138002355
3.424508968439087 4.125742985524523
4.5115257514464435 0.8776446957203878
3.778999852115931 1.5515285047662168
6.707035822052644 -3.9742787527515677
5.780612644459442 -0.697503542856601
6.67148211596232 -4.56808252719203
4.551484014767562 1.7071518121847962
6.180791732757788 -3.5909872432105656
5.416483645111565 -0.5891070146397729
4.272583639198755 2.8065927699109112
5.359794659033409 -1.9003797061876357
4.399888623217433 0.4451714397399353
3.734006687562722 1.790138040910651
6.667119951255907 -4.2943542185981665
6.001489376093369 -2.6476139452258853
6.247767483684504 -3.2146655094028156
4.077396173824465 1.8588506132866864
