-6.838909522075056 54.28716952595413
-7.375900132513599 52.23854766514084
-8.296987593335013 51.80195037558343
-5.763098458042371 53.23209952978016
-7.346555353188947 51.72910433398831
-8.221134417239837 53.446686024319106
-7.107789507390181 52.24287430291744
-6.5688477452473855 52.69574189329971
-7.270137274609971 50.759764952150654
-5.15149281681529 52.9307386627952
-8.357956719257317 53.82673052055179
-5.891398923746906 51.78704165717009
-6.531160740119624 52.958484571485165
-5.703442765486539 51.961477625411895
-6.0664818887800145 51.363250717655404
-7.693334862448124 52.57149826926498
-7.944352135351043 53.30246912136306
-5.201280828881853 52.332520190517194
-6.6607905519615205 52.60301331785549
-6.654962629407019 53.15432915194645
-5.956074578940064 53.621418086348804
-5.546527805611421 52.87047486488981
-7.339170781674569 52.30758179341107
-5.712867211256539 53.350008103390834
-6.742363673847075 52.67390147853657
-6.503104480661286 52.90801479147627
-7.026806000620629 52.91121602232559
-6.302064798505724 52.74720976392969
-7.9409816094689285 53.75620513635182
-6.764403451550056 53.102048022810635
-5.280604183642288 53.13040030693418
-5.8230817493430145 52.08614574983692
-6.8630652633875595 52.80242921087249
-6.461900342124028 52.311917416005834
-7.094651014826453 52.819321015362384
-5.121464875543554 53.44627915287442
-8.631289565590738 53.342699492903705
-7.2538683876538945 52.32693045229616
-4.9869057817081215 52.64691164515312
-5.15242590485304 52.60621484100668
-7.333779828312308 50.77649081506205
-5.40938318918891 51.5889787591398
-7.279438788540747 53.27593579156876
-5.992895275325532 54.36548338985442
-5.634955721655537 52.85428546795955
-6.888429133419478 53.026697615303696
-7.433921584714303 52.6639335502852
-6.314652055785373 52.55824436690079
-6.913336397001701 52.42513705862653
-6.694751181263865 52.65128200790699
-6.216312725403867 51.4245004936739
-7.899146142228748 51.59616144372198
-7.260609041169805 53.28841506699254
-5.726301245563952 53.9263986433248
-7.379485399869912 52.07613891157015
-6.936746971616106 52.681334361418486
-6.929299040067845 52.65709784081093
-7.241615181406352 52.689048848947245
-8.122636931771801 52.647280895748
-6.8704530522127465 52.646504863154675
-7.96651918755158 52.718658839687
-7.6331834908316365 54.426724399773406
-6.078328304895031 52.30812987241458
-7.561298671228191 52.63303458848447
-6.819062943716125 52.57002140197339
-5.088124040339637 51.91901964721959
-6.2737811395868714 53.009352384351516
-6.319693754694671 51.67239819424817
-6.704616933409627 51.61478165380875
-6.833048501833855 52.61374951319888
-6.84810900044862 52.551425031830014
-6.703089254758065 52.2903538901921
-7.657714427763774 52.793893800948204
-7.46366213949878 53.869661975125865
-6.856312471484701 52.79424441974183
-5.165211045086441 52.66918751682726
-5.771542253058193 54.291060219805956
-8.084113582851373 52.8469970805693
-6.7556433881577025 52.85654643564071
-7.657842977796085 51.53740993278861
-6.936542384184086 52.83844847266938
-5.09339294627981 52.68521856928461
-7.776208945078618 51.044781761163456
-6.90899596436956 52.54158734876407
-7.883831020705664 51.15536182232214
-6.20600166618739 52.98847852596988
-7.099017451632485 51.920230390071076
-7.532342557025686 52.80240243905024
-5.657811432587726 52.831028666030534
-7.343165193925175 52.757518853320086
-7.77584154926612 54.33793033495506
-6.245219470826726 52.37213074599093
-7.360472604865993 53.077704847019774
-6.8686209176052335 52.55704243435701
-6.541033303956196 52.41992657697166
-6.138867763247464 54.24108837409456
-6.791670436829634 52.34565169564243
-6.862924277916317 52.35590180279233
-7.288228996466675 52.16681368688526
-8.020295820882016 51.87362837440932
-6.279563179216899 52.37001318128042
-6.3941661012325275 52.72350169826709
-7.746807792949091 53.89468110933319
-6.0795822183655215 51.87140581200502
-4.8497794519364295 52.44869358214578
-6.9654527875307375 54.53449039065016
-6.87995780289329 52.93503102786933
-8.289711985000286 53.945255989271544
-7.592699042027985 53.9938505864725
-6.939042516259276 52.72831895970152
-5.038138282951551 52.38465421592528
-6.327635838659692 52.75885930042555
-8.241483747868411 53.065114434070686
-6.61106533569668 52.41323453317479
-7.165912471314224 53.139662843243265
-5.385731785864023 53.745072497587856
-6.302991864930874 52.24667048002254
-7.228476153535881 52.10845005496051
-7.220012577828807 52.3289908524429
-6.871572028053852 52.67022100257594
-6.4214298985554255 53.8759945248143
-7.115421504786297 52.07143971129135
-5.902394003327338 51.35910674517982
-8.0532523546282 51.90592283994543
-5.751815012212145 54.18340314760052
-8.41862334766844 53.423137179835116
-6.226361336062534 52.82218597466762
-5.088219885695958 52.64542016416007
-5.301819560669475 53.41445302733498
-7.905172447022187 52.604789333032684
-7.883221111755325 51.5716968668574
-5.204366467416564 52.900170975654866
-5.776337830385841 51.34438771501009
-5.670198769542429 52.34541256194294
-6.9818785638905565 52.866498566072856
-6.488792606783419 52.557641306368055
-6.842732654462197 52.62601691005275
-5.725949447898366 51.66638462011599
-5.212535504590388 52.51309837448436
-5.787950823810704 52.77835234023133
-7.4370941738112 51.75320904027846
-6.8055519704944265 52.765445788911215
-6.826092088615987 52.65630723497686
-7.563212299003788 53.985351120795386
-6.743757138761894 54.11225833621341
-6.924832351170097 54.38693329597274
-7.152068318223913 51.14314201275078
-6.093311121899226 54.10346907312555
-6.307422855870691 52.202728722719755
-6.956541520783644 51.85699968303113
-7.5731858105923875 52.4571221734411
-6.905940948009595 52.59954942510566
-4.873938912173863 52.859113306694276
-5.545751153692079 53.56638046388454
-7.661907476249147 52.142688775037726
-5.99841840135862 54.24628076074388
-7.736589536375931 53.37003223187598
-5.783142538867238 51.08069497209563
-7.29388528966323 53.53814667193715
-6.570744579275262 52.012657187364724
-6.876249413753554 51.6723831613
-6.924790502539814 51.813248110680675
-6.486867228789887 52.55324163850626
-7.572150374023526 53.60373119447613
-8.094077945400283 53.509967074736764
-6.672463622697466 52.486410984187415
-6.941727069185852 52.407750961596946
-7.436500714669317 53.800923223371804
-7.1699882341306385 51.760444495288255
-7.771606709653074 52.944316376844576
-6.766652985785235 52.62540766382137
-6.797160512687663 52.398120497455984
-5.171958225467678 53.5029214085703
-8.387326084954466 52.5211457841658
-5.38478178076168 52.48224036529217
-6.610526758919766 53.097360400424336
-6.5427986803988905 54.14316274820856
-6.802039307206346 52.846266504712425
-6.865995076046442 50.98835431989632
-7.402711007388783 54.53275310922211
-6.2623565394240766 54.160012394681
-5.021456458268229 52.17420530558306
-7.621284161256224 52.60664808323795
-6.603230262527793 53.23532359598154
-6.596116483289071 52.46458291386373
-7.964878037771528 51.85108116486255
-6.82853807803077 52.634472793377604
-6.565484759075121 51.80523271946157
-7.4729319030557155 53.018919380285745
-6.366145567767908 50.868950984723064
-8.060095288076921 53.89236093963494
-5.9631297926272016 51.298402344889276
-6.673193870396549 54.04840077553481
-6.891008311139629 52.897210972535625
-6.730211358275284 52.22055488767857
-6.289411780428466 52.84025468963467
-6.505351917391954 51.375280088257455
-6.945282482579213 52.586056654345406
-7.229729157644156 52.663358291259726
-4.906166385593032 52.58571848108957
75.32845685535294 63.819804324043155
76.08189945473427 63.1834997117912
76.3168465041141 61.87003979663779
74.72440610882454 62.35256640719957
75.77753498690593 65.1509509697565
75.33728884394215 63.607982456288816
75.71599503458877 62.027314793046514
75.77340362870608 65.63048260769548
76.15087921499055 63.56200282059866
76.53747996831312 62.967095119785974
76.14708869410963 63.7581555607969
78.02484714003923 64.11418536307993
75.39071388009121 62.000771808535156
75.68234038304305 64.51874590022257
76.16396250282368 63.72886609055426
76.78022702438136 63.63353663303614
75.84406234235176 62.99846608840196
76.94051386626184 62.99106710312585
76.09757576594632 62.81897958240025
75.38577173729446 64.25907698343838
76.34502185605483 62.591132259674644
75.07570996205993 64.07888820498493
76.0983366027875 63.69974171177818
74.6520247953386 63.069380010767574
77.4760752019855 64.47380571178043
76.55531641490224 63.543384843507674
76.07044451983722 63.67054375354195
76.02447987164105 63.70892028287047
76.10833632834682 64.16915589331546
75.49549312266168 63.93087587459837
75.94484891285177 64.10207489583138
76.83255700405665 63.18158202815056
76.39150228772036 63.80469763187122
74.493692358477 63.99426389680483
75.21763212816045 62.22792806619723
76.43031985307114 63.3316185469114
74.78440139875418 65.20249427132866
76.84543894400674 64.2459191226225
76.12198182035434 63.293142706251075
76.6451067987023 65.01268526600342
77.66219277235803 64.90102320612061
77.36436605625958 63.28708763356735
76.53379389497509 64.75910660134312
76.04285142738178 63.86964802691258
75.888592831823 65.71963395370132
76.9586065773003 64.90897562344021
77.63671362939752 63.76410462832977
77.64227961357354 63.90529940106583
75.58992126349592 64.06704712186813
75.42405077131785 62.70251884539215
75.90281433512186 65.46106047022208
75.5018595226914 63.48978369460454
76.15099578981646 62.18415209387319
76.31348076207634 63.45926175743167
76.78798165882996 62.86316778139182
76.53469012660952 63.238303537768104
76.1715258565373 63.448730589560434
75.72690611019135 64.49922762006548
76.90758311396986 65.50759016788146
75.36249666724035 63.91987532244852
77.44747661174168 64.54572500776362
77.29719900286959 64.39184216825123
75.71767985614854 62.08750740613793
76.01623030973009 63.933116049805754
75.78840648183186 63.26967588722101
75.96796209594457 63.16668714573003
75.9988133480333 63.64744760610092
74.92667716078495 63.60106540930927
75.98064031495578 65.3192198823098
76.00804091908077 65.11159738178294
77.24712331085057 62.5461731817158
76.59406592008321 63.6366568532739
76.04043906633727 63.875730487236524
74.1890471629381 63.97533557742894
76.81159829481297 61.909233205424556
75.49982257121304 61.977388542467345
76.83513632619416 63.24599189000534
75.8379375155143 63.58995359474109
76.26117904299582 63.721700612286774
75.93302790457582 63.872714662515385
77.03123670520355 62.07052567817908
76.74466652181003 62.17191866946231
76.57141062171354 63.29011175747607
76.84498428030909 63.89819562198076
74.79438618777172 64.38578293019657
76.53982443645836 63.79794332922585
75.47732992988398 63.790752760620876
76.2185046516391 62.36152775632937
77.32604160872822 63.96540237258888
75.81291629517341 64.74430105213179
76.24525540530759 64.63697112338302
75.18347140066372 64.29127932154692
75.88415570188063 63.679907385774364
76.42668166857324 64.56499462451416
75.81339746161156 64.33104934572854
76.60699841678606 64.49242693016821
77.77911442450424 64.42076652150945
76.07140252054657 62.41136715405338
74.74153291457407 63.64708978522634
74.67091265525414 64.16151275949773
76.5403702361484 63.083313683945406
75.44904419576915 62.73480513817485
76.0347079999818 63.87249188445349
76.71666670829494 63.399993830495816
76.35914291235503 62.98491344121409
75.9473445388178 63.093510157710504
74.90252218163128 63.813782259166885
76.2877234330451 63.79653231433536
76.17162291705037 62.728111987490195
75.81444288520656 63.65410783970721
75.31071584977893 62.15316569888944
74.92520944228718 62.63706988137032
75.31657744208138 64.12239200699038
77.46536772239635 64.7147166504553
75.6859927056142 64.73607025176793
76.9822060774584 63.11660409300208
75.84482429426146 64.57722752708959
76.33371201440072 63.94412401412124
75.2506240564183 62.9569207824976
76.21871634555941 64.12336466230845
75.58205348225366 62.8486458938629
76.9020451234494 63.412687771699034
76.79950699815338 63.08667156584015
76.93227131048981 63.57518413457636
76.46255012549882 63.49282977752692
76.83581834581348 63.74009951902566
75.91348884551951 62.95028470417929
77.09585375612131 64.92238138354679
76.04062190114354 62.962720601724
76.341001633596 62.52287446010231
76.03409887921168 63.96353021675112
75.80344249211588 63.952848897142395
76.04807448434629 63.71604819320914
76.86745574877007 65.09311015968494
75.83566787540518 63.87112657273673
74.53221646616552 64.20239849118936
77.05015069010724 63.402501119260315
75.33923839431756 62.76890798597468
75.52823107520203 63.179192272508125
77.26659954138475 62.42721224861654
75.67248752394715 64.03178504689402
77.50157025571878 63.46965813648428
75.55292791256082 63.08660525375234
76.0735463968149 63.94723533783384
76.27231013601033 64.21256616023769
76.70429500024385 63.78707243384457
76.1986929156305 63.83709609121112
77.03176988287818 64.73337136182629
76.94998083368895 62.47853344351086
74.93501712297467 64.32505687031664
74.96555506168765 62.833788898740764
76.19469138683004 63.13995990067173
75.15571299702303 64.26069744862761
75.40600185370862 63.827112458509795
74.26040377452199 63.8147887077983
77.52914665719113 64.77987957544725
76.29111924673752 63.30471071633386
76.78843918468668 62.22749565936152
76.6409214401432 64.35685111698429
77.81092584501788 64.57986511715342
74.94139647861701 63.46747604808226
76.09644350398013 64.13038861027847
76.29035753435795 64.22775715503796
76.07657966660945 63.75021418581237
77.84150361272876 64.01966886974763
75.92123772644695 63.10203961978951
75.75252256827761 65.59567380203467
76.07342490758644 63.81809433201456
75.59291158990722 63.9569043562589
75.67160330699842 64.20955458053665
76.59698944088879 64.03839927956763
77.86881804576193 64.09977682659385
76.26844355852617 63.61079628985468
76.29023994605375 64.545530552325
75.66190299196903 63.117246772272836
75.98050228289648 64.31057741485621
76.53445634891477 62.949120413753
76.02145178029073 64.59650264723481
75.93776633401288 63.66456515785849
76.25361382041346 64.42882707285146
75.9161000598313 63.357771172226045
76.66395540191262 63.37093995596688
74.73336366201488 64.43025898476938
76.36933913200454 65.59308186823688
75.79686462837597 64.13709561469925
75.92030942135942 63.81580563984758
74.3538382140947 62.83083288171143
75.6244109818863 65.57202796474608
76.74914059658063 64.79536545308773
75.7907783176724 63.57098530444777
76.24073810273724 63.57392226546342
75.59657163662796 64.48330806847841
76.01923955939506 63.753059822229794
74.89975679077256 64.58766717960967
75.35899858235605 61.91345248627294
75.12727697569527 64.14759605347244
75.61827227700026 62.018355595289634
75.74109344361526 61.78455856383926
76.13015878171183 63.81779560252519
77.51554984689373 64.66556374758672
-39.287779445356044 -32.38773288759758
-39.61739958810278 -32.012199426392634
-38.91067031898347 -31.95137261425994
-39.68532225634058 -32.490080017148635
-39.20997548980883 -34.15522509820767
-39.60608360349112 -30.814938991492518
-40.0937850620452 -33.39086625079661
-40.00483093999362 -31.39993099819646
-38.87717989813152 -32.18769984657187
-40.12821524147274 -30.916543761911367
-39.836629066865484 -31.92736800316951
-38.062976293250735 -31.594381525593906
-38.48174348509538 -31.138443122527093
-39.93678282122052 -33.34417070968005
-38.767776276539585 -32.34352104810728
-38.959865434033475 -32.190333146028
-39.66970113455729 -33.24003139161529
-38.095356109375686 -31.447757650304258
-38.36139967952822 -31.360282372002473
-37.65747701356355 -32.41744125353154
-38.91373431902989 -32.91987073248544
-39.354730748983435 -31.864672384371808
-39.157252975114375 -32.97124378235642
-38.903599071424914 -32.16690412989896
-39.04205759688669 -32.012676288866906
-39.61125939704417 -32.330965945725886
-37.52325532704614 -33.41703083444496
-38.39869075116351 -32.4862647522582
-39.457106187588074 -32.286770016318684
-39.22329338505407 -32.656461299438696
-38.465324612107935 -33.3310771286251
-38.8758327698102 -32.18878554885844
-40.63912184464189 -31.80314423951384
-38.84537080738961 -33.35638492777002
-39.87924846006251 -33.6543351609523
-38.24845248626614 -32.75531604792793
-40.245059974174005 -31.135028451855923
-39.621103026036124 -32.948894814988996
-39.18829539139618 -31.862253990920383
-39.097663435775644 -31.55311376804838
-39.663306297766304 -31.86421433481783
-40.5225163719783 -32.83266755035639
-39.3811375475447 -32.004985088693935
-38.82950935841897 -32.13122662855636
-38.64622619805825 -32.09358314545859
-38.59173530214683 -32.0198505709552
-40.032235930403914 -31.612042458229766
-38.88742684351726 -32.193126088005236
-37.716340262372434 -31.665429633421507
-39.496235282748415 -33.614882259950974
-37.929197074497864 -32.16516145986854
-39.73831347633453 -33.7783918893854
-39.022775243575914 -31.887563469730836
-39.15857710627219 -32.97874852659533
-40.50564196194247 -32.42109871521586
-37.16318958562225 -31.644000592601735
-38.78673941816734 -30.72338683883339
-38.06412197063806 -33.381681789089626
-38.86424556394071 -31.10354987888081
-38.45148462056195 -31.83060910534283
-39.10839424540458 -34.153479773905744
-37.00700385950171 -32.80498630336552
-38.79817759027177 -31.34773071850913
-37.966638171718664 -31.996299828513948
-39.14261688464858 -31.360588674999438
-38.02322569556815 -32.96447412922474
-38.498904708023744 -32.434002130239385
-40.302355024552995 -32.88354141680599
-38.109907662517315 -30.973752335314845
-39.248124877437995 -31.674964848312452
-38.8413338941744 -30.470672952080154
-38.398030582883976 -32.91867457379014
-38.02678595149339 -31.503025821851978
-38.8703227564863 -31.794002203554914
-38.922972592500265 -31.98694024591419
-38.39916874488143 -30.518536596220883
-38.468931862617445 -32.37096897411949
-38.9361766333639 -32.50152680229026
-38.308423797719655 -33.96449896930204
-40.215451719755855 -31.776384668616693
-39.59040745858516 -32.01587630054339
-38.54498026058885 -32.67036056384121
-39.20293611496601 -32.01679912578095
-39.568735560714174 -32.23765186704346
-40.455150583589585 -32.03434504899092
-37.13786382533486 -32.39847524360207
-37.542052825503035 -31.23698534803028
-38.93710028740476 -32.23174754631888
-38.84254055403021 -32.269406864392536
-39.618556602589315 -33.1756596084637
-39.52776168580386 -31.483023402215245
-39.14081806538301 -31.666712914422014
-39.69494968225438 -32.728203110956876
-40.134041602879186 -31.058243526367317
-38.44511832375239 -31.90134266773726
-37.87893200575843 -30.476357438316768
-38.83210566578372 -33.55521542548181
-40.178967356230416 -33.00652072772308
-40.12974748712618 -31.119065249831184
-37.284682596030116 -31.57076697384884
-38.86925486948371 -32.13125442346354
-39.01933662456602 -32.11205355142193
-38.300380598496474 -32.797353700819784
-40.10713383384059 -32.03855631241078
-38.24012681775136 -32.949275443166364
-39.42375894357241 -33.644591906990854
-38.73338078531819 -30.768490724350432
-37.55890057366781 -32.820097738151794
-39.89155987892338 -32.593128483810546
-39.012659065193596 -32.29029582865849
-38.24460289358282 -30.963387139178
-38.94306564843762 -32.157270057876296
-38.19700025869384 -31.966532580628733
-38.46618988065499 -32.548991447234
-40.056665950611404 -33.57345583013497
-40.17907765733878 -33.36629975384218
-38.3175075963664 -30.753791054384152
-37.82099539041542 -32.880083322031666
-39.14190461447214 -31.509386034211758
-37.98549194143065 -31.034723999806076
-38.945059180738504 -32.13305387682106
-37.771687620646496 -30.86580095393269
-38.520331108582056 -31.798598894285487
-38.997529376004444 -32.089971536813735
-39.96228363120256 -33.17453188597564
-38.65318593434468 -31.505335248831482
-38.20366043861008 -31.984941134674035
-39.13261945828046 -30.94677697314947
-39.74184304898917 -32.78766137016215
-38.80859379718317 -31.82915684659767
-38.93626220665828 -30.624299517734336
-38.88878108053063 -32.19338022266471
-38.95384257436955 -32.19765519336823
-40.32692356210483 -31.442728767405345
-38.63537551995855 -32.06744751711467
-40.214214370091895 -31.73296906915799
-38.344711552175966 -30.527528647136215
-38.8931326905234 -34.10545616686828
-38.55213885225078 -33.168930665048855
-38.95134680732687 -32.36803118576664
-38.357496769197496 -30.808679808130925
-39.33278071916993 -32.30117497267351
-38.07965663165759 -32.32751999139466
-38.1348237489558 -32.34447262714529
-40.6942424150006 -32.422609916249705
-39.836942383404335 -31.29639204251779
-38.36131341753616 -33.97504205636731
-39.06114640429299 -31.881692418521357
-38.28354349986292 -31.49745572143039
-39.16251338356196 -33.80789356241751
-38.88159462923541 -32.63282323575456
-38.9014337772092 -32.1435113417058
-38.6823573830701 -32.32395586647512
-38.77823268263509 -31.64954067468677
-37.59706897262996 -32.68992726739927
-38.73780952722396 -31.65688737184895
-39.4005373383668 -33.05862738971779
-37.14215261728889 -33.09014023732143
-38.833887991791386 -33.02007773517769
-39.709412838830225 -31.681765558415275
-38.861925107593564 -32.31918309054478
-37.9066546157394 -32.326296566149644
-39.804595532783935 -32.14886762160272
-38.92639581818917 -31.40528472494593
-38.81632221315288 -32.2492044664082
-38.71449182530212 -32.49432801726284
-38.631314772628976 -32.30404757500907
-38.92279046879696 -32.68238223561798
-40.40790103301711 -33.09837510224694
-39.387335515499466 -32.66423703072981
-38.08246005641347 -30.90131001843981
-38.45141326417855 -31.992789186574484
-37.73642749989547 -31.568313321216724
-37.62352445061174 -33.551719227333884
-38.94416194521225 -33.63388227694667
-40.66473447353198 -32.20381213518475
-39.260270472560485 -30.74471149910981
-39.12382309494969 -31.448719592147448
-39.23057858290315 -31.06958617759912
-39.43708049777907 -30.380587587596455
-39.36431977745063 -30.878947621917174
-39.73548743904942 -32.47646086972017
-37.66230559046625 -32.80815147524329
-38.990861258764575 -32.20373021619198
-39.27324639309702 -32.20082984866724
-38.45501928537082 -30.70945553456887
-38.727456129741356 -32.80503245566078
-38.20813409324292 -31.260323119914272
-39.748045445956386 -30.70025800437277
-37.441742332802164 -31.75243633528265
-38.756542082661696 -32.09426831858181
-40.162034305424584 -30.706425483302905
-39.16813681891808 -32.99293931282048
-37.72156396354429 -32.81624892108507
-37.54520622883075 -31.841117146105567
-38.32956815076954 -33.22078547188303
-39.40984070373826 -32.923062094587834
-38.719906102390496 -31.996956229673067
-40.17824871785404 -32.5715598534959
-40.067221766665824 -32.927932280403425
-23.217069511518865 76.78971900680943
-22.57377216183164 76.50572436534914
-22.911838700962633 75.96419795458567
-21.093468067561016 76.08045451215011
-22.752652431981286 77.37640498823038
-22.935517659795078 75.96423807916408
-22.123221493892252 76.45137544690739
-22.641316366810553 77.29293830543328
-23.35526250905314 75.00730599069678
-22.71726381729246 76.06018534957443
-23.67003175411639 75.12897028185878
-23.3209452853856 75.24182242887049
-21.291310874277496 75.71902122825053
-23.344760119525056 75.09172562673025
-23.339036712206035 75.5984622397452
-22.91587938430836 74.71647814012039
-23.204797649584997 75.05693449476254
-22.359481059438313 76.77121750992086
-22.444985150641227 75.4997782229301
-22.218595801446828 74.9333641740655
-22.360065768541514 77.56048022038614
-23.56802343720482 74.88040836478315
-23.249411684922688 76.20180306444273
-22.95159483251537 75.53252701326635
-22.809914747739416 75.68801622103133
-21.244011948163323 75.733534077306
-23.10365526980012 75.2795361154368
-22.60504563795076 74.81294194972132
-21.276222938189886 74.78417164588112
-22.565970452339094 75.74604373939607
-22.00705576739098 76.29478675508312
-21.42135277215106 75.03735863224045
-22.685081158317228 76.99154999600431
-23.370706234138396 75.06071591465933
-22.901214299986766 76.15382610360048
-21.89989978282545 74.46860886361816
-22.686868998401625 76.14087197178569
-21.665456793835528 76.79887661099036
-23.342884207873283 76.06381505749201
-21.707144319875226 76.48482091836806
-22.568477901294916 74.27212584525265
-23.385246883219857 76.65075009389498
-22.983476411779943 76.63236640771844
-23.182532663959122 76.84169198824063
-23.503402262832424 75.62567714528987
-23.388787409617755 75.52688550123996
-24.19888444167105 77.1398002706122
-22.938452731193316 75.49949253511284
-20.898565122422777 76.06315477818549
-22.387872423560502 75.86200717411229
-23.014070563774606 74.1707544371672
-22.97520959440465 75.9867158920312
-23.432111623590174 74.70771161316753
-22.01591997864308 77.25214707414452
-20.9716463360906 75.08539090193707
-22.648414782081247 76.54856573156859
-21.13542161899953 74.87623844421864
-21.297326883271698 75.33611296243853
-22.76610651651864 75.62870460539746
-24.090946429402273 74.52913392390812
-23.57780510271975 77.0802893759036
-22.18204026721272 76.07285425171764
-21.16422803791922 76.40327224764584
-24.132860899657516 76.01864167097267
-22.43298785039964 74.48714509907373
-22.834579482858373 75.66094739956692
-22.575269367356118 75.90821780148869
-24.397393837936214 75.4818907486402
-22.65774621437645 76.10753960802482
-23.362079138342796 76.32817006740981
-21.684465518252015 75.16364958562606
-22.834045818843613 75.61047717929355
-21.91011080190391 76.00101562992377
-22.643065889053503 74.76923840233084
-23.46061612043836 74.33032181423455
-22.711926817171644 75.87470395442287
-23.674730188204258 76.38253811571546
-22.844359850859224 77.00732516992865
-22.518373287574786 76.11356200355883
-22.859020851781786 75.60368989643362
-23.690833172553685 74.53205807655345
-22.698971238175993 74.50148752005886
-22.121842309411132 77.6055806495678
-21.79957847087809 76.75709801826777
-22.34856248232812 75.01585987421757
-23.159550817826762 76.12147053651877
-22.369070207437947 75.96294018462046
-22.590737940144503 75.7011170786237
-23.622461524342082 75.75548288839246
-22.662202440001987 75.89053985206259
-22.885637270881507 74.51666436181267
-23.452399346954774 75.93159643185697
-22.75951811100511 75.67187257029701
-23.196520047111296 75.62385853438091
-22.921898462724723 74.94881289498583
-22.60291765535758 75.54819073332824
-24.13465274908028 77.0393071459156
-23.265407014209238 75.2055309837565
-23.91262039548847 75.85825043523054
-21.699184180016818 76.1846090569642
-23.313395807248998 77.08290664755049
-22.735768583027568 75.67607210453174
-24.39800377953322 76.11801444578722
-21.79793465934107 75.70500915267277
-24.390392080940142 75.36050682218685
-22.68996160843068 75.98040850493344
-22.42113169925167 77.02638385767568
-23.848838881875558 75.09309142040976
-22.59293683091405 75.89548055181031
-22.689408772125386 75.78243579388457
-23.159386077708938 76.95848754196318
-22.860084530508093 74.36832131210836
-22.68890747055131 74.71745986191667
-23.615572446319728 75.69857810253271
-22.172259126177998 75.46241444135934
-23.530805868597092 77.04925480877903
-22.05516863258908 77.25839789806034
-21.58852257486042 77.00073966309532
-21.761318582665915 76.68632172727875
-22.960674306981822 74.63781494299215
-24.016512522699845 76.62138840190572
-21.974239523637536 75.81489060190019
-23.114098629619274 76.48681990535734
-21.398989026771037 76.66370990533356
-22.297588908742494 76.77530013608218
-22.028872921074885 76.1857496370678
-23.431923826676385 75.69551460982979
-22.76301671214855 77.45100899210283
-23.628189211927594 77.37095999792922
-22.482593929198394 75.80811104362276
-23.76124378874197 76.1806505609658
-21.951028045457335 75.76588541909953
-21.84803510858591 76.11717020399581
-22.446466734841135 74.99694634151722
-21.957579600764586 76.60837702149907
-22.99713984239706 75.23139148297157
-20.980218283715065 76.54557833431305
-22.108696066827026 74.60982800168712
-22.725280717796128 76.02673686280826
-21.367357090804543 75.10773764515775
-21.665507333570037 76.16600278966907
-22.240453700117516 73.94195009623213
-22.135698510496006 76.684506001853
-22.835718000383594 75.58796376418205
-21.558110757642268 76.3059124278579
-23.494243595471108 75.14943139837084
-22.36093708819126 75.47760688467689
-22.337247566770305 75.63759637742984
-22.27559696277256 75.86362404346912
-23.19395847585536 77.33785619622597
-22.34668212760405 75.58545093816784
-23.05579917064289 75.47381756630982
-21.549867459641497 74.88923267174134
-23.46159731100681 76.13478960602315
-24.243065233271892 75.03378155849121
-23.917091659872153 74.43439345530851
-23.379861575022428 76.81476732673467
-22.38028162233815 76.30126444995872
-24.034904676404437 75.37278374689538
-21.126766967857577 76.15411888812146
-22.516531675455706 75.24883350224457
-24.04492730947761 74.34631003450609
-21.699233191116978 76.54832638881469
-24.592264340735717 75.14256770885189
-22.038726333079406 75.34160543382798
-23.533411829965516 74.66411123912039
-22.180425318012553 75.94244225131155
-21.564304180325117 75.70484731036588
-21.874240541577404 74.36956354949665
-23.71627949276527 76.13705694780775
-23.383706073210035 76.15100434322041
-24.534239168950872 75.40006744742132
-23.095956158786077 77.4507476050512
-22.821275229190856 75.76301205738291
-22.353639121388536 75.82543660005692
-21.039452230835956 75.46087135277754
-21.53904310325747 75.89909376144313
-22.848432409270565 75.82943947099596
-23.260194958309633 75.57610049777527
-21.74646050707795 75.32005880056174
-23.52423951688296 76.64216688789081
-22.893205128677547 73.9174579236535
-22.21168070182857 74.98050205733817
-21.08656082866008 75.55916955229681
-22.380053352091533 76.37221358789894
-24.32048513780739 76.76836383811722
-21.11433826140236 74.77678863924605
-23.827236701630593 75.48436181977831
-23.482765474887586 76.3920077198082
-22.930035339223075 75.61709649623806
-22.718200843258412 75.1800534295408
-22.610386568955693 76.4857369092524
-22.956675360616618 76.87047226258521
-21.198188582686285 76.70181084248387
-22.643643673745267 76.22830387376465
-23.27028102534056 77.05597555422061
-23.563493225607345 75.70236209269393
-24.465951973415343 75.9818325786796
-22.550980991672184 75.92124261574783
-22.573281810359664 75.61490497562876
53.43082176417309 62.75147560574396
21.2512461111548 41.97276964687468
-21.160941924632887 -51.66160953924448
-45.832650746131186 -9.224716098464256
62.04951266862665 -20.934152994470992
62.63625623077294 25.012311301287298
-74.44632687918943 -24.369209442011716
68.11745595970532 54.0783003720766
-33.1196013104142 11.697359274706386
-33.976854118797156 8.232710207946212
-8.279172991862367 -69.30379617229002
45.5994068399479 -48.08173850556409
83.63734815983659 -29.05534095892469
-15.274941109647685 80.30147355260289