-2.897086213 5.545845274 0.47761
-2.480807202 9.199238059 0.43318
-2.734024046 -5.182680436 0.36726
-2.525062851 -6.660258503 0.81155
2.004183371 2.167412473 0.12906
-3.702939659 -5.378326598 1.33413
-4.272842322 -3.251836984 0.95106
0.915871497 4.775079616 0.76197
2.340338892 3.539221471 1.05676
2.484962738 1.365008643 0.88026
4.846091056 3.108823604 0.31949
4.230667385 5.252963956 1.59716
-0.642546015 -4.001133377 0.6258
3.076011244 0.656966473 1.8449
-4.201838026 -5.491994731 1.131
-4.456956432 -6.108148983 1.05334
-2.967396354 7.610192583 1.33338
-2.043414016 -6.709681173 0.14503
-6.115773249 -3.944729984 0.42841
-5.404748147 -5.137427572 1.0999
-4.742203381 -5.827095839 1.30199
-2.308976042 -6.695134341 0.49842
-5.683099739 -2.810445268 0.33946
-1.151991034 5.720048984 1.58902
7.572540723 2.799090465 1.16617
-1.021485077 -4.391079486 0.47187
-4.594922648 -4.189892198 0.7949
0.322101117 5.59995205 0.59957
-0.033698423 5.491796158 1.89764
7.142877544 1.325259149 1.69526
3.670442824 4.826863478 0.93583
-3.761655105 -5.464670252 1.7963
3.644378862 1.539208628 0.80437
-0.361875744 5.613504135 0.69073
-3.229156632 5.978810221 0.62491
5.794324008 0.416108338 0.69621
6.687144979 2.037762525 0.93946
6.629233853 1.64623489 0.71973
-0.467014341 9.191351074 0.35133
4.911419136 0.741240925 0.35485
-4.343144982 -2.932406578 0.07919
6.921904834 4.101167354 1.23406
-0.977202389 8.109030341 0.09686
-3.817008088 -4.38054719 0.27972
-5.179030869 -4.197039839 0.95578
-2.381881193 -2.192339513 0.74874
2.173987628 3.411283403 0.66968
-2.832320242 6.665829504 1.73523
6.057919454 -0.202337919 0.82521
-0.454088108 4.393953873 0.90049
-2.132695962 6.319906982 1.49151
1.915273637 7.885543554 1.73112
2.017596443 7.483586671 1.52182
6.340277684 2.345264 0.31207
-3.624500777 7.332441835 0.33952
-2.682079175 -4.442512084 0.63458
-1.490331622 8.22179206 1.36491
-2.79209517 6.097392643 0.7446
-1.733737158 -3.38821978 1.61969
4.727478894 -0.184170817 0.3836
-1.662999259 -3.281468009 1.67874
-0.535880775 6.623061952 0.40243
5.637143854 4.469797074 1.68824
-3.371356999 5.496169038 0.17429
4.893788752 2.37357072 0.85158
-0.671144662 9.836659232 0.27051
3.401559942 2.620771431 1.34048
-2.118478863 -5.353820847 0.59911
-0.256001064 8.942115483 1.29835
3.200923481 2.854835332 1.09345
4.936606179 3.678924517 1.08899
0.53541563 6.30194063 1.09151
-2.306916973 -3.790408457 1.53657
-2.89416914 -2.187959807 0.37439
4.566334365 4.937921811 0.66276
-3.999075046 -6.337774852 0.76102
-3.201299634 7.914387331 0.80586
-1.560612236 -6.278046758 0.40717
-3.957472194 -6.281723108 1.65873
-1.43300015 7.466504439 1.43547
-3.983631125 -1.758195985 1.92906
-1.431770048 7.196846053 1.87687
-0.598928051 4.823349561 0.38848
-5.654745944 -3.825403002 1.50694
6.027013888 0.690721111 1.28257
-5.928166375 -5.329584979 0.74034
3.585267149 1.325309231 0.46481
6.574060096 2.202586996 0.28114
-3.056483416 6.740234656 0.29141
3.281634631 3.066586159 1.33866
-2.634519529 6.552942133 0.40873
3.390520093 3.332119189 1.31521
0.717334681 6.709722345 1.53502
4.787318439 3.492546006 1.02103
-1.067089624 -4.068624206 1.67041
-1.278878752 8.370177003 1.92607
-5.278019871 -3.325864273 0.87986
-1.361823958 6.015926588 1.72472
0.004534377 5.380814179 1.03143
4.616611054 2.224813801 0.96835
7.634549309 2.242112606 1.00945
-0.315418086 5.309149842 1.71443
6.470171103 2.938452282 1.76165
1.112160508 5.304410216 0.94229
-1.11231444 8.461534728 0.10459
1.365010793 7.941629825 0.46246
0.810063792 8.67401823 1.25311
-1.854475719 7.323766723 1.72191
-0.841058897 9.754808962 1.847
6.25387699 -4.960111417 1.53096
2.86991019 1.084192439 0.27498
-2.339928183 8.994328346 0.09924
6.482200789 4.207658838 1.5503
-2.463832253 -2.087843991 0.9822
-2.14858624 -3.529300005 1.45567
-0.873823357 9.120547173 1.01526
-2.837264503 -2.259287139 1.44432
-2.976587086 -3.184738107 1.0183
-0.659936637 9.262667713 1.90649
4.771093285 4.58052809 1.41105
0.976289105 8.54440489 1.40857
6.390101458 4.70411801 1.81323
-0.603444892 5.507004545 1.71031
-1.867407878 -2.539061311 1.9189
-0.427031286 3.896689855 1.3214
0.641949202 9.260009371 0.38623
-2.009562007 5.02567735 0.05783
-4.903300738 -4.552202029 0.20786
0.799247877 6.091462111 1.69151
-3.376891622 5.496026318 1.22346
-1.0367777 -5.876443499 1.94775
-1.741517644 9.239377464 0.96276
-4.342826229 -2.467664753 1.22667
-1.235671127 9.795330345 0.36302
-5.958299057 -4.363219383 0.82363
-2.821572779 -1.681988957 1.52593
2.883593516 4.335962922 1.92522
4.829848196 5.160360173 1.35848
6.007871865 4.852370169 0.91556
-0.859923382 8.622780592 0.30049
-2.926066382 4.78392574 1.80913
-4.08720039 -3.688082352 1.00657
-1.220166187 -2.606600389 1.22281
-0.999902763 5.167994752 1.94953
-2.807324449 6.131486487 1.9072
3.130613991 2.693028003 0.39627
-2.210903774 6.4997942 0.7077
3.922983194 0.1690071 0.7351
-2.050712701 -2.486969962 1.83935
-3.421916437 7.338091517 1.83697
-2.006277249 -4.632152047 0.35233
0.011371413 7.385219578 1.55652
-2.446599338 -1.895824535 0.3075
-0.360164331 3.981433821 0.34806
-3.934868201 -6.030199993 0.37316
7.846227784 2.657488567 0.13514
-1.315678038 -4.049153639 0.21694
3.34528666 2.194905997 0.61919
0.798322648 6.998118192 0.56477
5.710685497 0.603454765 1.2921
5.613801828 4.717988692 0.32924
0.540638546 7.914929122 1.48257
4.895157623 0.436198718 0.14801
-1.996290771 -2.837811813 0.83757
2.971074212 0.26095879 1.21577
-4.457514497 -2.212081524 0.94246
-2.597956686 -6.750147519 1.57763
5.099177301 4.594551552 0.47967
-2.994284454 -5.775968502 0.4004
0.224269538 4.260976901 1.19363
-1.475699319 -5.419890907 1.98223
-4.373727508 -4.236331625 1.71272
-2.633373261 4.658917659 0.88462
2.935492593 4.269353224 1.61413
7.154354144 4.45139649 0.98718
5.294189096 0.02909866 1.80599
6.706048542 3.731568427 0.23329
-0.008349076 6.177476006 1.82689
-2.681318542 6.479595526 0.27062
-1.482426057 -3.927936821 0.2782
4.835144523 4.112419416 1.02448
6.398470747 0.678966737 1.15469
3.282469639 0.230690249 1.80445
-0.969028267 -4.83760505 1.81863
7.308557068 3.198874465 1.46194
-6.21521045 -4.695791901 0.50396
6.821840632 1.718985382 0.26641
-2.277015973 -2.27640527 1.90345
-2.0045356 -3.409406144 1.84767
4.457874136 5.157469068 1.40204
7.15945817 0.704272089 1.9683
-3.372419999 5.61528443 0.33084
-0.742170804 6.139592225 1.75192
-3.553381539 7.33444534 1.11282
-3.062887829 8.612607211 1.7799
-1.450412008 7.187739808 1.65211
6.045607873 0.686989072 1.53889
-0.259275175 6.311359372 0.17721
0.794736533 8.603041667 1.49724
-5.178843421 -4.831589938 1.90566
-3.513832578 6.449266368 0.8093
-2.336016863 -2.603089728 0.89116
1.063958869 5.126050905 1.23129
-3.709339303 -4.64057677 0.13036
4.29544436 1.793997662 0.22932
3.1193117 1.698319601 1.43759
4.461941738 3.872469766 1.71004
7.069400539 2.427376243 0.24553
7.155453699 3.202089703 1.86261
-3.174216097 -5.322769072 1.26219
-0.446403113 9.2289193 0.95886
-2.533527428 -3.750780638 1.10444
-5.015376891 -4.582672756 0.16506
-0.764252929 5.775236363 0.31083
-1.15052681 7.028341971 1.06648
3.568352251 3.200466502 1.03673
1.947516251 6.723821533 0.46015
7.6676837 2.747017777 0.98311
-2.364040331 6.228754668 1.47621
6.059558289 4.612885593 1.61095
-4.351529615 -2.588863021 0.93904
4.557229466 0.014327553 1.26659
3.034107874 2.98944174 1.2498
2.233341906 3.210866164 1.91384
-6.280123941 5.598368078 1.59898
1.309259346 5.221608772 1.10034
-3.640363493 -5.570745132 0.31799
6.747417453 0.229541238 1.46125
-5.12293041 -5.883361642 0.12075
-1.050028016 5.487474724 1.19349
-3.025413539 -6.625964573 1.3111
3.420926084 2.315615226 0.89502
4.897311169 3.513698271 0.53335
-1.06064403 6.097182418 0.85906
7.398975257 2.66848493 0.2676
-3.645349511 -4.048438197 1.59199
3.283132484 1.790787254 1.01338
-1.033937485 -2.856312583 0.63619
-0.754894918 6.534638804 0.07646
-1.746796322 6.081989102 0.70766
1.869535708 5.654144493 1.25524
-4.611747513 -3.570374272 1.45388
-1.622257776 -3.675956362 1.58124
-3.133931465 6.310249679 0.52574
-1.451220954 4.582469835 0.62399
-4.748794446 -4.460591666 1.70915
3.408621636 3.737901197 0.77359
3.663684783 4.963109019 1.14115
-4.190312048 -2.053294858 1.72303
4.783938573 5.136066822 0.10897
4.733681059 2.486987715 0.89206
-4.492123545 -3.57443094 1.38359
-1.660097764 -5.113319796 0.14311
5.193247928 2.851551204 0.50732
3.819296514 3.588036651 1.38214
-5.368210205 -3.855935359 0.90136
3.649856686 2.948977798 1.28326
7.697964047 1.63933897 1.61807
-3.037912416 6.152346004 1.50194
3.217963625 0.892528613 0.25898
4.198509008 4.212631763 0.80305
-5.986392163 -4.092199823 0.11412
-2.86569272 5.450760295 0.57443
-4.328429536 -3.680427148 1.97518
-2.599003411 -4.219965897 1.62648
1.879834747 8.015698264 0.30206
-3.734889241 -4.283784397 0.71833
-4.003476728 -3.847792919 0.54686
6.726995406 3.718082618 1.11462
-0.540193327 6.178627307 0.1997
-5.436052181 -5.815851651 0.80344
-0.716201235 8.212625348 1.94955
-0.090512055 6.116059244 0.74148
0.62231171 6.007967485 1.507
-1.399131373 -4.960146607 0.49667
-0.601341537 8.191475497 0.62439
-1.762695013 4.156845678 1.7071
-0.400575519 4.794683772 0.46343
5.290410321 3.264407031 1.44024
-1.331871579 -3.678753767 1.13668
4.716876539 4.433195825 1.33695
3.982196067 2.374435146 1.5555
5.474899042 3.372066149 0.42216
6.069252184 2.023328536 0.18398
-4.739216409 -3.750444915 0.92307
7.16244941 0.566112461 0.13002
-2.15038788 -3.192234772 1.03973
0.961419069 8.980873578 0.42826
-1.619924351 7.935888257 0.70989
3.437550313 3.371432264 1.25312
1.559939209 5.862263461 1.35515
6.677476113 1.043671034 1.20019
0.906878143 8.149439355 0.48661
1.348371811 7.413667754 0.70756
0.033627085 8.847857605 0.69895
5.279075113 -0.113776532 1.06097
0.505101359 9.323461681 0.47263
-1.733497796 5.71568389 0.72216
6.362506234 2.517532971 1.34506
4.603892476 2.116145498 0.35643
-1.475331235 -4.209430839 0.58754
4.185606718 5.370072199 0.40789
4.393978252 3.649341754 0.30177
4.668587343 2.678788687 1.85951
-0.645369687 -5.089015706 1.50148
-1.591622722 5.403010713 0.90573
5.719643712 3.695370423 0.29122
5.00005348 8.100006595 1.74475
-4.357576266 -4.490425299 1.33355
6.299598585 -0.139373868 0.29216
1.631382427 7.605314433 0.45267
5.070490038 1.176902632 0.78125
-3.79847582 -3.088745065 0.78162
-2.363667789 4.493781878 0.62527
1.40297889 5.151783527 0.5851
5.651506677 2.716843595 0.11551
1.062127331 7.826848842 0.53902
-1.944087353 7.922858315 1.67948
-3.295824185 -2.632176687 0.17612
-3.158592578 -5.334703722 1.55664
-2.397820746 8.181120738 1.29986
5.593240125 0.952703209 1.1024
6.084602892 3.952488509 0.41889
-2.189471701 -4.948974318 0.75318
-0.779441868 6.839481955 1.49118
-3.214685671 -3.437532511 1.0713
-3.824728027 -3.497025141 0.48017
-1.30465806 5.472641046 0.97085
0.140320278 9.126313047 1.37268
0.878170861 5.668945982 1.26992
6.165873208 4.555598686 1.92789
-3.208895342 -6.851453411 0.90896
-1.370255237 -2.88932668 0.83033
-3.596589284 -6.267410325 0.17239
1.936889553 7.841693888 1.87829
-0.108755837 4.902103967 1.87401
-0.146359828 9.073514957 1.56097
-5.507273859 -3.7080115 0.68321
-4.156654301 -6.176738878 0.32379
3.184205685 0.32054583 1.03204
1.177122644 7.918332052 0.41051
3.613133096 1.483238517 1.75022
6.715345374 1.841966636 0.94048
-4.499116479 -6.49957859 1.503
0.199153791 5.755005996 1.75694
7.17529567 1.858592395 1.9445
5.314084011 3.080186222 0.41644
-5.770531117 -5.890630655 0.52757
-3.550260298 6.947083081 0.77625
-5.243922082 -3.699652502 1.41409
-4.695648126 -3.610751504 1.78475
-1.451818895 9.681524439 0.80518
7.101724404 2.084733714 1.65496
-0.60308364 5.641167393 0.54697
-1.529771942 7.928174022 1.31608
2.594005093 4.235523319 0.86375
5.178942973 1.212045118 1.79809
-1.144720284 9.229955936 0.80761
7.025105989 4.397305536 0.92196
-3.662206641 -1.194061108 1.58222
6.419484148 1.499640366 0.56471
0.134668672 5.091314948 1.61379
-1.384429134 8.263878383 0.76676
2.957641298 0.58501159 1.8056
-2.111148787 -2.750071013 1.72435
4.919809737 3.344007375 1.99717
6.023399614 0.60881387 1.93745
-2.245893902 4.538055837 0.26268
-0.529931658 9.389556407 0.45776
-1.455245134 4.656531301 1.44189
5.695674693 2.71764709 1.83155
5.37679606 0.899637513 1.07399
-1.135335512 -4.222925805 1.92854
-5.107489128 -4.992204975 0.69885
5.498543717 1.22493021 0.15149
4.923964345 4.866670183 0.39947
-2.374663006 -3.238864564 1.84657
6.036568925 0.360444449 0.91872
-0.736390958 -2.860456863 0.28032
-5.691933597 -4.245962183 0.81642
-4.89894787 -5.048253411 0.54221
1.192265397 8.126981775 0.19459
-5.078102494 -3.718118441 0.73229
-0.687592634 5.119907567 0.90242
7.572569753 1.826177417 0.08219
-2.665691884 -2.599678308 1.74465
-1.946821286 9.530013364 0.75935
-3.419124317 -3.049281433 0.4599
-1.243087985 -3.481667129 1.56288
7.209436157 1.299927802 1.17419
-0.807672458 -4.443281975 1.77811
-5.933843438 -3.145004029 0.37891
2.913003267 4.399863835 1.9088
0.093156571 8.976998494 0.37153
5.619886827 0.149034327 1.74644
4.612628689 2.815080521 1.99908
7.495653783 3.944083515 1.99805
3.078973435 1.363043018 1.0021
-1.477658594 5.805217073 1.78393
-1.657102582 -2.843674353 1.01429
-4.563463194 -4.427953892 0.44937
-1.977241239 8.206557679 0.71982
-2.856335334 8.06496468 1.96549
1.122814968 6.823502754 0.75519
-4.262981561 -1.345162548 0.17141
0.402309175 6.322648571 0.63579
-5.536668165 -4.241146621 1.47887
4.897929086 0.306307173 0.32948
-3.080787724 -5.924921455 1.47767
6.250204567 4.703216711 1.2005
3.611240275 0.067381298 1.79017
4.299179109 3.261129747 0.85491
1.681882554 5.908658112 1.44202
3.080724038 3.019538986 0.07939
-1.252136146 9.431380628 1.42193
4.417085103 3.197811155 0.14378
-0.545419212 -4.404046748 1.86015
0.332355989 5.934795637 1.24323
4.855959453 4.804177874 1.26871
-0.791465758 5.123378087 0.67047
-1.381173535 -4.874769187 0.86539
-4.75575675 -4.216091517 0.06797
6.383250614 2.773365153 1.91658
-0.740805465 6.281283015 0.44379
-2.891415764 -3.218615857 1.64189
-1.568172002 -5.079803872 0.80404
-3.550834563 -3.443673163 1.05271
-3.533301557 5.709027508 1.19297
4.839214359 0.664397823 0.61109
5.695042499 0.873333617 0.7022
-1.670074679 -5.044182834 0.9339
-5.170404959 -3.340914313 0.44867
-3.557244806 -2.651245441 1.91838
-2.998891465 8.721089936 0.67744
-7.085996462 5.165263407 0.44386
4.863858051 3.240609897 1.99292
-3.535204381 -3.946365463 0.74631
5.262636574 2.139992875 0.59374
-1.214356266 -5.541348111 1.32499
-1.010396434 4.129324857 0.79526
1.418056654 6.504177835 1.73528
4.814969054 3.885217587 0.79474
-2.977933643 6.485090969 0.56874
-6.177414478 2.478158673 1.9335
-4.946950159 -2.888627826 1.20543
0.744328011 7.876002185 0.81121
3.318914775 1.505299648 0.87867
-0.728881761 8.517315328 1.74161
-0.597446137 5.186725763 1.96155
6.083822984 1.604006613 1.16517
6.67923348 3.919876818 0.34176
3.665492516 1.492533647 1.06835
-2.387445483 -6.060370603 0.11799
6.82502329 3.527597339 1.99053
-1.146116977 8.623039164 0.45889
-4.715635776 -6.782802657 1.02607
-5.787367603 -2.851201982 0.28738
0.48182865 6.607329003 0.38259
-4.847835126 -4.121498869 0.31649
-1.74768846 -4.464775439 1.07423
-0.58429305 5.996663583 0.63959
-5.900786498 -4.028162062 0.83156
2.494860252 1.101404018 0.96544
2.489692504 0.824048102 0.57481
-2.973316782 7.188415008 1.87764
-2.838168245 8.101917178 0.07798
6.753279858 4.730505241 1.9485
-3.012567551 -1.962726878 1.70349
-0.837395725 7.651199616 0.68486
2.482337188 2.470734684 1.4026
-6.134085949 -3.895816467 0.33073
6.097750866 4.688673546 0.60856
3.850201024 3.420254865 1.62584
3.672419886 2.096183831 0.28405
-5.443371806 -6.072998462 1.11502
-5.379030228 -3.384915697 0.66617
4.928822626 3.742340019 0.32732
-2.620311738 -1.218786838 1.78107
-1.565971128 -5.286754695 0.40393
-2.681748952 -4.822247227 1.24802
-5.245197032 -3.650708709 1.52535
1.659875038 5.86806484 0.32947
-4.973701075 -3.608550277 1.56051
0.969896463 6.260686381 1.05866
4.959624302 1.913905249 0.92309
2.272281574 3.750706914 1.67993
5.828413054 1.894263947 0.8463
-1.229348089 -5.765757534 0.80694
2.626542899 2.372182724 1.33141
5.245009989 1.667694578 0.81121
1.145281633 -7.938903319 1.25027
5.940267221 1.021616108 1.56088
-2.288044564 7.28317043 0.50677
-0.894500756 -2.853962372 0.89159
-1.277176842 -4.569096149 1.25625
3.191466735 2.858404671 0.50088
-2.582039657 -6.299017055 0.12551
6.902193801 0.261174239 0.34979
5.736017266 2.519221069 1.11116
-5.152855737 -3.366646579 1.91972
-4.523052143 -5.424648787 1.5868
-1.029948492 5.636476187 0.20142
6.615216862 4.903736153 1.03895
-0.017402425 9.340471557 0.80053
7.137686707 2.949222654 1.3521
-1.365574247 -1.898093881 0.72095
-2.408791124 4.734825435 1.53954
4.393123076 1.819293397 0.86253
4.878423301 3.301832918 0.48465
-3.529874391 7.896664111 1.1331
5.321464308 1.493431184 0.99385
0.135316568 4.321332644 1.10166
3.025020653 4.305922351 1.70829
-0.65107796 -3.031193798 0.24072
-1.691147636 6.842844815 0.46456
-0.761852027 -3.265046929 1.38698
5.808206786 2.918247542 0.29084
-2.174909286 7.334523258 0.8213
5.869843118 0.904148546 0.06459
5.172757176 2.044763651 0.60177
-5.422005621 -5.290303606 0.62816
0.119658627 7.558119513 0.31029
2.496177645 3.465263204 0.05872
-0.881410843 -3.250123418 0.60058
-0.040354121 7.937101165 1.61465
-1.287187654 -5.160902469 0.14641
4.046051206 0.666635985 0.11078
0.809248148 6.746189138 0.24419
8.018274274 8.88918295 1.7754
4.556950891 2.287782511 1.66736
-1.236608193 8.93405535 0.06616
4.281682295 0.895766578 0.62668
1.546788021 7.516621175 1.2886
-4.065172324 -2.74126896 0.91038
-1.560980664 6.641816613 1.97883
-6.031490739 -3.784542246 1.65149
-0.725922123 8.25176709 0.45031
3.901112598 3.481414347 1.77408
2.626498378 0.672563381 0.06593
-3.482056343 -3.308306923 1.69862
5.894508519 3.289914455 1.28938
7.648211287 2.439683159 0.79319
6.130001395 2.190275739 0.87398
-1.008235812 6.83241438 1.24968
-0.739156813 -5.051942906 1.26933
-5.085027605 -3.222999068 0.28438
-2.889474205 -3.352586354 1.37311
-2.274618901 7.167495422 1.68604
-1.546142862 -5.275557379 0.75141
-3.249785216 7.332012448 1.13596
-5.14442045 -5.002040682 1.94592
-4.328993744 -2.767696758 0.40413
-1.040487916 8.036236465 1.66707
-1.365113686 9.287476922 1.51545
4.181045568 3.360093922 0.65019
-3.385412825 -2.278165633 0.45562
2.015099613 7.346541095 1.29869
-2.533360622 -2.526231059 1.04636
6.228425805 3.601296221 1.53536
-5.391323496 -6.053694065 0.28979
-3.674244809 -4.590588939 0.76087
4.027259297 3.09388186 1.32252
-1.60403316 -3.684583874 0.21668
-1.349790845 -5.515154766 0.3682
0.028621013 7.012254719 1.5844
1.101008346 5.023856675 0.89608
-1.766170276 8.731543629 1.00271
-1.794136763 4.943467867 0.06218
-2.650397143 9.167298219 1.25685
-2.509793027 -2.945588636 1.24481
5.190830541 2.589831461 0.16492
-4.164722806 -2.439408109 0.66089
2.534511534 3.155538459 0.70829
4.187024026 -0.208661366 1.69334
-2.17005035 8.881823331 1.0995
3.693292317 4.890806778 0.5512
-1.423816068 -5.284047161 1.89066
-4.00006245 -6.384564202 1.83954
6.874294082 2.073426745 1.71065
3.545581351 0.80010332 0.27431
7.127463346 4.414816424 0.10531
-1.815126025 7.169847344 1.36855
-3.423242081 -1.413625932 1.35428
-5.600722166 -4.350000956 1.30484
-1.735249561 -4.884331244 0.71257
-5.080069234 -3.630994038 1.06684
1.762309767 8.391764047 1.65851
7.297280271 1.419704648 1.15957
7.089190553 3.573107525 0.66184
-3.343112864 6.361609883 1.78727
0.031220096 6.498761304 0.65778
3.677114527 3.024951746 0.13681
1.181129875 5.958143255 1.5279
1.4333588 7.345431507 0.05781
7.04292852 0.970174976 1.70131
-2.461370768 8.085471427 0.75962
-0.611128629 -4.236696309 0.56556
-2.150581353 -1.934512933 0.0929
6.56968053 1.343464885 1.6715
-6.235002696 -10.814688382 1.40653
6.886566602 0.827494308 0.50978
-0.552647481 4.5317219 1.55851
-2.200171289 -5.111384592 1.72117
1.326193612 6.529909265 1.66222
-1.986124429 -4.941685143 0.08139
-5.023766453 -3.755137907 0.59532
6.089615452 1.302348766 1.53508
4.550890043 1.566848818 1.25718
-3.440582583 6.545501519 1.5849
6.70466609 4.076203798 0.63155
7.011743854 3.311335135 1.04838
-1.341415917 -2.251738727 1.15257
-2.926395912 -3.744708004 1.14371
3.035120198 3.037118894 0.55285
-4.239708083 -6.86967994 0.48956
-3.097176164 -1.619797867 1.90427
-3.645023873 -7.050504782 1.23578
4.338961 5.207489456 0.82359
4.306000745 2.398685154 0.80594
-0.648865251 6.186835156 0.8642
2.933828337 2.076025326 1.65345
-2.598634291 6.666834692 1.09799
-0.34148078 4.834496505 1.37381
2.538641477 1.903253378 1.18465
-6.261543746 -3.719672879 1.25279
5.489822723 0.604363298 1.1099
-2.05755489 4.256748324 0.55239
0.175726287 7.579533241 1.78024
-4.959658289 -2.803955145 1.08822
-3.194123075 -5.582453857 1.56825
6.164855611 5.076510745 1.75631
1.727896587 7.74283452 0.80227
-3.342396184 -2.033697931 1.00749
6.426350362 2.341214772 0.33434
6.032888585 4.655092387 0.84712
-0.026265615 5.663276988 1.93593
-0.410785319 9.301015369 1.5098
-0.663494152 -4.979251939 1.86969
-2.399317307 -2.553412205 0.69644
3.747441209 4.378874369 0.76483
-6.139059763 -5.216776796 1.46705
4.987637694 0.276257458 1.20632
-1.571306229 9.454410188 0.25416
-0.759146947 5.29258801 0.45106
-2.694330824 8.259543237 1.75833
-1.103471049 4.123429807 0.63117
5.445537331 3.355998894 0.10871
-1.706076699 6.758853093 1.54955
2.146634985 1.749658836 1.78695
6.890685653 2.90781859 1.11945
3.670558621 4.61091397 0.12056
-2.152545386 -3.093889031 1.25898
-0.642769636 6.01691117 0.5706
-1.428728978 3.978998714 0.82595
0.241349213 4.3638158 1.46597
5.990846936 4.149756597 0.22913
0.351250931 7.556559324 0.92294
-0.30480282 -9.955733506 0.95483
1.230647262 6.25316336 1.39714
3.139123013 1.790871321 0.74136
1.742401157 7.389621034 0.30207
-2.077319742 8.162261913 1.32343
-4.811278053 -3.47453044 1.064
0.90798647 9.206504443 1.13366
-2.850911667 5.230974618 0.4491
-0.881483297 -4.223552366 1.54123
4.284114773 4.179856996 0.308
-5.128058632 -4.174464339 1.69225
-2.601106855 5.017431534 0.15276
6.9237755 3.928225215 0.93909
2.760656128 3.145031129 1.35685
4.153119483 4.862019722 0.25567
6.16621085 1.302851763 1.82704
5.978406703 -0.007642709 0.72845
-5.434914682 -5.212866169 1.11727
4.715736714 3.34794553 1.55478
-3.643394994 -2.392964987 1.53776
4.390229643 1.770442953 1.55109
-6.174178397 -4.347313198 0.85299
1.05558863 5.44604983 0.6748
-0.755238031 7.981140975 1.75283
-0.795198085 7.895757782 0.44814
3.137767047 3.677134216 1.3444
-3.576833471 7.906677423 0.55075
5.720777436 1.802482432 0.79494
-1.132833146 -6.045448116 1.781
5.314125985 2.927868938 0.59554
-1.762961351 7.960261101 0.61521
5.145387001 2.744393755 1.43023
5.302856473 -0.11771845 0.38686
-1.089743488 -5.582313451 1.18827
-0.332707188 5.469523994 0.17888
-2.494560329 8.847582071 0.71789
4.10661756 3.997792572 1.49402
-4.334456131 -3.465005661 1.45514
-0.346334215 7.853032836 0.96544
1.491107319 6.328633735 1.05467
-1.218210974 4.440044417 0.21353
-1.16694904 8.026586496 0.71691
-3.420223151 -3.233233307 0.83935
-2.891577118 -1.582662949 1.31998
3.548275453 2.913766757 0.40961
-5.275803371 -3.282633164 0.80467
-5.04686663 -2.614369098 0.51591
-2.754992003 -3.389986369 0.79234
-0.931876132 4.139195296 1.94695
-2.550942564 -1.834862589 1.44874
-5.41045874 -2.150142006 0.66288
0.10518307 6.57202852 1.5477
-1.689850992 -2.159492787 1.40104
-2.76988431 -5.453102982 0.50034
-1.613844771 4.227946185 0.75682
-2.823927198 -3.432916922 0.32824
0.039495595 8.773378153 0.34729
-3.63633954 7.19391128 0.21989
4.830573171 3.596077776 0.627
4.609736052 2.74817284 0.63475
-2.444157628 -3.116111176 0.67388
4.370511344 -0.283410783 1.99611
6.363860419 3.956645766 1.54459
-3.156350372 -3.983781035 0.88478
0.217017637 -8.964865218 1.42439
6.684053005 4.797673364 0.9524
7.642994423 2.517403606 1.572
-4.69496674 -3.092707522 0.112
0.038418568 7.926396451 0.83977
-3.506254174 -6.760469078 1.60737
-3.142422837 -5.58139028 0.85555
0.730761321 8.194082576 1.3287
3.478868562 3.819559539 1.86695
-3.222864596 -4.758489195 1.30804
3.142721783 3.753895795 0.44867
7.353974156 1.054324654 1.20537
5.422361783 5.162088515 1.24167
-2.737363508 -5.203612666 0.86795
-2.014610517 5.256201273 1.1795
-5.74078011 -2.764835486 1.7591
6.162503316 0.700565543 0.13439
3.529490556 -0.012445775 0.61974
-4.609112473 -5.687977427 0.20763
-0.145453054 9.305740976 0.05993
-0.840326432 7.965450682 0.34017
-2.743691724 -2.107645702 0.26025
-5.162122377 -5.515138854 0.59942
-4.143269648 -4.879486473 1.8259
2.175358783 3.468071131 1.47622
-2.133020916 7.831940875 1.93796
-0.551260894 -4.357381147 1.05201
-2.109200858 -2.56818236 1.91959
-1.776424459 -2.568040109 0.85721
2.158908397 1.747547708 1.5982
-5.762643847 -2.266252843 1.5569
5.149085163 0.161872911 1.40273
-1.532413374 9.585822207 0.22443
-3.876387454 -5.136598787 0.99077
-5.250729998 -3.158988901 0.07886
0.575709859 4.542503281 1.3829
-5.322782319 -5.085036465 1.23791
3.670320038 3.492632208 1.5017
-3.113660683 7.563840231 0.21511
0.890399075 5.506559108 1.7122
-3.489087234 -3.768093159 1.31698
5.138557213 1.853269582 0.90731
-2.280763099 -6.196309874 1.8614
-1.719110605 7.614618298 0.93938
1.314284674 4.935247188 0.94494
6.046892344 3.037773505 0.25047
-0.514446448 5.882998572 1.44411
3.505213801 4.230132019 0.94908
-5.570297512 -4.213334424 0.35155
2.061845318 6.171600365 1.00938
-3.273512018 6.3724774 0.41777
-3.349294026 6.100277061 1.18829
-3.459951508 5.846771928 1.58992
3.162250522 2.9350505 0.51709
3.741143674 4.860073219 1.00025
1.946103459 6.563708361 1.16971
3.537879255 0.992434628 1.56222
-1.411862987 -5.757128139 1.79568
2.13690834 1.917719135 0.87543
-1.547672279 4.859553049 0.7761
-1.565992082 -4.91189136 0.72553
3.654121112 3.303436764 1.48888
-2.013180437 7.302987427 0.89949
-1.315991456 -5.226027725 0.98891
1.182027957 6.167474943 1.37534
2.373810985 2.807843465 0.08138
-3.092238216 -3.264192155 0.90522
1.856560268 7.129016138 1.37089
-2.553555157 -3.956140173 0.8906
4.765260741 4.584581439 0.4417
-2.55252231 4.615955316 1.86495
4.114555505 2.954597268 1.26649
-1.805366085 -2.461904694 1.40928
5.756324598 3.987053291 0.05373
5.655859191 3.35524547 1.55844
-2.138124813 8.86256548 1.06827
-2.249704573 6.494826757 0.14277
4.391759008 3.41815668 1.24166
6.784577152 3.546261248 1.43348
-4.914989394 -4.660583073 1.93718
-3.171389502 -3.629868831 1.14129
6.786691665 2.576930594 1.19574
4.27076388 3.893212798 1.9774
5.720141422 0.069434255 0.93146
0.775270777 8.020404467 1.51561
5.453489729 5.152797004 0.95804
-8.782238401 -4.060337884 1.74909
-4.946826273 -5.830774934 0.14241
-1.711588414 5.330623629 0.27849
-1.762160818 -6.575808136 0.84496
3.762714959 0.756534606 0.67391
4.963305342 5.351749786 0.95308
5.289304401 0.858390737 0.61975
0.215253125 9.337528917 0.54475
-1.002711525 -3.983524964 1.95636
-2.370164096 -1.605307569 1.58058
-3.356520626 -4.980420258 0.9159
2.873953953 3.47796356 1.9246
7.45258898 1.452029849 1.7494
-2.01895474 4.478245067 1.17399
0.593095431 5.438950449 0.59129
7.196363652 1.136857581 1.94755
-0.980210764 6.115333061 1.35278
-0.091106117 7.724385143 0.60046
-1.564412795 9.379922104 0.28275
0.34513664 7.017754241 1.72412
1.398771869 5.553818491 1.53739
-0.481131797 4.875763743 1.42848
-0.42132888 6.847232239 0.91889
3.994610466 2.453138964 1.74958
-3.335300764 -3.372376363 0.82261
-2.147937974 9.190521857 1.66356
5.488203191 1.273761165 0.81281
-3.58880928 -1.263579287 0.69967
-2.391755177 4.622288921 1.64072
-3.750687364 -1.413826782 0.57928
4.310576052 1.910551888 0.11709
-1.867313461 -5.418587366 0.83609
-2.707669412 -5.867688143 1.30093
2.882638129 1.895492938 0.82478
3.163313188 2.055312344 1.61674
5.017958785 0.806521399 1.06528
1.148457535 6.492211494 1.5874
-1.62696192 -3.732153869 1.7187
-2.028756469 -6.278571363 1.94605
-1.317534521 6.916194738 1.79152
0.268704584 5.430066532 1.3382
-2.268641879 5.921893158 1.52416
5.114711743 1.902702254 0.8799
2.117859571 2.219936422 0.20534
-4.348696155 -5.51086449 1.66186
5.880360983 4.053182844 0.87106
-3.135021443 -3.047210363 1.92691
3.845050577 2.599338594 0.61593
5.472236548 5.304375642 1.25343
-2.88275484 4.900000462 1.52304
2.814463259 3.965680618 0.97147
-2.891516411 -4.295380705 0.4699
-5.575882953 -3.62812638 0.71412
-2.637746969 -1.471151415 1.20736
1.170172422 5.022258748 1.42372
-2.390922627 -4.482327124 1.56842
-4.344452072 -4.858353342 0.9958
-6.043858915 -5.29671059 1.04332
-5.005027425 -1.948642458 0.22301
-2.910772921 -1.83674046 0.35042
-0.460966953 7.852397256 0.99555
0.840076105 8.20927656 1.67936
2.910543091 -9.54589169 1.00046
1.134913465 6.121769985 1.28607
-5.854988868 -4.115636993 1.10493
1.484794616 7.396893655 1.53047
6.290785389 4.467076156 1.31966
-0.141068673 4.565948539 0.31858
1.438510285 4.971650483 0.33302
-2.960835187 -3.930093769 0.91749
0.733473168 9.316059367 0.07898
5.375524115 4.392317345 0.36741
-3.652120202 -3.291133653 1.3964
-3.237045748 5.743224565 0.59344
6.648082044 1.690148538 1.94717
-0.763723056 4.971876568 1.70627
-5.243612248 -4.977820106 1.70366
0.136881502 8.648037747 0.55677
-1.461978876 -3.870220291 1.95941
1.579566129 5.998111304 1.81968
-1.975221215 5.765135184 1.68178
5.786587101 2.056895105 1.82514
-2.81564306 4.733630713 1.79685
1.66244968 7.882993124 1.41132
1.142401404 6.751501556 1.03389
5.437283175 0.874662093 1.0318
-1.028326752 7.108176702 1.30435
7.134931178 4.114857528 0.77053
-3.388374523 -4.096118788 0.65416
4.303592164 1.839734542 1.84166
4.34045022 2.559844953 1.58324
-2.844763428 8.112353856 0.22981
-5.577911834 -5.774870767 1.92934
-1.842539972 -1.985572329 0.71999
-5.87258147 -4.286523207 0.48934
6.902920386 3.915926279 0.42639
2.728986446 3.101525921 0.28863
-1.336193286 -3.375472375 0.10219
-0.12415002 7.854440127 1.37796
-3.446969928 -5.338226272 1.48354
-4.778403616 -1.65818477 1.54249
4.679989113 2.49183158 1.59699
4.296426152 3.868268676 0.98544
0.083696063 5.40686865 1.90697
-2.987797545 8.114243382 0.46937
-4.245577599 -3.788956045 0.67357
1.713016105 6.455358253 0.36972
5.271195446 5.37583491 1.48268
-5.076796509 -2.239159619 1.93448
3.698722519 3.228265444 1.73199
-3.705678418 -1.760537619 0.13264
-2.326136537 -2.275846467 0.72125
5.050995739 2.036309734 0.904
-1.853266217 6.31181745 1.63665
-2.439643885 -6.608570072 1.55337
-3.004374386 7.483490353 0.99409
5.88953603 3.127896211 1.16039
4.582869536 3.353041593 1.87789
-5.04721558 -6.333658999 1.81846
-5.378692806 -4.542186954 1.96677
-3.825301377 -3.077221502 0.72776
6.780947409 4.75555917 0.24266
-1.153517119 -3.507975139 0.77863
0.528623758 6.240306379 1.52254
0.707855274 5.15479243 0.09687
7.081097139 4.553935251 1.57846
0.001995713 7.432591279 1.44093
4.229310615 2.455551072 1.00179
-1.907670309 6.702081463 0.84461
-2.751712756 -6.516356815 0.71262
-3.762794061 -4.509753636 0.73717
-0.774377446 4.108974971 0.67719
-2.162207119 -5.755308659 0.65928
-1.112418732 -4.030131845 1.09223
7.413688223 0.854453009 0.30059
-1.827085227 -4.216998929 1.17757
0.636699577 4.22043898 1.54686
-5.590599651 -3.736190894 0.0615
-1.423777456 -3.637782974 1.71561
4.126245778 1.231431122 1.89962
5.824495169 1.202497743 1.84417
-1.56507854 4.922441249 0.83577
-3.427277624 -2.586211617 1.88326
0.440738112 5.748593887 0.3702
-2.349138049 6.24853715 0.64752
-1.006544485 5.803370539 1.3336
1.165597539 7.174245444 1.07544
5.783093037 3.992337476 0.79398
0.671258044 4.483520076 0.20811
-0.837063672 9.056961713 0.46685
5.772802059 -0.288886178 1.04561
3.704324395 0.051550796 1.47423
-1.756982902 -4.198059761 0.89127
3.194715412 0.120190668 0.94914
6.760923329 2.940771479 1.19947
-3.724768533 -6.302189196 0.61263
-2.825911475 7.495888054 1.56967
-1.118356282 8.248198785 1.61132
6.306303916 3.944508868 0.30708
-1.305366844 5.125228115 0.45195
-1.869555978 5.145852441 0.48063
2.989476799 3.127198948 0.92253
-3.350721119 -5.79469569 1.76168
-3.924763659 -3.349004519 1.64984
1.674520994 8.563560034 1.27789
5.989672939 4.263714272 1.16947
-2.330464543 4.496315501 0.15937
-2.556792685 6.218654524 0.80694
-3.26436485 5.307573572 1.68165
-2.742149007 -6.317491329 0.60307
3.846242667 2.13765529 0.65146
-5.781225151 -4.493037913 1.52781
-1.879000887 -2.602543153 0.42235
-3.077945802 -6.289660635 1.63176
5.530309586 3.154696463 0.85331
7.678465647 2.175179007 1.04596
-5.418624402 -4.475571872 0.14872
5.740691969 2.15603622 1.46199
-1.035105896 -5.409151689 1.33062
-4.774572406 -2.409188266 1.3785
5.616615273 3.98899657 1.78392
-2.426851221 7.188588366 1.89361
7.395773032 1.807499851 0.63767
-1.651354053 7.252085068 0.1462
2.46167271 3.480420051 1.69018
-2.03623959 5.820970088 1.65479
-3.384108199 -2.855644599 0.56383
7.262054472 2.26723474 1.37785
2.174452933 2.954300205 1.419
-4.272993683 -1.356789165 0.75397
-0.802322511 7.384447333 0.58176
-4.231206558 -3.247559663 1.4783
5.904598631 3.65179927 0.23322
4.819310298 1.800657189 1.17684
0.175564442 7.780114724 0.34147
5.79627645 3.824716398 1.04504
7.260559864 1.871482042 1.59258
-0.722981216 -4.962746838 1.75917
-1.764965069 5.184272199 1.21784
-2.762496386 5.255441483 0.1645
0.209347773 5.918312373 0.8513
-3.998484483 -1.540101688 1.54092
3.786006957 1.217129634 1.34686
3.625688855 3.735690879 0.65153
-4.282433572 -5.739384696 1.54474
-2.864246789 -2.54199448 0.2949
5.965490373 4.585256351 0.28782
-1.643619886 -2.36827739 0.22402
-5.054860868 -4.60392711 0.9481
-0.328801402 4.458150289 0.13706
-3.285379178 7.54543103 0.902
4.10536807 1.394453616 1.08136
-5.887451746 -4.705646863 1.44393
-1.353569348 4.623086265 1.23136
7.746316497 2.740388585 0.38096
7.322438698 3.624021527 1.26025
6.481113859 0.359083947 0.76252
-2.848598995 -3.9543847 1.19902
3.505967807 0.021987264 1.3892
7.291490649 2.723555041 0.38878
3.443580302 3.858448076 1.48762
5.037536989 1.347383058 0.41993
5.285674124 1.826244047 0.99021
0.835816759 8.453757213 0.43111
1.331747908 7.021672641 0.67006
3.24086144 3.283787812 0.12234
-0.730664497 -4.990306167 1.06034
-4.852829357 -3.967401336 0.50127
2.664909027 4.272777337 1.88712
-2.886447813 7.742280666 1.86572
5.604679 0.586748678 0.48271
-3.943783195 -6.627608692 1.44429
3.687910169 0.066941839 1.28965
7.139582406 2.161346577 1.50139
-4.595802008 -6.022199005 1.11661
-6.036798043 -3.556800157 1.63166
-0.765751427 9.359083535 0.82819
5.857758283 1.057796928 1.23611
7.082975952 3.006596913 1.85705
4.97689542 0.585946571 1.47183
-1.850982806 -2.961713211 1.27647
0.000344138 6.622666821 1.75992
2.67317799 4.325253032 1.2448
4.368222985 3.348443541 0.44849
-2.517847113 -3.539915762 1.37541
-4.008544084 -3.515598187 0.51097
-3.728761311 -3.276379792 1.04532
2.881907815 0.756607837 0.39388
-3.600032453 -6.815154276 0.67406
-4.135844131 -5.152555164 0.62036
6.322783353 4.638438857 1.92912
-5.524522557 -3.85737086 0.31847
0.802997371 7.728632469 1.43627
4.357890535 1.27490718 0.84029
2.552097041 1.915887505 0.97397
4.878393371 4.343728835 0.58076
3.033337334 4.491339425 1.09094
4.036327739 4.69758155 0.49998
-4.948587922 -2.101185066 1.47934
3.037086272 3.654938535 0.39044
-3.947971568 -5.438341598 0.32774
-1.997509321 -3.4086591 1.21904
6.943652427 3.940107834 1.46493
-4.699899038 -4.536388865 1.00767
-0.654442906 -4.744900048 1.16489
-4.211139837 -3.474586955 1.69219
-2.560464589 7.062336812 0.116
-2.375546074 -6.533389331 1.01339
2.571199943 2.281173522 1.28231
-1.863394243 -5.007348652 1.39614
-5.240878361 -2.205196299 1.1515
-2.208636405 -2.545204527 0.43071
-2.355788272 6.546208088 1.28673
1.2118028 7.138413615 1.44576
6.474261328 0.946743684 0.11629
-4.939866757 -2.034845277 1.83035
-4.473380314 -3.631427594 1.59129
-1.086252723 7.928998586 0.15693
-2.941490579 -5.077884487 0.35756
6.548114751 4.674150147 1.13082
6.743029589 2.910805233 1.63923
-4.710112652 -5.035715439 1.08387
6.494011173 1.535599953 0.71471
4.700499641 5.396712506 1.82875
-3.586694356 -3.787825131 1.16348
4.972100678 0.501093563 1.54111
6.513783753 0.320018434 1.91558
4.059546881 3.884662439 0.24524
4.04797919 3.901993197 0.15744
6.851376423 2.452775903 0.21332
-1.761932001 -4.357659554 0.48585
6.036266879 2.666159239 1.42335
-2.167772441 7.497509935 1.54913
-5.502792968 -3.951360869 1.29315
5.200340971 1.239433429 1.13927
4.45294465 0.589611033 0.26288
4.271491264 2.710530907 0.75412
4.78099959 0.169413448 0.92858
-0.684155595 6.920306497 1.21847
5.580937151 2.809019425 0.85164
-2.443168668 -3.525288873 1.4706
-0.130564829 4.437458616 0.54262
-3.193140717 5.470290216 0.16361
1.847211943 5.524920676 1.67977
-1.805735155 6.153059202 0.38546
-0.65407991 4.864022116 1.10181
4.583578929 2.532322116 1.58638
-2.788142548 -3.999338692 1.70201
3.357350506 0.96779526 0.45763
-5.863662528 -2.540899296 0.28293
3.565171972 0.435943456 0.60714
4.019087505 -4.649197683 1.24713
3.990449787 1.989679617 0.67388
6.675303397 0.090207343 1.80826
-0.132028799 4.091466592 0.16382
0.683131605 8.3241398 1.58519
-0.951288179 -2.533003152 0.66522
-2.144379608 5.803729126 0.06108
4.733407486 3.997210237 1.17438
-5.452182087 -4.562826776 1.09909
0.019563115 9.168504714 1.43477
5.252953455 3.900089784 1.9169
-2.98156068 -6.400448906 0.7334
5.752651167 -0.288840286 1.23575
7.844737606 2.312967208 1.11446
7.413705774 1.268966323 1.77283
7.006102184 4.031627937 1.53708
4.235790804 1.732823691 0.87342
2.885811273 1.300998487 0.06951
7.383103435 3.504780702 0.25226
3.14187313 3.489547727 1.26334
-0.685605656 9.619812056 1.30675
3.851968779 4.60842879 1.28736
-0.583634731 9.307069197 1.98211
6.067372878 -0.288878403 0.19682
3.032220665 2.700693649 0.55975
4.41621197 0.347775237 1.20239
6.20224605 0.787883929 1.24985
-4.607767584 -1.592933031 0.92922
-3.480755829 -1.877050926 1.16484
5.845627 4.747339124 0.55657
6.244202764 0.556264423 1.30871
-3.323643056 -6.889843763 0.17679
0.318394441 5.049614796 0.18823
-1.99625893 -1.656254161 1.57314
-5.041146136 -2.121874197 0.57342
-4.715858496 -1.990545771 1.72976
2.592739104 1.767595151 0.05677
-4.130417095 -2.034716044 1.05476
-0.226947174 8.136598383 0.55485
2.658410059 2.933020981 0.56993
-2.15623143 -5.674956904 1.05584
4.332308957 0.118385602 1.55726
-5.297326692 -5.153882878 1.62379
-1.02030992 9.575327978 0.47391
-4.023776514 -1.372839637 0.9222
-1.933629739 6.443626811 0.62867
3.684876214 4.230068169 1.76267
-2.381019109 6.967919061 0.47907
-0.494432039 9.703453253 1.63954
-1.066486591 8.794543102 1.90478
0.561798676 8.610968987 0.21308
0.954800045 7.215373923 1.69657
-2.671323803 7.57928444 0.9584
7.161258576 3.03701359 1.0593
-0.642387764 7.866504067 1.64741
6.803165122 3.765016144 0.46895
-3.999926045 -6.227633423 1.25019
-2.674044093 -2.294631704 1.5127
7.126210047 0.92810411 0.51721
-4.396070838 -6.807183261 0.60919
-3.510092577 7.648953993 1.84219
-5.092625513 -4.65372835 0.29705
3.101426267 3.538088197 0.5052
-4.893072547 -2.012966077 0.90798
2.982017042 4.330520677 1.82098
-1.467556737 -3.402758453 0.10012
-2.074005904 9.297629335 0.6636
-0.877280751 7.129725543 0.96216
-6.098971661 -5.218598785 0.4266
2.82144221 1.684291518 0.90704
-2.317817098 -1.736804673 0.26059
5.32698703 2.09584514 0.95152
6.361813781 1.921260136 1.08871
-2.046772803 8.505412602 0.93592
5.766206295 -0.058054653 1.65754
2.940206781 2.971845471 0.16222
-1.371701352 -6.052849905 0.26368
5.655135386 3.645138543 1.67276
-2.88628279 -2.475850599 1.10628
-1.265897553 9.288287592 0.93208
5.795223171 3.814609013 1.45287
4.968297061 -0.287414196 1.4022
1.697081305 5.533087953 0.3422
4.784758913 1.770538822 0.7664
-0.732886577 -3.102102336 0.46489
-2.409898207 6.792889563 0.4589
-3.238413643 -3.432280042 1.97848
6.111197665 1.914547771 1.88753
-1.179501769 -2.265276985 0.49413
-3.95275819 -1.381872072 1.4745
6.603791738 3.017444431 0.15716
-1.995344808 7.221085103 1.58662
-2.593616811 6.494388526 1.71616
-5.136918102 -2.623999988 1.30048
-2.734724159 -1.727773042 1.28851
4.966530431 5.230842583 1.58592
4.937906565 2.469369175 0.26317
-1.884311797 7.006532497 0.29956
-5.192234263 -2.304762563 0.57727
5.454919244 0.469013206 1.71083
7.429549755 3.564893293 1.89703
-3.039108716 7.19945771 0.06351
5.891603221 4.107593136 1.38697
0.800345194 7.984375522 0.17855
6.59820426 3.961126356 0.62222
0.254923154 8.991587125 1.10936
2.0906948 6.787504387 0.35819
4.780014344 5.249633985 0.22698
-2.401952235 -1.67217881 0.49006
-4.459821252 -3.984899451 0.95749
-1.903659499 -5.135748657 1.01028
6.942919808 0.301168855 1.97223
-0.936256358 7.546369686 0.51121
5.294201932 -0.379822325 0.96124
1.979730286 6.215978008 1.0404
0.081403842 6.856393801 1.41311
-0.50283054 7.965204134 1.65165
2.02599245 7.437382998 0.67421
1.414380276 6.970870397 1.129
-1.962904908 -2.415515962 1.89716
0.043977116 9.190948166 0.81197
-0.432880632 8.511646374 1.86174
-2.655541455 8.035022302 1.26224
-1.50704712 4.813112592 0.97889
4.112710384 4.825238269 1.1989
-5.128671582 -4.386720042 0.71818
6.814005088 1.045477373 1.76326
1.777483435 7.274196812 1.61458
5.997878385 4.900587782 0.27664
3.15100489 2.584329717 1.75835
1.890891758 7.670573727 0.78838
-2.581630605 -1.324072302 1.13766
-4.259960843 -4.935682557 1.89813
-1.140713056 6.312654953 0.06776
-0.256740999 9.39518777 0.13235
1.10480083 7.892285032 0.93831
-0.406114216 7.546062478 0.57617
-3.041264118 -5.414640458 0.30927
6.201789488 4.530088896 0.13351
-2.958268068 -1.133530479 1.38989
1.760878407 6.634544759 1.84235
-2.330259991 5.379909337 1.48893
-2.945052014 6.371623453 0.75369
0.380180683 7.147329803 1.8514
-1.740889915 6.710788742 1.62638
4.61724818 0.973600327 0.09631
-1.880837248 -4.792149115 0.81052
5.46444278 3.332020173 0.90429
-4.086970261 -2.356148934 1.61583
-2.274325599 8.60746926 0.69772
-1.65039333 7.997631935 0.69035
0.369247433 5.903888376 0.09835
-1.126091384 7.947920778 0.24587
1.47159243 7.13229443 1.69638
-2.724670716 -1.186646327 1.84054
-2.317478202 -4.14096019 0.96084
-4.942468721 -1.982627799 0.63631
-3.07251352 6.584889998 1.76741
-2.375206423 -3.000540018 1.94332
-4.543067168 -1.471748002 1.91271
-1.76819171 -2.530993281 0.68212
4.137365703 4.866280181 1.08667
-2.95704479 -3.799864083 0.82671
-1.750174164 8.953146067 1.9674
4.425002961 0.485006598 1.93477
4.042682253 3.77139024 1.25313
-4.672079973 -4.129599415 1.50671
2.015255459 6.031326228 1.26031
-5.282233669 -2.701675882 1.7024
-0.824958473 6.219466115 1.91036
0.786449442 6.726225975 1.5503
-4.933938863 -5.099960074 0.50241
-3.671373762 -2.795220316 0.3031
-2.788236171 -6.07630343 1.59216
-5.274700201 -3.479183343 1.11242
-4.473080656 -4.854947669 0.98431
-0.198571722 8.955333401 0.70858
-4.438105808 -4.620506614 1.23576
2.942028213 0.327574034 1.66375
2.467053569 1.87611901 1.17165
-0.714937385 -5.072130149 1.02446
1.425030037 8.471429028 1.6145
4.648742546 4.027415609 1.83661
-5.809425562 -3.715065586 0.0564
-2.643531822 -3.554763396 0.45035
-0.953789394 6.675666596 1.54827
3.251323096 3.955511229 1.76777
5.421115091 2.840617703 1.69579
-4.869021595 -4.43629073 1.43231
-2.123215914 -5.003043536 0.62479
6.847734328 3.008792421 1.47294
-4.400127839 -5.499247304 0.60312
-4.978132983 -5.228396655 1.64406
-3.573884902 7.268488905 0.41557
1.200709786 8.309481072 0.77245
-4.546827494 -3.890006405 0.3439
4.03051408 4.823124214 0.20353
2.067311761 6.501314189 1.72204
5.483333329 1.91081079 1.99183
-0.67524989 6.424450296 1.91915
-2.315530767 5.023090287 1.12123
-1.784442813 -3.49442958 0.1845
-2.307310136 -4.11904501 0.35748
-1.498359354 -3.983938457 1.48611
6.037718489 -0.29148297 0.54478
-4.538906521 -3.081703327 1.97715
3.748935886 2.424693465 1.95051
-4.279154766 -6.842054731 0.32856
-2.297005798 7.72500638 0.72551
-5.16180695 -5.781450519 1.74266
2.281105352 3.470400808 0.1449
-2.553227888 8.505714927 0.69243
5.87790524 3.748196574 0.12297
6.900818144 1.871154091 1.91975
5.693861883 2.65448399 0.52106
5.05166909 -0.158421971 1.83289
-2.637305085 8.22610625 1.6449
-0.987377957 -2.783114022 0.24436
4.448524367 3.474708895 0.77255
4.493439438 0.326790487 0.16555
0.162560229 9.65801249 0.53092
-2.402737166 4.865056026 0.94249
-3.426097275 -2.428807166 0.52277
-1.388229411 4.379926777 0.26978
-0.797930345 -4.045215922 1.46578
5.952109622 1.38353104 0.46469
-4.023395879 -6.921836594 1.74933
0.962144516 5.202853439 0.51551
5.201740765 4.235027767 0.63643
6.514996847 2.218446508 1.43057
-2.739548146 6.706480764 0.70464
-2.368007753 -3.795442742 0.56598
-0.502398156 7.861060942 1.95659
1.448369379 6.671645912 0.93576
-0.607614612 7.604847035 0.97155
-0.999443793 -4.244732063 1.61542
-0.42069091 8.501483 1.39323
-1.572292506 -2.211413558 1.29995
-3.494520661 7.310176745 1.01339
7.093982845 2.990900638 1.83582
-5.013930833 -4.465976133 1.43762
4.871780358 0.929370543 0.27571
0.835454222 7.523158402 0.40719
-1.101038398 3.872185054 0.77605
-0.862497817 -4.846947783 0.58799
-4.002304921 -6.300040037 1.5267
6.039057327 2.225629288 0.80798
-2.290474238 8.460637839 1.59537
-1.728463994 -6.328085755 1.19143
-1.762030933 -3.903710452 1.43931
-1.756252683 5.70369511 0.88535
5.001626315 5.21756318 0.89773
-1.871902251 -5.445234627 0.8185
2.136783838 7.34391809 1.97693
5.819471676 4.515068759 0.61469
-5.849602518 -4.65875353 0.56281
6.901746451 4.011750613 0.57472
-4.483476191 -5.54165658 0.85641
-1.142693952 -3.104262241 1.35246
4.015552563 2.580631608 1.08269
0.312999877 4.51217541 0.50248
3.287195701 2.520664712 0.83093
-2.868159325 6.769494675 1.7515
-5.43042569 -2.818571307 1.82805
-2.080979754 -3.271312407 1.7542
0.505708214 5.058355309 1.63649
1.999373005 6.376612639 0.84998
-4.316105333 -2.356922287 0.10214
-2.969539237 -1.23656017 0.98245
-5.179033192 -4.914369056 0.60439
3.537564528 2.668868196 0.11496
-1.730791921 -4.072499433 0.24405
3.542297954 3.131458757 1.556
-1.960501396 -6.70619784 1.39551
2.736191822 3.892240403 1.61857
-4.636621459 -4.682715256 0.2693
0.805895796 5.218587019 0.57865
4.373971835 0.890937737 1.96731
-2.67679014 6.379306302 0.87942
-2.70742623 -6.635239045 0.48739
7.016361024 2.366700681 1.76375
-1.957373132 -3.14519149 1.10604
-0.879178847 -3.565118188 0.89901
1.021691391 5.979382414 0.21372
2.02825592 7.016590972 0.13495
1.183781612 7.445395314 1.21058
-4.000035257 -6.713561766 1.57455
-1.582528346 7.180765637 0.31966
1.156183081 5.723147632 1.51716
4.445700307 -0.154460553 1.97507
-3.449075153 -2.688210553 1.94787
-2.033803403 -5.182960252 1.32407
4.680838655 5.263616138 1.78504
-0.909621126 7.094063574 1.50222
1.416896717 7.787862131 0.10689
-1.504666866 8.535293608 1.27778
0.648645042 7.270843138 0.7722
-2.086843644 8.1508582 0.44602
-2.893780361 -6.661660806 0.24885
2.835323969 4.07366107 1.26751
-2.009833746 5.397738126 0.41609
-2.913897969 5.528205014 1.67187
-0.698827267 8.602233309 1.89347
6.131733679 4.347568034 0.50626
1.770156073 7.708200958 0.83893
-2.146572636 -4.757315599 1.83863
1.894438455 5.94686901 1.88012
6.675283917 1.690360381 1.33291
1.776581668 5.951266398 1.19511
1.263807976 5.945244881 1.92702
-2.384644305 6.340758589 0.92866
5.230868226 0.710100861 1.54224
5.446417323 0.259530985 0.88024
-4.526887628 -6.607894446 1.28855
-3.602132868 6.984280518 1.32986
-4.133378528 -5.63501613 1.02373
-3.840438947 -2.254846229 0.16144
3.780746727 4.204205247 1.72022
-5.025969484 -5.710730024 0.75442
5.037836455 3.025262412 1.95211
-3.907859875 -2.011754937 1.58525
-0.996606772 5.597290057 1.27249
-0.77377674 7.839014859 0.89344
-1.264205542 -4.638098722 0.09469
2.885959296 3.209766514 1.86444
2.858110439 3.811804255 1.81731
-0.521798245 -4.566454998 0.51018
-0.777485029 8.586533635 1.99595
-2.142030291 8.754504398 1.77143
7.253142716 2.923097521 0.50079
-3.167850763 -2.802248599 1.66892
-1.26128352 -3.282245612 0.33005
-4.651856948 -1.81364291 0.75548
-2.093434189 -3.848997298 1.30932
-4.838603745 -5.894869144 1.81992
-3.904229719 -6.723175463 0.88158
7.309140811 2.229132095 1.85951
1.08312135 8.421980758 0.69108
-6.352314819 -3.747938663 1.06579
0.507300958 9.516026192 0.27477
-3.373585957 -2.383030373 0.32054
-0.080972719 6.776095826 1.33781
1.637442354 8.102886834 1.50427
6.38490418 0.761610979 1.26518
1.113885812 6.931404958 0.5191
0.557457469 7.976382133 1.78774
-1.652646093 6.831225378 1.55994
-3.821470007 -3.199150711 1.49993
7.466153025 2.825081517 0.59311
2.887811508 4.640447019 0.46599
-0.601401558 4.255543369 1.58394
-2.933202212 7.765011642 1.63827
6.603980237 4.807782086 0.7043
0.699854123 6.099763423 0.28096
-3.157516379 5.285762521 0.82732
-3.543870863 -5.439184231 0.20503
7.276631099 3.854684409 1.75822
-2.258231883 5.926147608 0.37768
5.985546729 1.263639595 1.26884
-2.682222185 5.440534571 0.09108
0.804363359 8.978388751 0.7272
2.090212889 7.615813306 0.17373
3.602193607 3.537216316 1.00496
-2.586832475 -5.840546066 1.58846
6.788492225 4.09375894 1.74938
1.489236397 8.505232674 0.34931
-5.106696687 -2.458414072 0.95457
4.541273222 0.347618534 1.32551
3.977705701 -0.209065703 0.82544
-4.495811455 -4.615677726 0.9573
0.288363612 7.788873034 1.98251
-3.312202244 5.449013181 0.4724
6.177854789 3.676716628 1.78487
3.458821906 1.76324423 0.90849
0.778623789 8.287970029 0.75583
6.993274456 4.39557018 0.58093
4.032545465 -0.127765807 1.74833
-3.200641594 -2.788228975 0.65026
-1.366973706 6.621473727 1.02719
-2.671098782 5.264055948 1.48136
2.799235642 2.731256798 0.33691
-1.084601301 8.465443417 1.8132
3.593658289 1.954995614 0.06479
-3.966499154 -2.032004404 0.16842
2.900892848 4.058173359 0.5956
2.113464822 2.893662467 0.47251
-0.264140656 6.149731352 1.6569
2.891048957 3.044818976 1.1656
2.294323178 2.460792842 0.99231
7.378994372 1.583659143 1.60586
3.732365433 5.199365333 0.22572
-3.351336299 5.583529028 0.79933
2.547486131 3.890056727 1.24544
6.185849566 4.125278521 1.19513
-2.232445471 -5.846615393 0.9185
-2.095065418 -5.152606911 0.23846
-4.704398316 -3.748924881 0.86135
-4.478416318 -2.959428024 1.34416
-1.216489301 -2.911989182 1.59598
0.193176748 4.176985505 1.27972
1.676645422 7.693739639 0.59573
-2.41941015 -3.736282852 1.03822
7.535975582 1.000088507 0.13009
5.53005099 2.197141763 0.69136
1.00677473 8.32704028 1.99215
-1.791738894 -5.417779775 1.74128
-0.901063482 5.497440681 1.95739
-3.528737937 -3.940315615 1.88392
6.245489446 2.430675614 1.94896
7.635470653 1.277170528 1.93933
-4.294663135 -3.799628932 1.37975
5.35891904 4.069529756 0.4333
-3.297954608 -1.6081926 0.35669
5.040304671 1.358609944 0.67117
5.099480306 2.942939865 0.90871
-0.792585851 9.222694356 0.85912
5.65988844 1.333019037 0.91904
-3.30891873 -2.364663694 0.64034
-1.328045004 -4.213393755 1.03705
-3.615127695 -3.860375203 1.53529
4.0769153 3.015642612 0.6166
7.606451179 1.325905198 1.89953
0.438985384 8.928355264 0.46105
4.284285998 0.412212947 1.0942
7.701879372 2.207178352 0.48765
5.390944292 3.529007605 1.20746
-5.019071295 -1.957204955 0.90452
2.758852912 2.407068817 0.48944
4.424428403 2.368069438 0.41959
-5.881262076 -3.110138144 0.6283
-3.339286597 -5.337648706 0.86957
-2.235761785 -4.774210302 0.51327
-3.607996122 -1.195864047 1.80889
-4.093620229 -2.598676844 0.43039
2.844549514 4.399788715 0.88639
4.694496619 3.976126675 0.62729
4.702203461 1.316118003 0.81082
1.660261531 7.611797034 1.4174
6.714086492 0.269998547 1.64595
-3.722193675 -2.604733109 1.84994
-1.862081834 8.947673426 1.2153
-0.151378475 8.818987022 1.84462
-3.823890682 -5.644153382 1.40834
-2.224187829 7.247473806 0.78456
4.186532618 3.374303625 1.03421
7.028011197 0.895775354 1.42435
0.128419968 7.586912469 0.67496
1.543300008 7.366639031 1.52448
4.571540754 1.746073842 1.71117
6.004736259 2.022384683 1.20831
-3.891038737 -1.573200799 0.18758
-4.974199354 -2.535201492 1.55045
4.137477825 0.336756523 1.12304
-0.323174591 4.789636275 0.87207
-1.015874047 -4.615814482 1.0513
5.53287628 2.45117001 0.44564
-1.691108893 -3.942176595 1.18016
-5.060973854 -4.720926519 1.26262
-3.890134592 -4.69799469 1.27535
4.888739906 5.324508034 0.4974
1.495995745 8.172067875 1.17371
3.850889615 3.021862973 1.27049
-3.951748792 -4.915457337 1.95569
-1.881334744 -3.032076771 1.86451
6.638222869 1.983932677 0.76558
-1.506570393 4.27808354 1.33671
7.89728584 2.583724815 1.83769
-2.72060371 -2.191067734 1.21417
-2.128000546 9.374623635 1.41398
7.236706538 2.612782906 1.15152
-2.695405628 -4.984296141 0.43919
2.986620337 2.599751511 0.53409
-5.320847056 -2.801075034 0.09779
-2.523136575 6.122739558 1.24519
-3.208301821 -1.635661634 1.75628
5.054456922 2.45909351 0.12644
5.063143326 4.669970432 1.52293
-2.702654135 7.06818859 1.16195
-4.27197101 -4.3687696 1.58979
-0.93654664 7.408794953 1.33455
7.826062449 1.721414596 1.25514
-2.49235223 5.123117428 1.13686
-0.954137073 -2.354145524 1.89876
-0.952132168 7.494364781 1.2331
-0.616425409 8.39169601 1.90158
-0.283581834 3.904394791 0.52699
-1.067636507 -3.051430186 0.89505
5.143333277 1.581361373 0.50357
7.400975913 1.065395457 1.45491
6.776451003 4.068384393 0.21603
-0.688304593 7.525411123 0.49244
4.929006312 5.226609038 0.86169
5.499797428 0.553934802 1.07163
-0.405755146 6.169132716 1.9872
3.383481358 0.888316874 1.24062
5.066586359 5.426793921 0.36547
-1.989013211 5.913443679 1.74398
-1.974943197 5.213570437 1.47002
-3.31440972 -4.218226165 0.37367
1.194530424 4.674558335 0.98118
-0.788552592 7.150578698 0.28626
6.677826855 1.713489439 1.03338
-2.055414668 -3.068547402 0.53307
-1.969152719 -6.698036271 1.6995
5.575768709 2.882920234 0.47381
0.203725917 6.377059178 0.55932
4.83645461 0.513022223 1.31002
3.214846149 1.1972737 1.57847
4.660694348 5.302892715 1.04878
6.596089892 4.354166721 1.39442
-3.595184217 -2.798212998 1.98504
1.129743687 5.297053198 0.38819
-1.76067826 7.893302659 0.33248
-5.119060021 -2.087749789 1.94809
6.36962316 0.89678669 1.88955
-2.172202016 -5.477027531 1.37085
4.106833598 2.926843761 0.34148
6.096891898 3.782097365 0.85542
5.842194684 3.597157922 0.25911
5.998090675 4.596010897 0.25811
-2.101729294 -2.106141517 1.72854
-3.539101849 7.424382521 1.1092
0.816475892 8.045329267 1.19149
-0.569820474 6.838187714 0.68293
0.330138459 6.36498503 1.4551
-3.10726364 5.384114248 0.8179
-3.643952144 -6.095395035 0.23672
6.208979845 -0.196031275 0.20915
-3.577570068 -6.463314527 0.81654
5.037113278 3.70403919 0.73806
6.841064946 0.979221708 1.38638
5.514002331 0.26104165 0.22076
-2.876735915 -3.980394679 1.09576
-2.220817165 6.154023477 1.14764
3.478449997 2.682681066 0.13049
-4.719368788 -2.11614245 1.26189
-1.137896201 9.470430316 0.05108
-0.766507212 8.966196596 0.344
-0.632891287 7.364909522 1.64338
-0.75315093 5.069660906 0.71144
-4.164775901 -5.720773624 0.84953
-3.809960436 -2.675143849 1.28433
-2.924152858 8.747837479 0.11964
-4.550729625 -4.373508675 1.71964
-4.357016712 -3.983893398 1.13602
-3.550853152 -3.186444505 1.18398
4.884848401 -0.30213097 1.18726
2.144646993 7.040054558 0.84821
6.470477534 2.239635761 1.00966
4.563868817 0.241508223 0.24766
0.018753983 5.144548521 1.50292
-0.046155689 9.300425881 1.42258
3.949293501 1.724330878 0.88653
1.04098011 5.873872225 1.35436
-1.84935042 -2.268230309 0.8504
-4.464812996 -3.999005424 1.09723
-4.263072148 -3.41231749 1.83796
-4.557194783 -5.028242542 0.5971
5.357731225 4.11646317 1.00079
1.416870359 7.324096854 1.55431
-3.585071605 -2.408824751 1.06098
1.623714333 6.926889469 1.45706
-0.053493968 6.77304205 1.85223
6.568737613 2.282753794 1.79672
-5.713160679 -4.408895303 0.34754
-2.034557464 6.505499437 0.09117
3.27925586 2.293275472 1.90196
-1.723520351 -1.931852033 1.90602
4.614823012 0.901111535 0.88665
5.506272944 3.661588984 0.96863
-0.540326114 -4.727445542 1.92521
-0.902741023 -4.118471149 1.28677
5.302228594 3.705252686 1.65813
4.734773523 5.008291354 0.80504
6.307216592 2.232362346 0.06893
-4.216934194 -6.40595624 1.36507
6.681436234 4.085373934 1.68739
-2.408017415 -6.925435609 1.68174
-2.801033635 -4.190979612 0.21496
6.928497455 3.950438161 1.74047
-2.20826532 8.251385907 0.55621
6.544587419 1.723359531 1.23958
-3.467935808 6.516242008 1.70132
-1.460903938 5.438998394 1.36908
-0.26951807 5.703770417 1.83042
0.113701501 8.335476706 0.74516
-2.510390082 7.392394639 1.69463
2.114858393 6.232332328 0.30455
-1.242658186 -3.299455933 0.74135
3.958053441 2.123026144 0.1307
-3.706357912 7.179370792 1.78742
4.60890034 2.975784586 0.70423
-0.878706846 6.273045738 1.11788
-3.250885598 7.170588368 0.48412
1.296008809 5.358163616 0.06112
-2.31453361 9.231709975 0.40801
-0.564219152 -4.084299699 0.31627
-0.598558238 4.044796921 0.69668
1.8924172 8.138068498 0.27821
-1.741215008 9.410180041 0.3562
3.225114827 1.185793124 1.58323
-0.830860636 -3.388755362 1.24507
-3.082565937 -6.143754598 1.79071
4.681796295 -0.127489507 0.80754
4.168126858 1.122253097 1.1235
2.295211355 2.95314448 0.44383
4.808802507 -5.240693422 1.8593
7.057385038 1.664193249 0.76694
-1.997109563 7.191744531 1.81295
3.165503893 0.628301719 1.45889
-4.059409019 -3.871146679 1.32205
3.802906789 0.739246636 1.59192
-5.23068983 -2.410356936 1.59504
-0.863011833 9.55137736 1.39334
-4.615583668 -3.946348567 0.33464
-1.5231134 -6.064629495 1.40687
1.5594742 7.687425212 0.25629
4.249541819 3.661363278 1.11194
-3.556030792 -2.549758997 0.11405
6.293091952 3.015478117 0.36198
6.84189531 1.096100053 0.82825
-0.98009754 8.872005011 1.67663
-0.847276197 -3.084623129 1.9145
7.036346868 2.347793426 1.71841
-2.257184365 8.334309562 0.97482
1.392638418 5.439442875 0.43711
-1.196697957 -5.945581385 1.3539
-4.200872035 -5.147753544 1.97213
-1.317366243 9.026193699 0.35883
4.159089099 0.133334872 0.92581
-3.425559475 -6.583313548 1.45283
-1.078157552 7.456118028 0.06261
1.379697355 7.999391115 0.21701
-3.0376548 -4.486175689 1.72949
6.119297344 2.612959092 1.10284
0.324551034 8.438354116 1.15594
-1.539429733 8.781976787 0.58852
-2.639440772 -4.099936624 0.47077
7.77072374 6.85449027 1.67522
-1.399009402 5.289097244 1.06343
7.020133405 1.986684219 1.07648
4.746875878 2.235913695 0.13018
5.737379662 3.548277714 1.73987
2.973029435 0.809602422 0.38212
4.749158057 0.314117863 1.5751
-0.196901844 4.679539117 1.60352
6.513686302 2.524325365 0.66004
-1.645363719 -5.951641193 1.2349
7.775859268 3.2125186 0.40303
-0.449956131 8.211666028 1.04079
-4.727165648 -2.471991061 1.06683
-1.91108654 8.705586085 1.2054
-2.228058557 -3.095943664 1.53045
-5.447524214 -4.92543312 1.04777
-3.833136643 -5.950227602 0.5608
-1.444082259 4.885138138 1.96748
-0.962170905 -5.328036149 1.34315
6.790737242 1.755162878 1.7115
-2.993704785 6.545593257 1.62562
-5.694068993 -5.555224589 1.77092
-4.094663983 -6.940683036 1.30381
6.428123635 2.587779134 0.37375
-3.254234863 -4.212651589 0.91423
-0.539512697 4.073824524 0.98565
-2.120458103 -4.488554795 1.236
-5.170201176 -5.792523908 1.46093
-1.486753325 8.397988009 1.79916
0.927709002 6.371825034 1.65496
5.84197842 0.309524863 0.91783
-4.759533188 -4.151795269 1.89534
-4.295710963 -5.481890283 1.58907
-4.070727976 -6.978567659 1.18675
4.889178168 5.007076863 0.15408
6.076765334 -0.082496446 1.83714
3.377046025 0.521351915 0.14545
-3.212955117 -5.285392023 0.95449
1.075769573 6.533911857 1.70172
-1.397404352 8.219857555 0.25555
-2.703673154 8.681473912 0.36758
-2.046361174 -5.515419359 0.19586
-1.060944527 6.937640326 1.30962
-4.084962924 -1.230738259 0.4349
1.7787466 -2.049214194 0.31264
-1.382788448 -2.075056545 1.98272
-5.035775308 -5.179861261 1.48112
0.901357439 6.107242408 1.5593
3.526350303 3.037077206 0.91359
-0.278741738 3.965512808 1.91795
1.43602086 5.502376091 1.05609
-2.206842415 -3.274336237 1.2137
4.209651004 -6.617138698 1.14934
-4.371641478 -6.547334009 1.16856
-2.186656807 4.471164448 1.8705
-0.659920355 7.092742903 1.93056
4.586816396 1.466795076 1.00258
-1.823550014 6.865542851 0.70697
2.264274002 1.763528938 1.68796
2.353525844 3.055205695 1.36315
-1.011097347 7.191639758 0.15195
2.872219951 2.190613432 1.53464
-0.630592192 -4.401989216 1.78542
5.291640478 2.540097905 0.49831
-1.713646269 4.714353255 1.89172
-3.977946105 -3.109193541 0.73531
-1.542287568 -3.834781986 1.42534
0.097875879 6.911731157 1.21789
-2.095245112 -2.130523761 0.23414
1.674085483 8.230320969 1.10507
-5.130373612 -3.282435012 1.86932
6.075555578 0.363660032 0.91187
3.811829104 3.575907373 0.64549
1.388166125 6.311081572 1.68982
-6.119984936 -4.527053102 1.34788
-1.141195852 8.688045962 0.56912
-2.344705163 7.288876365 0.64906
3.759142028 1.900256805 1.67386
-2.089422359 7.91264705 1.43124
1.610742563 7.21806722 1.98486
3.174426829 2.482006888 0.12456
-0.464000606 4.421644963 0.9345
5.933963227 1.93934236 1.22228
5.838557998 4.845379048 1.66644
3.010681777 4.096488603 1.18189
3.339260457 1.955452086 1.23826
5.70361562 0.503532393 1.8384
-3.278498389 5.50821942 1.47941
5.265281403 2.105227072 0.92071
-1.258402733 8.624727794 0.38904
5.880916705 1.076463128 1.66959
6.724545922 0.623252478 1.71215
-4.492917017 -6.546182869 0.18977
-2.498367277 -2.840181547 0.8546
-0.205941823 5.538533604 0.20143
-2.615225512 -3.893412097 0.9815
4.589551858 1.835912839 1.70545
-1.693940688 8.208813134 1.51018
-5.274961588 -2.385815245 1.37305
2.716630529 4.32213437 0.42681
4.962958647 0.081719234 1.84465
7.039870332 2.567596566 1.83732
-3.863022278 -6.984685541 0.35253
3.102459678 0.13972389 1.91414
-3.527044789 -6.032761712 0.37263
-1.279421887 -6.054504486 0.79345
-6.196118618 -5.135709438 1.66758
-3.33233135 5.755479266 0.77702
-1.434285525 -2.090841987 1.81491
2.853293932 2.582890301 0.89169
-1.970916702 -6.555259055 0.19917
-1.483632849 7.667690698 1.32817
-2.770330691 -5.109226167 1.2673
-1.942162615 -1.835374651 0.54913
7.052166558 4.545730479 1.4018
-3.140020426 -2.849191389 1.25501
-2.042729596 8.145237828 1.12554
-3.145703409 -4.164864122 1.18172
1.164534857 4.798389632 0.82227
4.549988428 1.017797092 1.14995
-2.327638025 7.177867326 1.82386
-5.014762609 -5.198852534 1.09744
7.158554204 2.718383269 1.44617
-2.282070982 5.522443738 0.6117
5.575187426 3.102080062 0.76436
-1.837019646 -2.828911488 1.58412
-1.966331282 7.549358563 0.24991
3.539506314 3.536461784 0.57389
4.129896683 3.612252903 0.95369
4.208693001 3.013125995 1.5709
0.720680267 4.420336915 1.69283
3.792571161 0.457313469 0.53713
-3.842160296 -2.415860605 0.37699
4.037140085 3.019239895 1.28988
-0.751131797 -4.423197246 1.15423
-2.642233441 6.506791061 1.81386
-2.7361253 -6.304266806 0.25592
-2.25011939 -5.304696725 1.78686
-2.511721238 6.598044075 1.56332
-2.796392198 -3.396239133 1.97812
-4.349336733 -2.538445966 1.6545
-3.650024514 -3.067531531 0.69748
-3.226629843 7.749273193 0.97387
1.028080602 6.644244391 0.45437
-3.347042315 -1.479376848 0.60629
-0.249100907 9.166261565 1.16137
3.945445425 4.478884763 1.73654
7.874936033 2.718865864 1.87457
1.444544229 8.343624054 0.19022
-0.850909196 -5.64258084 0.2322
3.516811115 3.347605213 1.02083
-0.20468404 4.58491276 0.68108
-1.988026384 8.994972226 0.14324
4.266726323 4.601652357 1.68578
-1.634285103 4.226401277 0.05931
7.423732561 1.803618774 1.41172
-1.250850142 4.421257783 0.08101
6.177541533 4.363990903 1.92168
-3.627021892 -4.742083051 1.24682
6.644913391 2.527037355 1.16044
-2.486444592 -3.82230129 0.69588
-5.301800869 -2.313583828 0.35682
-5.963064782 -3.31657042 1.09689
-0.823953875 9.59841474 1.77867
-2.618488929 -3.913978082 0.57067
-5.681405689 -4.253933365 0.09604
-0.461357074 5.503940638 1.67295
-0.706195864 6.397583109 0.97454
3.858226285 2.727956155 1.50697
5.148133149 0.408340536 0.25233
-3.95703248 -5.18230976 0.81699
5.310018144 2.559837676 1.40885
3.542838202 4.247921569 1.54575
0.208904488 6.604293739 1.91132
5.134617104 0.304099664 1.95559
2.295665761 2.172899258 0.40645
-3.326662044 6.247317896 0.91279
-1.188598158 9.795655717 0.14532
-2.059793526 6.371598238 1.96416
0.578054063 7.932138048 1.50891
6.120867104 2.331880446 0.05242
-2.899616776 -3.324142287 0.19403
5.766427587 2.715195906 0.55762
2.49809839 3.263078199 0.4199
-0.85748339 4.160781063 1.25722
2.708218422 3.141284254 1.89498
0.379531915 4.369757148 0.34371
-1.673342329 -4.044846795 1.88736
4.268774194 -3.394222503 0.50911
0.237933664 4.771082702 0.64927
-5.585657185 -4.421169099 1.43575
-1.074467583 4.144350375 0.13308
-2.71729926 -2.005676572 1.43837
-5.576682917 -5.960789339 1.7769
2.789194376 3.763143067 1.42864
6.546188833 1.711729512 0.15292
0.124705318 9.432898033 0.2205
0.355091608 6.332563602 1.47734
-2.465011473 -1.465047778 1.02132
6.131134099 0.693958208 0.52792
4.448593506 1.309181506 0.1658
3.958301222 3.67522009 1.98467
-0.730249879 4.601186256 0.18391
6.329420139 4.237254647 0.05163
3.724737388 5.029455311 1.47792
5.947732591 5.288493985 1.54763
-0.699876822 4.888537767 1.71049
-3.039839595 5.686612914 1.0397
-2.84372181 -3.346651091 0.11823
6.203252772 1.502462234 1.64552
-4.6474969 -1.905937795 1.57017
1.958952598 6.410693157 1.53068
-0.766492063 -4.575364574 0.27088
5.169518456 4.960305515 1.92188
-0.767283267 6.468787554 0.38022
-4.116055626 -3.476934699 1.01106
3.413135121 4.921168214 0.69474
-1.503315249 8.974163356 1.1057
5.465818324 1.386584212 0.82623
-5.355540898 -4.363417151 0.51994
-2.945889812 6.879845463 0.59919
-3.116341866 -6.459765868 1.91302
-2.340238394 -2.557702749 1.55689
6.397435388 2.021077825 1.28562
5.224067042 -0.465939377 0.33316
7.240444033 1.209450962 1.54897
7.413288703 3.291103817 0.82877
-1.893877361 8.850183202 1.1093
3.002006597 1.817255586 0.92527
2.275552779 1.494055054 0.73168
-3.84483431 -3.24244673 0.18518
-2.929730037 -3.313802526 0.06288
-1.729398334 5.825507746 1.20522
-2.603160024 7.659933231 0.31393
-5.443472157 -2.788622357 1.17143
7.198429549 3.384287093 1.62458
-1.507230195 -5.506645077 1.23142
-2.362345238 5.033197804 1.48985
5.64216164 1.892193492 1.55648
2.972868413 2.016593898 1.98959
3.975773662 0.736305855 1.72359
2.568772496 0.65016583 1.42748
-1.526488399 4.433919393 0.60086
-3.948827558 -1.401414494 0.29529
4.321031303 4.459041538 0.98651
0.258780302 7.613858568 0.28583
-5.872139076 -4.008385031 1.58208
2.064551115 1.980831812 1.06988
0.015914656 4.59437646 1.7222
-1.501926425 -5.381858544 1.3659
0.407527362 4.203171081 1.36138
-5.062238855 -4.962077762 0.52114
6.887435511 0.408988811 0.85446
-5.623200505 -4.990490592 1.82502
6.280951479 3.741373117 1.74065
7.294806674 2.859671147 1.69604
-4.896030104 -3.366066636 1.71163
1.30190034 5.188764983 0.65175
2.220026611 1.717652075 0.31352
-0.938902014 -3.680672627 1.51815
2.975490311 1.677695076 1.06302
3.126511561 0.595041783 1.76158
5.09904198 0.155328326 0.26919
-0.863134188 5.175254133 0.38684
2.186967936 6.823249639 0.11466
-4.955989454 -3.425885043 0.35868
3.588292384 4.942915787 1.2611
-2.152376085 6.449041278 0.95252
-1.86967253 8.359656803 1.03197
-5.189903997 -5.160622521 0.57933
-2.998009691 -6.620121562 0.76109
0.308849325 8.069624125 0.81921
5.555741563 0.315111444 0.57747
-4.140196058 -4.037844738 1.53112
4.781512639 1.173844297 0.77558
-3.373375727 -3.355535415 1.15296
-2.62983671 -2.666996851 1.38192
3.725145054 2.262558874 0.82642
-3.55138176 6.346690998 1.24174
-4.462257936 -6.65671806 0.07373
-2.797970434 -6.516996671 0.45679
0.875669943 7.286875496 1.42905
0.460715806 8.37180039 0.3442
-4.992097319 -3.559732735 1.1925
-1.725013647 9.391545818 1.18014
-3.092727898 -5.065051883 0.98061
6.99482521 2.671962059 1.28285
-1.285238056 -3.690763651 1.15484
-0.617311978 4.698293119 1.53907
-3.367098386 -2.527273204 1.64212
-2.568008756 -2.345272942 0.19735
-1.931004251 5.357670713 1.04387
6.099174133 3.166717731 1.62212
-3.236165942 -6.732978544 1.89555
3.401369098 1.590743358 1.64826
5.928618644 5.033943493 1.45497
-5.284431279 -3.230065842 1.43127
-4.664041632 -4.552548931 1.15796
-0.929603038 8.390039519 0.69609
3.047684571 3.776763317 0.70049
6.463342564 1.753368526 1.71379
2.161585474 2.451768591 1.77514
7.128253222 0.547958404 0.21862
7.140720282 3.9992325 0.77486
2.744123251 3.659033458 1.55794
-0.878425201 5.747632939 1.89106
-0.603055812 9.329506487 0.18567
-0.450601223 3.85761575 1.72642
1.897937577 6.035427056 1.80851
-4.55989908 -2.771783368 1.37154
3.964029933 4.865016486 0.59777
-1.663068026 -3.736170829 1.62006
-0.746596248 -4.131094813 0.72627
-2.913559633 -5.747368935 1.23517
-1.434153609 -2.289283094 1.66214
-2.868884561 5.968528479 1.33613
5.88186981 1.720078716 0.18833
-2.955297553 -4.572604224 0.70371
-3.593914569 -6.630495802 1.47351
4.360961168 1.812433867 1.80322
1.84281647 8.177300875 0.13626
0.381518637 6.995211167 0.91547
5.556640091 4.240435559 1.82589
-4.334564272 -6.338264193 0.2848
1.189494267 7.613703032 0.35824
4.223291948 3.021116676 0.83253
3.249322274 4.525110415 0.90434
4.733556252 0.968114611 1.03882
-1.669221213 6.667625005 0.55936
-3.452774617 -2.482778994 0.96256
-0.660036005 6.143745232 1.32224
5.996375122 0.528543269 0.25449
-1.279346138 9.680388569 0.43495
-4.719028993 -4.391944519 1.1944
-4.848321188 -5.140268187 0.58292
4.604318985 0.924373361 1.79806
0.57315012 6.694953921 1.97199
4.807883389 3.362215404 0.24629
2.55219801 3.270660717 1.27303
-0.023559443 8.845257532 1.84341
6.513000779 2.522985618 1.67828
-3.488438574 -6.065640828 1.36655
4.354665017 9.190298974 0.1038
0.766705153 5.686274999 0.18094
-3.174367722 6.965007606 0.19725
-2.723232364 4.955361655 0.74754
-2.135574218 6.594902409 1.36567
5.830876988 5.313506104 1.60197
-3.8446212 -2.45498709 1.0234
-1.514610302 -5.501177109 0.27366
-5.867683951 -5.768711292 0.99462
6.470133191 2.580436282 1.85511
-4.502465591 -2.40052893 1.28059
-1.681732593 -6.174457331 0.37091
-4.520725877 -3.272132289 0.14616
-2.036748843 7.743332861 1.60341
-2.636336828 -5.553180476 1.29514
-2.370548144 -6.120321286 1.31536
-2.211901741 -4.551129205 1.50238
-1.188581256 -4.544426411 0.3204
-1.557256889 6.042257931 1.91343
-2.217368124 -2.679064925 0.93699
4.740048112 5.160373129 1.15842
-0.88160566 -5.533585553 1.55397
-5.07177853 -5.007754589 0.28059
3.386879998 3.821636742 1.63179
-2.389993731 -4.547997162 1.55579
5.298782995 3.78436039 0.84868
-5.521074133 -3.755102685 0.19695
5.37359231 2.879036812 1.29686
-2.982819247 -1.885540368 0.13056
2.530548401 1.665811296 1.64273
-1.062152869 6.132896012 1.06447
5.399650217 -0.055081742 0.15817
6.967190274 2.032176855 0.26346
-3.299306043 -5.72155831 0.10932
0.402526469 6.458354982 1.45253
-2.868355616 -5.236099339 0.67484
-1.792573949 -3.105002903 0.05341
2.369721634 2.211168812 1.98682
-3.516023184 -2.179383334 0.88222
5.870894657 3.723617489 0.08757
-3.137114657 -1.341485228 1.3707
3.446715685 3.991441668 1.05789
-2.653896916 4.661594023 1.63221
-3.766516255 7.023315686 1.23044
-2.030102221 9.145643165 0.96658
1.55903179 7.688673813 0.60095
-6.258732628 -4.752012009 0.72424
3.421957987 3.169396378 1.03172
-2.115513019 -3.310447312 1.63787
5.777781096 1.007672079 0.40415
-7.953361975 8.749307749 1.39801
6.760997948 4.015867412 0.18816
-0.10861958 4.649118049 0.50476
4.275607563 1.055897002 0.87615
5.287234934 -0.228271627 0.32286
7.255651181 3.082937795 1.42718
3.612345948 4.903404912 1.32703
-0.901747681 -3.95988677 0.85145
-3.096462524 6.351137496 0.44992
-2.162979053 -4.981916234 0.43212
-2.739889554 -3.921403517 1.74402
-5.915347915 -5.318686811 1.60478
-1.091676558 6.695893656 0.84252
-0.922209502 9.17608159 0.25317
2.372745681 3.654221683 1.21637
-2.643676037 -6.66396278 0.62106
1.057677581 5.097661279 1.71796
3.465731934 3.899177015 1.54552
4.621953602 4.987061752 0.37171
0.230818159 5.130258775 0.67913
-0.484604326 -4.248972782 1.91832
-0.734383504 6.980324246 1.10921
-3.021992474 -5.806794524 0.58384
-0.438199015 9.127197091 1.15292
-1.276879212 6.410230723 0.99026
-1.472155352 4.674125104 0.85788
-0.96900183 4.465499004 1.07279
-0.270144165 7.787483704 0.84645
2.541572949 1.426849963 0.1187
-2.823303491 -5.514945334 0.93302
4.762221434 5.326472683 1.45791
-3.243805018 8.42069912 0.95015
6.302361673 -0.192094448 1.03395
4.940806492 3.944772508 1.19622
-4.913301342 -5.03624966 1.7334
6.138985603 0.831762244 1.63076
7.474237874 2.213819475 0.21145
4.87527407 4.95782877 0.1937
1.704552087 6.557669494 1.56785
0.827878812 9.230884178 1.96095
-5.811343093 -5.685086638 0.2166
3.114070929 1.01833044 1.47343
6.017794863 0.986429387 1.39173
-3.667699494 -6.037876557 1.3592
0.286771891 4.431141833 0.99576
4.430031745 3.44918295 1.95345
-1.811056688 5.828628926 0.38274
3.405128111 0.951793314 0.09324
5.379516219 4.731157121 0.98872
-0.900577737 -4.95037904 1.499
5.203661748 2.862528633 1.93327
6.984549341 1.896041001 0.97468
1.94325228 7.626440689 0.79323
2.85669483 2.834604787 1.01533
-1.804276263 -5.654832186 1.87163
-0.288644647 8.689367869 1.96301
-2.836628015 8.607417531 0.39642
-0.895621784 -2.963885377 0.56686
5.07884581 3.690202832 1.03094
3.041113946 2.413669195 1.68272
0.574668409 9.367026593 1.72163
0.824450543 4.848976493 1.10873
4.775454934 3.189581313 0.68338
5.320088749 0.511368088 0.83446
5.246794884 3.510246377 1.22906
0.583436299 5.410315231 1.21573
0.727473027 4.839486534 1.77207
-1.193876254 -4.138618471 1.96139
7.855952179 2.448000749 1.60377
-3.221677151 5.476969878 0.88149
-3.515008516 -5.546303651 0.93848
-5.414820557 -3.391766345 1.76307
4.438614594 4.246936183 0.3158
-1.430204458 -6.008650381 1.68592