5.5283088783094145 -4.337897285906633
1.1608624439490487 3.134656105531817
6.081462090269168 -3.662069571770138
0.6326288187603215 0.839622836580311
3.829617862891124 -4.954806243085688
-0.11493177481971895 2.70940997412586
4.909346666446041 -7.2656312113492
-0.3214804039767971 2.5267750454811195
4.52950758415668 -7.4456322079261135
0.10150709573074135 1.3845633675512037
4.173726487727375 -4.597713491021265
0.08059711343744991 5.10296500463197
6.106764915046682 -5.629953566463616
-0.2063261321873211 4.066669468072803
4.723089719949421 -2.1243691648133627
0.7273592498571626 2.4290384222746746
5.373396464924609 -3.9568256182763353
0.6910080660901261 3.064766963194474
4.637501081854647 -5.894997327018617
-0.04195017753633623 3.775401519753407
4.3245556607366265 -4.825807426642607
-0.1840023174311023 4.693983473622715
4.265874138965373 -6.3704901441496276
0.29128388552942974 4.099353697736325
3.719558596350311 -3.9821371225633007
-0.41250011932657005 4.739587113390094
4.502717296712723 -7.541436187855476
0.2006922575212906 2.0107378227856074
5.135422883307362 -2.7398822844333037
-0.32196602465867896 3.852619922692056
6.293526319576751 -4.384284716291514
-0.41486654594565686 1.1032556499098964
5.209943194356171 -4.68704607023178
-0.9292061530979079 4.438973604547465
5.939841948222946 -7.129206737453778
0.31136320195179756 4.503821350356622
4.349102788924177 -4.452837010206149
-0.5387803855514269 3.7095275487333326
4.657986239422144 -2.427727499555798
-1.0386341351953594 1.785388147611834
4.75063780806216 -3.4348755068346764
0.9013615367784247 1.9899385411688224
4.051942469170202 -5.957581310854181
-0.7207769929229413 2.0380676838030283
3.7809683163938548 -2.164454410960228
0.18423881329631908 0.8916547310798615
5.966281654073767 -7.431327189635123
0.8927629430764508 3.831460830366336
4.5076572189163 -4.586558560277574
0.6853648026928536 5.431368565994306
4.496914070727856 -4.168541114674147
0.40589044086954673 0.8258231064948796
6.038656100333122 -4.733015440396527
-0.4479254986654163 5.542610214948022
4.855347628957331 -6.36185687013554
-1.2415883653703583 5.020498259479012
4.9735617211598635 -3.1033421461386466
0.9419508514125845 2.211508932863281
5.258193214609922 -6.251192182861647
0.9616923674165154 5.703326269791706
5.312386031006281 -2.247400738875056
-0.9503435652400634 1.5144493626578548
6.292316909673353 -7.415361485182972
-0.7587194898989987 3.9888263220568114
3.721212032033331 -6.273843994810299
0.6516856950359777 2.7523284426072694
4.642762614487708 -7.595960941411597
-0.44859510466761976 1.7864613884434928
5.15239977184658 -6.787863075396668
-0.22420907081086394 2.7471560740625307
4.383953387580204 -5.973827603825188
-0.2783604042340029 4.251600170569559
5.417985866945778 -5.598031382531955
0.8802232849206384 4.544278285875072
5.97325145763511 -4.0375002913508
1.1637777005781775 1.7652762975331238
4.193964917119908 -7.6301429745278995
0.5310915422129769 2.4675809839695724
5.70050741805438 -4.484802817302133
-0.8133890232288266 4.566865338875793
4.950483123690934 -4.150503797666456
-0.14783301494614798 1.5044027809501301
4.591725526054917 -2.3382740064801286
-1.1655615321895902 1.2944521042051056
5.425292458824754 -2.2688599797021918
1.3837022881470296 5.272471465252388
4.697358687916716 -6.57630946255896
-0.12238276967206563 0.8324755923448637
4.960553713014794 -7.743476256147622
-0.795918268820076 0.8574343534829725
3.940821597545332 -2.378923004755742
-1.280250593911152 2.919986087940982
3.604828811899998 -7.515848804695951
0.2796151989934219 5.335671495660557
3.628269179671161 -7.186708388287995
1.324668862178237 4.977440370248361
5.569619528551961 -3.4204599949384806
1.1396870894582405 1.1595833882026376
4.40427588885176 -2.6493428012833986
-0.07064977989308452 3.0605724496470628
