1.387102903757803 2.8917297041591397 2.6993681396864986
2.980036414308959 0.22882848578034798 0.5261008731926298
1.37124618840904 1.7143691948009965 2.0910617856684754
3.4653912231517303 1.1733179174694441 2.7383698711968996
2.4586245081197577 4.109240765041415 1.1684880170255307
0.7517935104806939 3.2384982125852826 0.3385091507741744
3.1758749345824935 0.6230705427220118 0.7174766143654121
2.6118026882708145 1.155983244205162 2.9875989028461722
2.2351174810818275 1.870964243791875 2.533031052491067
0.9523907459756675 5.369272658129347 0.9741303122858291
2.348449961289234 0.15208709068491255 5.0165296861178295
2.8049777421972033 0.06848206668163548 0.5824229507485901
2.083638524213729 0.36029930563439616 5.583866173510993
0.8341284049055187 2.847335238790066 2.1700898701916427
1.0274537543861773 3.6190405712274076 0.9451884965903445
2.0970841406807947 0.6621925367569736 3.4316078677186845
2.7802257226963025 0.9610974210175127 4.138939990366635
1.5537116301848908 1.3576614614879567 4.766819817508875
0.5551060805961427 1.6789140616182252 2.854094512324995
2.5900011707104387 0.0022993757890032995 6.026869484079928
2.329110868403166 5.246391311829445 0.22970013708168202
2.2384625326177563 0.247547118937822 3.733130226973377
1.654429081615687 0.7599739596555977 3.328410676428959
1.2555087577740798 0.1824736617173428 0.36657716972762433
2.189123564864288 1.5643558970262317 3.1618128654196
0.7321475876822459 0.46545669002283296 3.7659170307453813
1.0731507036386978 2.203601865319189 1.828168456603173
1.060359286760696 0.29660541703974586 1.1871137776757867
1.8160636939289454 1.318178516446582 4.0341582563192455
1.0869103548459857 2.4718839672626847 3.7492551231288562
1.998103295845829 2.263089588857987 1.1872622746106964
1.63178188492196 3.3325049411638252 2.240835873370429
1.9177241364653985 2.089171335309942 3.1624376807526264
0.7177122615599485 1.534785285556517 0.10643712665193816
0.8416237355256795 0.4236136521352829 5.264977941039764
3.243306293658202 0.8444111642489616 3.0739093404179387
1.3598510081895143 2.2343153390785133 2.501786969303451
0.5291109202445388 5.697204344289441 0.026588811160923598
0.3452955624887555 1.1256509089869349 2.502250334252103
3.271090764514466 2.515004248086102 2.070891699040031
2.4523382935079177 1.8442075447509765 1.766195746803425
2.2870035236688024 3.628398689404916 2.6935770253003133
1.4890945069817862 1.2200364462494084 4.262571082483893
0.9433443237461503 1.8739491962866006 0.7690436196129935
1.3743058649666717 0.8836211581934073 3.6972953450746338
1.6627849047280763 1.2338709792732694 3.5007029481085903
1.8627767698305053 3.085189528568467 0.9663880503486766
2.7581381733195585 2.500342444167789 0.6474365421489048
2.540852504490706 2.5380938012649956 3.1250140198213705
3.0889830945967747 2.7229422313903253 2.90676537459344
1.5640033247057628 0.9103324882951724 4.810969627535686
0.3541931699929668 0.803984521078801 2.299496663123841
1.8061346564104874 2.8016200252275505 3.2225775268728105
2.338570173219574 1.0830269851504926 4.787881345514917
3.051334365058974 3.221184916759313 1.8507476328689976
0.5700953660260855 1.4189591295649895 2.6119999930096505
2.103535797551228 0.8745001966669719 3.476315166346735
2.918277862632357 0.985695844463067 1.8704134594940047
3.456934913347298 0.22490355959052577 3.2276412301797333
2.2972181884845435 4.965817629550308 0.827800912798814
1.643759276199982 0.9767686333024672 2.5875272180157993
3.404441823178871 0.9011037812884015 3.230045996360463
1.1266419318562138 0.2060461056890206 4.434545838237312
2.1782528286392564 4.214728432205293 2.383201846895483
2.658138157164066 0.9933615022317266 4.952990087931592
2.3164105062101017 2.744126345980833 0.6566522488812887
1.8190746706827077 0.8825149309886104 5.273194996827517
3.220102441651843 0.6355801333048716 1.1118559225608804
1.4426638156041949 2.676291615423787 1.1908341112777598
0.41048724593820474 0.42846547585731365 2.934873599163701
1.2964837597189682 0.014448729520769588 1.1308938862749163
1.4811480603936422 1.8193513317078158 3.9098341475628207
2.9514650531260003 0.9351078672941904 2.636168953582324
3.05185495873474 0.5893470187370409 3.933656922925924
2.6748373141453072 4.323972471966835 0.9802032732770194
1.643189323474854 3.287454432443977 0.19019147303111938
1.3422274333938666 6.331052237648914 0.3199027609271454
2.905850081232031 2.234511216675368 2.4278685697078317
1.573024779845431 3.152675571686947 0.528714293076622
0.8257807021275143 0.8822059208109367 4.158829652412248
2.6939065784130687 3.161549560193906 0.0815064751857153
1.3393791331370575 3.551133886117941 2.7876927237830804
3.3911823187722345 0.34892759623366576 0.8315925107106403
0.15170876914517017 2.9696394986485575 1.6597138555557411
3.5143481924043996 0.7756619787592967 2.7775202685103793
2.0610423904070396 0.005517255615486993 6.26770385546474
2.8401974419083342 1.9958189937654736 2.5557914692563246
0.7443176362968518 0.1331713836363757 5.536837626935843
1.6919831183324308 2.871037553644582 2.1822372949403066
0.14367870069032507 3.5844105826927986 0.06775589905140489
2.77036042899105 2.354852498213024 2.623892548634
1.5181579887162333 4.278273886063833 0.21058071306385262
2.9390411723115353 3.2522694662599605 0.5570198091411482
1.2803230876204441 2.037847773948893 0.9441445699956463
1.2616384509247236 2.5605962959096207 1.3418399488010546
1.3822729590208571 2.776063480328691 1.443713201386293
2.6579301697715096 1.8646325418145915 3.8464437103643
1.8200806322476382 4.529918398291969 0.18993356773901793
2.625488688415084 0.06416620304169118 4.498642061393639
0.8599362741161776 2.752774749029517 3.4767854647100584
1.7574257184834319 0.9656392223440691 1.3302267784199229
1.514146906403836 1.2030177396264319 2.773824557732134
0.39024725471893396 1.0333510405240875 1.3341487999929658
1.9393990405183437 2.270318915606234 2.108746493949849
0.998245181647639 2.0049053100875303 1.6451051530851957
3.4254265565174946 2.9958948795108675 0.6933200376555737
1.9661121161400608 3.6179230826275175 0.8216526048916595
1.3434294050175788 0.01374026760153746 5.713606029497157
1.2791561733302204 0.9810084686876208 5.556860704030887
2.3048353885530517 0.33032473723757283 6.226885564771298
2.1950217704505457 1.2988042473712558 2.41632888010464
2.513841077281347 1.4295403819158614 4.647259722547448
1.3987011406034178 3.805134770266637 2.50296466372385
3.3476905420939573 0.8043816049908747 3.4308875947917548
2.2501027558157327 2.809305447606766 0.30279019086072445
0.4885645839604502 2.8295754820233068 0.18667545621152581
0.6244709864955977 0.8048413059758841 0.19402753189813549
1.4086503781417725 1.5836191816089995 2.43266482544213
0.5701826128300957 3.7528027779078235 0.30986853031477635
2.0882380900545994 3.719319133863154 0.3507458436920241
1.2424776264779014 4.402748611854621 0.357480379962144
0.1868203256905132 0.4595022441832519 0.9950209429048895
2.469317698158177 0.6161159542130934 2.4353696021155735
1.430045102352111 0.04053205385450842 1.8608386465603044
0.6749982333162219 1.2000244337581933 0.6795475912548166
1.8988465355923423 3.119970836585887 3.3646257335627174
1.3872309780192393 2.0951411560504796 3.304369190241757
2.8145067233327623 1.2306218468399888 4.081512673577601
1.3068919693314573 1.0840463268850087 4.731977733878651
3.5625816076115946 1.0508548049981326 1.6739202562919364
3.177122284928485 0.09332652356972226 3.0711691959054246
2.2279758751827172 2.0683556467678876 2.5380212225900802
1.3062743431344792 3.8530761315191153 2.615178449697205
0.3453500166257195 0.08457473249747993 4.351931920673744
2.199685288308657 1.323205437461793 0.9733951466949065
3.4877919220881948 2.074359391709434 1.7463280880784526
1.06023715905884 0.23567132730961005 6.09434686389924
2.9876639328481236 4.488352821253941 0.0008885952036641331
3.0624168776945737 0.2720440930613022 2.1561608815352615
3.011776979029807 0.4301317696708973 3.232823879939902
2.280997499059658 3.0650009802799993 0.14176591672602656
2.406619646938842 1.8373189593869044 1.9006078269452853
1.0595559105425811 0.2752236379908435 6.206145809182869
2.490820732587653 0.041993082392830505 2.189979217379263
2.279267295495994 1.0840877164746376 0.6338758100566144
2.0529596782222703 0.6853761129764491 3.854987360830251
2.8092686354437357 1.064916238647281 3.3373859591101027
1.3885048854265136 0.8068180270402003 0.6667754748734289
1.059220391852369 1.1086263278057973 3.5867477677606674
3.3725690135853847 2.346860324891713 0.8418621397463399
0.318846817307864 1.9533740858497883 1.317281697676076
0.6839603572307529 0.9596781367101981 2.830581827002735
0.97071431614282 3.2223500414680495 1.2248807039936993
3.0857162436075947 2.169911516201547 3.0240470575431146
3.4395187735996613 0.8475621453154836 0.2129157402704407
2.382989225894775 2.9827735820059873 0.5496796929986536
2.7533855905960314 4.868061874280079 0.594537687932557
1.536910290723883 0.06877123546181418 3.0597177626443917
1.9163945379281955 1.3662417152562167 3.7253553539251625
1.6787413009700192 4.082076640455749 1.8695086194338795
2.9578638366895804 2.614314275668641 2.6973949160363455
3.5055554410733625 1.2250666146659728 1.618189374441611
1.2841344980696345 1.573313168128585 4.184470878076137
2.1493468277715975 3.551168784129566 0.38887525782737575
3.4769594218470035 1.648763293549943 0.7458527422462691
0.2885662987338211 3.512308045594307 1.304503983769164
0.40076580037655685 2.1514120464202002 2.011701149072712
3.0627031367182433 0.8485710806171876 0.8869920595183101
2.3822001076167187 0.1109888691631622 1.6818780380394271
2.728897640096285 1.7035066671475085 2.044567942178425
2.546035272441265 3.262046101527658 2.6664199043535
1.8029767288277099 1.621012630382943 4.446767162837966
1.1621518990380442 2.5947108701499344 1.3502775928797195
0.38481614951024645 2.834317946200261 1.6056578024529156
1.5696088069286973 1.646608963997498 4.749516104467361
0.3360767659649988 1.961079695101594 0.34794983573613547
0.4472037055175615 1.2592084146916804 1.220100753099559
0.816772154656048 0.0325684067500398 2.107504617353446
0.7387858019018823 3.430412188500802 2.6543680511578502
3.230270602372014 3.322300820767631 0.8088972388814808
1.3534209849696532 2.2287462440624872 4.175681121929848
0.04709269201639832 2.104337072877099 0.8042477930550407
1.7484544095447263 4.337208424088575 1.6051215801440633
2.3582474043287727 0.12691497368637727 0.05120099217677643
1.287185998476752 4.4156129664927075 0.8590732981313931
0.24479606746554472 1.6350696416555788 3.443492339407209
1.2140922573147495 0.04350823739897702 0.732610519113478
1.1408037564787799 1.8863356214851135 1.8500143530164859
0.26751413784786293 2.143991691029644 0.8746433939759224
0.2503222645031711 1.418530247833023 1.957605257649917
0.5686389673088232 1.785880074947901 4.005353736029958
1.6107927544819067 2.8767952665558347 2.5729033172475892
0.6047091107075508 5.746117101606638 0.14630281252420052
0.2719310099363581 0.08024898568868233 1.8389238484439008
2.74327049349841 0.7770020840421921 2.2569813617270817
1.1885097745390394 4.119603375467174 0.6300620370089438
3.5101737011653844 2.3808891077692063 1.6057414997077524
1.8397014937273104 3.2014193145750767 2.7358378688901674
1.8558005202460226 2.553027218529844 2.5010996144554576
2.397219153493518 4.0918392325971755 1.4547464415478517
0.6890425640598308 0.9545060118578341 2.7167068049432554
1.196669713732329 0.3752640081023073 4.647255198619485
1.9687071921043797 2.8460454424646784 0.3686199908151422
0.9727824658231121 2.0553249876029644 3.8565494397149838
1.245489360069495 2.556560486852658 0.32099930732151893
3.2984150907952072 3.1740043564756237 1.3442094466901588
1.56615050224845 2.5650652587724068 0.4205016926816407
2.1970979788875065 2.8691500366289735 0.9132006912643664
3.0320309738228945 2.4142840660238987 0.4106320840489597
0.5973910162377094 1.4630780328359783 1.791519090100211
2.739610499431271 3.306748313952638 2.4886099578342735
0.5079372736399068 4.8496717736185975 0.10174671479738828
3.44621076369699 4.021459794326951 0.4802269520982094
1.144364623371028 0.09588468590484012 2.221906186946602
2.460371528846318 2.185988328091766 4.232762331383637
0.16559670536922533 0.15131081759238385 1.749116396825613
0.16239869936063078 3.856168184353633 0.9710680655324244
3.112286139504855 1.8289689491345773 3.29803967594662
1.6171400363688915 1.338858332177586 0.007480838046179938
3.4317652791835904 2.0908813401007507 1.7463118369879582
0.37146099438932767 0.996626726143931 0.5673458150811705
2.30608004756069 1.4314113440061538 1.5931855709285836
2.901077106281358 1.7806195526570068 3.2366726868156825
0.5812184567041212 2.8777950142848074 0.2377186950551946
2.553163223342546 3.0735406559013576 3.1843136321929233
1.9208424561828696 0.5197406850864084 3.273286146739439
1.8675024801874496 2.6247563152335807 1.7991581501653364
2.498900556152197 2.8381999645160807 0.002525165433829857
2.550329410404303 4.895673461573159 0.9053035443458768
1.5300939696411986 0.8395043475021358 3.600534181046741
1.6120251939749908 0.840225321604362 1.7425089867423083
0.38347804090240745 1.1115454677111525 3.3215455715816744
3.077984637435799 2.674947489578469 1.491407953419407
1.5967548005015564 3.2127045227040885 1.433921783553671
1.494930918502132 0.42366561459622143 3.8578744389690067
0.7002188786674657 4.087648252650534 0.6765051554876922
3.6591080750457996 0.24483230863576733 2.6947280051044666
0.7582296455890536 2.6469577127613686 3.448670485232662
1.654990134689207 4.397777862210516 0.012956404001976951
1.4434437116805021 2.0244048308607985 3.011248290644196
2.6806947140420023 3.234653950946295 0.8728462010085214
2.713910393285256 1.504727461292299 3.1460125104074765
1.1128830091201403 1.0529981168168479 3.708600602148784
2.4604984478120118 3.394725691756829 2.8526130392434723
2.312853053019297 0.7402490757463076 1.830620875428297
2.0066264190978735 2.145919014710623 4.493907201656203
0.6948295505710489 2.4641488709917816 3.194158370001686
0.6737598320762717 2.2043548616869755 1.5099282602700692
1.9798156420665258 1.4878189029048272 0.941224456088956
2.811555837945531 2.1034404959056174 2.4617020769904263
1.5263871277957464 2.9546683660716386 0.02478074238677852
1.7729346119677647 1.3764847247785161 0.8291976931831013
0.37737471801150724 0.7219671228206426 2.6766472588904278
3.123359583150079 2.3643590522539117 1.89559608630275
0.48966099667977825 1.3771009246838406 0.0825854546127569
1.6706334695942704 0.3795776844846743 0.5445187374566862
2.9546795843017613 0.3208745571689031 3.5208974896544074
0.4459744645384822 1.5213750874106602 0.03293019115464646
1.2084441760297004 2.8395327972048037 0.8569370429439538
0.5233131645587308 2.855062582279232 1.4115115593352634
3.0366784479785958 1.45847099818325 3.0998004295375114
1.1232606957507096 5.228712877561831 0.8760554766060036
2.1234006183917655 1.208850560664143 0.3258198244235422
2.854731708394306 0.2528881578446651 4.54678298385235
1.7251455963078532 4.591103814817684 2.0142676218728006
2.506792580734891 1.2148183214555397 4.8007269826351795
2.4878503171562905 2.612967447578507 2.8735187651474448
2.481270215789965 5.647747868784058 0.24106019948482937
2.2703701361643946 3.9189128232571315 0.822224327575205
2.772113446764266 3.1666506935798733 2.6361000260025227
1.9896083767779016 0.7472650308287954 0.7759870079632514
0.12946448061355587 0.3076057480766803 0.519886848059411
0.005934732213449534 0.5632198271785327 4.01565486762398
3.416474066937073 0.6898686999158066 1.127825166770512
1.9946831230784767 4.365679627431075 2.195551502957601
2.4040624917325557 1.8235723199540588 4.37651511696338
0.3279668963308058 3.1154280730588404 1.6859080198573917
1.0216120118110084 0.18247901951297552 1.250780382875606
3.422513385502236 1.2994346840604432 2.327541686597392
0.1316541504591584 3.6792552963774314 1.5700115369342016
2.496791877228347 0.19362277733295907 5.394999749006461
3.1100511690631083 1.1734534594221802 2.8229537919961665
2.559118088926695 0.7460701062461206 1.8442367450609098
3.5035849548226494 1.279398574847852 0.00480822299005923
0.444669547060641 2.472680528902388 3.2489196416562036
1.664290741307869 2.366884748677643 1.6877747730144599
0.7886671856630467 2.89431701438113 1.5247243400550814
1.366185663069348 3.4703684751738537 1.5600901297760306
3.019387864803269 3.9218996373442847 0.45285452908012225
2.261558292393666 4.242496213293503 1.6927178921219999
2.2267327367658174 3.621647513447056 1.1219916505724226
0.19188016209107372 2.9335822407427106 1.3243857611914944
0.6101540825886242 1.0957978673997593 0.05488861524222788
2.434392552446878 3.150598181347294 2.2579489711108636
1.7030082927684864 0.5604932260232687 3.3268755785816753
1.664933982477963 1.0001604191972124 2.308573374516101
1.9517676242813753 2.0583385608074343 2.65208210702753
0.8658980027160557 2.524419545023635 1.6352774590516284
2.4847613805317192 2.9256856103958806 0.2144115933228541
0.09490564239570065 2.992868004125313 0.41929206029843735
1.465782584032227 2.5254858924941415 1.589075161295046
1.0149411686157483 0.013681343721146932 4.5361765828444565
0.8541415890939164 1.2548244693771282 1.6463517995684651
2.8532027859148656 0.13036884758900857 3.1055262024307897
1.3915599014974467 2.1467883921537148 1.157554677978413
0.7271311607497344 3.7026748798009934 2.4146241395397428
2.425749850086394 5.519822754143236 0.8020837084700572
1.445966083071969 2.4012130781619954 2.4952361438488624
1.0523080123055173 3.7526529567544973 2.5202135506854817
2.7596882599006944 0.43766068098748945 4.637647605398833
2.9974791485823236 0.11201295594212235 2.9712955060459265
3.3207440784798994 0.9770850712860013 2.5474290308880176
1.0210749441664413 1.7996954418806455 2.531193203103912
0.9486711030127049 0.2310021787362837 4.247876698091897
0.5879082950956804 0.8731010271985518 3.2520396241213403
3.4236130962033218 2.980150807294862 1.2290612031640225
1.1154999074542893 3.1338728221059475 3.1528299795976533
1.9128433948233259 0.35285268772267675 3.0225074337207234
2.404071659175493 0.4044188871204679 2.3031139037644666
2.7081640789656483 0.5491904347536669 4.608880179371627
2.13613660455509 3.438230281663439 0.5334740568680219
3.167528730122463 2.3389847603108693 0.7333625062600069
2.4556041349543034 1.6953220217578813 0.24553070400500587
1.7302256047399256 3.6273342112992424 0.20919651619366486
1.0986028204183473 1.416031983583782 1.1030836959209511
2.946128207504184 0.29377221680907506 2.767789734648275
2.6439463180352405 3.7799172676341697 0.3855468099373094
0.3502789180159982 0.4813031973698423 0.020251213753810227
3.367734222618366 2.9763316381451377 1.1063549593024957
0.6109163459292266 3.2633785258666794 0.41748800533785047
1.1384463149673563 1.5871393308618909 3.0318724084243573
2.435585954831969 1.298298425263672 3.858643103941054
2.16537390426737 3.518214416295123 2.9207723852440095
1.2132627396198181 2.6936113810153084 3.847288676891841
0.20686125275154899 3.775007901996422 0.24400932671748143
3.4397121113346216 0.04602275407482259 1.7584013120705888
1.8887887004841797 4.114564916301253 1.0795317268175997
1.5420623829972746 3.3085257210916907 3.4177066793368915
0.8002412633456346 1.7328712342513664 0.10401000688765483
0.11997761818378194 1.1750060819712738 2.5187129908589334
2.0970463597180355 1.308466965243562 5.3177436301409955
1.0554751840659338 2.743473402999377 0.14936732230217187
1.6164846115242648 2.417531594084287 2.7980121982573323
2.1763944601908136 2.066291479101432 1.6361918181361512
0.3648925648859047 3.8086412463714705 0.751043063933563
2.0924951706110484 1.460713050320166 2.315913508394961
1.6103299574130625 1.834041309296236 0.7479633951953291
2.2901850637147083 0.7501713435244972 4.637191974388141
2.8261471423051954 3.455509476720141 0.6957794155323505
0.6657320451846183 1.6033477526599593 0.5689775709863809
0.640877208336057 0.5843308747339881 0.6115619705735731
1.2253169962000932 5.208124367267466 1.1770226599640765
1.5578879354545494 2.7402108099255784 0.11939151425722327
1.5140869892791653 0.07169824164647287 1.9380217876880124
2.260194965570248 0.9020059256372925 2.4665229992426663
1.7452340052107473 1.3160148546483263 2.0376074722590323
1.9980214914034211 0.8882390166790388 4.941627510913316
1.4979179443052049 0.2131470048759787 3.1440330621210033
2.8328183838982413 0.5165213277027758 1.1480964717869468
0.16573397609602192 2.63143397733284 0.9914792512693138
5.796286832407906 7.197665455226623 6.980506586460341
6.430699886692438 9.9246989578135 9.022671607537346
7.247155689870516 8.662720957478896 8.447502431578798
5.075862766731152 9.112474647353881 5.403577407610861
4.060041508940354 8.138619613518323 9.939658852648094
5.008280220787955 9.199131252744108 8.17984465014861
5.980547895163328 7.220461515319477 9.539524313196983
6.788896076183964 9.003653601828148 5.0224023228496275
5.332111470711082 9.534498447392577 5.690087527849663
6.0559702149068055 7.175826776144349 6.241300908956972
6.293189393711412 8.788503041337675 4.662511381426825
5.477128933749446 7.897571771196801 5.8512276200416835
4.73197526471247 8.652317870177736 8.173161470411323
5.220388519024092 4.607855698766532 9.498927047150456
7.040955527998546 7.973043505404982 8.449831336704275
6.572265339945993 9.020656431840216 8.291013241811722
6.0086165539845044 6.162106526987224 9.767890119699196
6.598386908359527 9.622883522620509 6.073954540140894
7.43599093720891 9.764602489509008 8.662655906397802
7.447740636440651 8.720679340054266 7.12879337521343
6.4902114580313555 5.102108326926999 9.363904630563557
6.577361434446635 8.593215781565517 9.967713239343288
6.630757749589793 8.454336334382555 9.643728457485466
4.392147191245419 7.568325369256747 8.051905371636112
6.697251228914772 8.362496436709076 7.326720379279591
6.908992368218943 9.298936513467677 5.267489214386013
6.220514864363617 6.5541345399272135 8.761296249044918
5.1144539849472785 9.580520213242655 7.403010177744042
5.193106287269468 6.784040306673842 9.783361658884928
6.806727797740335 7.175567868941531 8.197567176472125
6.987545268764091 8.939506958637427 7.228579645030722
5.738247768217634 6.743313737533676 6.802294824025319
7.142337885757374 9.628229835625437 8.327646373393451
6.671261240166145 7.489265948103004 8.897000964452817
6.49032148367475 6.603015631365409 9.603584413994167
6.65713998120964 9.445868661958428 7.425481300150044
4.6938470078901195 9.11498982572111 8.936648534332063
4.2307183274159 8.124073589831843 9.817949170592598
7.676635709105591 7.675203356748952 7.90234361409513
6.353662649200583 8.34407902563743 5.531933798667791
5.461443435089786 9.998999679381676 5.584176943851837
7.286644500245125 9.518521969081448 8.941592454618277
4.964559969495122 5.683457544985304 8.438046834919636
6.412446654878725 5.28817308626746 9.871316571937953
4.452950089224762 7.70631839022106 7.857811274706071
5.839254838611273 4.461977887454656 9.501440466207873
5.7802096866976385 5.518024135221663 8.6518698935347
7.251783998900729 9.326964673724412 5.847768636771909
5.5408693491539776 4.897302830903232 9.641613262824514
4.3768518771249845 8.308614386726877 9.555381046089199
4.961418982521078 8.179199720010761 9.288757205720334
4.430094731560973 7.920098955074756 8.772142700479742
4.194869264385349 7.7806419124204105 8.79892239607039
4.791119727183647 8.459691974527239 8.12819354942626
5.638726825859659 4.797166537170031 8.945629271049171
5.071652999831934 9.770275377514993 5.426804180066238
6.225715322464761 4.502457762421821 9.769820555676805
5.904602332948454 9.990598407670529 5.5220081911275365
4.578669529570824 9.980951772221136 9.175310801663507
6.6652810101116735 5.2677811069972025 8.682333520509841
6.597517849435145 8.391698488271244 8.510367324068856
6.833891312697785 7.974922385295507 9.762414785116771
5.950531339778414 5.616711626122464 9.624632518281931
4.193267758670334 8.453098036686725 7.968493221609347
5.763169151865802 4.428126504270824 9.947924258190103
5.099302477600847 5.830824079925899 9.988962396267729
5.022989854567635 5.799353311260713 9.419033612009938
5.4675945281454075 8.489985907315367 5.525014988875493
6.215547170514522 9.875966645681505 3.7550034292521364
4.289974401856799 9.581086931694111 8.819538537790963
6.706777265097552 7.789821415140463 6.978207834660455
4.604382886211539 8.309915429358274 6.391998103163178
7.0752384529595975 9.286452130863612 4.864484521590341
4.284575014681316 6.086579698775031 9.848535304398272
5.846193368503561 8.157946452757397 9.149878529740548
7.619747722617589 6.9126000839663515 9.02800122598547
4.666298121412016 8.375072998851834 9.279257593047587
7.711233401476067 9.884848504532345 7.312715698433329
5.124261708607186 8.666946653915508 5.448489079485387
4.208487515908404 8.881532352812165 7.7240696991515865
6.859241865328957 9.524321810724933 8.193085500138368
6.292628672109258 3.9610169927023087 9.716201443018019
6.900301395678177 7.4178712491616094 7.74018098619243
6.153366214628241 9.49011727841096 8.937433930792114
4.101315701948548 9.244935457436021 8.176841414961494
4.415219699964208 7.384064589368919 8.24376079909001
6.79434675225585 7.6738171850628545 7.5854227759102155
5.291731744819289 8.94226457594645 5.716718709329549
5.537962021892753 8.51224382958227 6.929898904849825
7.076751491861892 9.490444017611573 6.293645012688007
6.084068444210416 7.862120376747153 9.894014812270143
5.621364647259181 9.639973233490444 6.5309880184562354
4.138178074252709 9.229728666160128 8.129113176130987
4.864071835698674 6.176068980677009 9.13659599297985
5.040926748038381 6.5940101016958605 9.942939465538203
4.811187468017546 5.542463140293955 8.72342844270695
4.706814196616618 6.918267029098284 8.94115632263282
6.3148269922167 7.755239772243576 5.9540355591543666
5.197510837554306 8.091078398093588 5.918326865211718
5.84136944423973 5.007035659418464 9.355887464356083
4.986897461880854 8.727319757206137 9.852767152047093
7.003271279792894 7.830831017902043 9.362690491609914
7.497309445348868 9.636444801775092 7.3278182756549075
6.113597809126393 9.219646696396396 6.380789158447402
7.667938491786176 9.97104457137499 9.608321043171038
4.353529443636987 8.14012069499875 9.858033496316397
5.966665601779746 6.904270227043442 8.234602138226938
7.308477304046244 6.625121136375958 9.045670506130215
6.982323684220252 9.280909696200013 7.7249228783104655
7.334435617261912 9.509895870814898 9.393192398239957
4.403729285863973 5.681864118723254 9.314251092965058
6.9625791436193545 8.10041119946246 8.595507054592632
5.3713935016433805 6.054271728876634 9.25960695375284
6.737603477086056 9.25917210997686 4.901145114554396
5.166098227260688 8.166206554533614 8.554579829332546
7.028494288335596 7.170324874485469 8.507791535792727
6.514749010017715 5.039519602532493 9.258382207665631
6.4000776815817195 8.775353179107432 5.662137194793391
4.687764040816109 7.525768394613345 8.716271319126147
6.646039169628665 8.187053478672409 6.906534967474075
5.829700850908392 7.776752455756963 6.6328366335969635
6.04077193754285 8.758218890028932 5.3211438515815255
5.980680444241145 8.733133879821663 7.053624260092617
4.49530388210918 6.156293532142439 9.585735135216163
7.199437286564809 4.444050746692004 9.906513497604092
7.048976986678204 6.8198233556746155 9.136796513818368
5.621056800785284 8.218511547919746 8.576425606739335
4.448871460244744 9.7933307247593 7.031108921772766
7.480030981301297 7.982056032555582 9.735270045401474
6.851826337780595 5.928086230826796 8.193401575403787
6.239634324233196 8.232866490071235 7.85126863623618
4.735032256465427 8.681619872514762 5.737191002866439
4.837758776320653 6.051774825398409 9.555301663109434
6.7034180296717665 9.218226707878726 8.681800802792367
6.20346043911805 6.7424775408644955 9.606716955563527
4.50560451668802 9.549208177799823 9.127642308010952
5.52434432008088 6.90308267849323 6.879252739820313
5.246748381093356 8.354938572620165 7.7912565603984065
5.973304206161975 8.428719645998326 9.908320521352243
6.748533258202869 9.197904125299832 5.612181641759455
7.35630017478096 7.9582755117130235 6.729903799327291
5.675984665291201 7.511325851307706 7.3998168200323
7.5933841180036845 9.026444608584947 7.667571446892099
7.800007224225487 9.624768844125095 6.252147923264512
5.014414148107599 9.035922671339772 5.427561413845961
5.4147050764178 6.1759811859953215 8.612444414506696
5.877060897840648 9.854847864668523 9.69996618634974
7.3680219753533835 7.625828381693339 7.831757739338723
7.800632330943436 9.517281452881882 6.739038351612861
5.946390420786568 8.471104445345384 5.080387306412614
5.035363423277058 7.834440102586062 6.946594128008807
5.195134628803152 5.627108938311429 9.736989655214972
6.75652807688298 8.440722745362892 9.324408871389547
6.1315936002739155 9.909142590949916 6.681910622649534
7.968257064312873 9.520966379654913 7.5623221361112645
5.585334733585193 9.607976241730574 7.7140843032942294
7.610602876963335 8.659560102629966 8.202070758088878
4.7129111930508945 7.150070412945809 9.721282484315324
4.98948736832673 9.513758009051271 9.645155571908536
7.782673568200121 8.884023098616023 9.219860334335447
7.5040520283399745 9.94684071704777 9.8506112999801
6.335037520984546 6.461961655684791 7.001008083949765
4.675014891988415 7.627768396288202 7.163602706433196
6.329763643521376 7.601550225897466 6.276079403117501
6.2043697627065075 7.136684434704462 6.425647063287984
7.312479303154022 8.287388222531074 6.163249083989691
7.353453629579033 9.783946543141905 5.674584259523846
5.232682286539681 7.621443054026999 9.300204071865982
7.025450361015523 4.213701711061707 9.967381272880687
4.980271190270171 8.74077183659056 7.634354603868933
7.114541992394106 9.081215129116632 6.03022163759786
6.25752489228197 9.070557418292337 9.255198443312247
6.079379235541226 6.503068414419548 9.088390203147377
6.978573178897935 9.595959789998465 9.164113020304713
5.706745127745871 7.686409178016166 9.63252080706582
6.90800574556948 5.872084407768478 9.599668742817954
5.129257900295982 9.493344224741445 9.757616010672228
5.082070757879411 6.301039078399162 9.869795054598864
5.259199375996753 9.071270020564343 8.152034836453211
7.666039952461768 9.472619575155262 7.338842017974889
4.934982542557425 6.771912928903086 9.86366464468302
4.86468803116567 6.963709815822282 8.101120789592645
6.52326849998416 9.638739913385061 8.815311280269203
7.760934959435005 9.802336086705191 5.949626137356265
7.030870560078232 8.176308072468702 6.825958346433337
5.853513939922958 9.327369058833426 8.632030013159685
4.800637532731528 9.100998538880047 8.93682391741218
7.763632923378319 6.223744073421107 9.831707822161308
7.166752355071767 9.59948597898207 4.575996909511305
4.976142015529956 8.067074098916331 9.05955174871259
5.624547109757882 9.562726038721706 6.74374281977387
4.684353955603316 6.331449010586417 9.403934404759767
5.75330966856059 9.869083448731697 4.6925011802037995
5.418611071114826 8.526478291143071 5.060041202031616
4.201385981350626 7.962950475441872 9.767073409261469
4.391392343008183 9.604066435452921 8.123565753094965
5.807011238400528 9.083085962536012 5.632248750000559
5.207952929227552 8.887272157108747 9.20231403935617
4.134090242823256 9.526681987971738 7.843022645106864
7.870527905517579 7.999003114553778 8.405089890512683
5.615259442253819 8.344375986476662 6.948660525881606
7.291710796979602 8.785430415607182 5.72574061623465
4.582214219032609 8.260178381218596 9.216460510978004
6.782421307525437 9.081024369023378 6.394931042376233
6.904322833661869 5.006541617665579 9.98103830386875
7.882745773309213 9.595601646031884 6.456440748258262
6.265756874517504 9.020674345230873 8.152332836109647
6.711924795681555 8.830020755956125 9.96496776738372
6.794325905569567 7.645288450126209 6.14405891308012
5.3110222984563755 9.908121769705238 3.8802780739767426
6.813223091503854 5.8435331591520985 9.935436535609078
7.854716913932717 7.9431867350393475 8.996337865727654
7.320189188700539 9.180080290317475 8.382969176745599
6.586781208731059 8.125218547389611 9.545941139673129
7.0059544518087415 7.227923521619418 8.83640559476961
4.2827577346215 9.906941443893976 7.058683989047514
5.4065656370570325 5.464151904439815 8.932573004090658
7.219989057045377 6.186144455278667 9.97187244864529
7.532029243143573 9.827197457151827 8.721902889120475
7.221757897975452 9.423498517148307 6.2032680566363565
4.86200027420743 9.892494420423992 9.862090265636768
7.014697263006113 9.803841509573244 4.170816677887003
6.412512383708283 8.244537614789117 8.841249204201686
5.452544548581768 6.677647126304278 9.497745931699983
6.826299283045366 9.314233415220656 8.909431288906681
5.930661267588198 9.52558857021507 6.232253089051327
5.7192737427787845 7.926513774484157 6.471657075813385
4.923282583318028 6.42520403854231 7.6753510473698245
5.746139977146236 5.606569576152499 8.59305269533184
5.34129401443388 7.978415694058928 9.333606759730232
5.780317961636058 7.763303569810139 9.91306963273438
5.769361997531251 4.931449752411487 8.545670648238858
7.115873143394688 7.825500552603058 9.840575266578345
6.0009345089789266 8.009772783853373 8.93390089490703
6.3358532252871615 9.792508150942709 4.188233996995838
6.06085097542807 7.05968946710418 8.248765483186189
6.983629866815369 9.967072675607465 4.536909820830863
7.138143237520161 6.160263078889921 9.731324058763578
4.934178961327387 9.294692383505915 4.8180869459035165
6.113549056581228 9.979750684640852 8.372485300547458
5.83773633453517 4.661821925719702 9.488984227504107
6.79718551923573 9.215475214476193 6.489510700364953
7.373516805459824 8.573981735570475 6.042779956360732
7.013478946936753 6.687474330614868 9.954311854546336
5.591442441679304 7.722413665400757 7.454781857555195
4.4230465750821155 9.806415902563902 5.345108667213884
5.398794941251338 8.447344819477573 8.75499375198091
6.624334556205648 9.390482876648505 7.485294791357333
5.457120937175056 5.4980776587847755 9.240312501510681
5.062193335819677 8.479502555532514 8.430036675936131
6.517336326117478 7.281170706625738 8.810462075541562
6.709257544628057 7.8276169242484155 7.3388583533909895
4.708454475209468 9.764029535395485 6.9132309605350954
6.8770078239817565 9.20361021717092 8.616974845887041
5.2801819130100895 8.670438310852393 9.197741524311825
4.805458089960554 9.39298255153808 5.663714536415897
6.7404377789929875 8.594722997994102 6.414411780776491
5.49315841312314 9.806769410874436 9.22357079001066
5.749765206983641 9.833173331314972 5.361260259063608
6.672044015852421 5.84089761614007 8.166211602316318
6.930354100793181 8.358690815082525 7.2328169047173505
7.007699418127561 9.949364852456451 8.481181568356511
5.621061420988758 9.89333258689579 8.07355159098092
4.099132540151082 7.1962703737311475 9.656796167732985
5.34217085817664 7.248319005789721 7.049524288286752
5.1822853791617725 9.982051531974903 9.431915632006936
5.225149340726284 8.734618392958716 7.9953735725852795
5.354134367463972 8.981656855645605 5.278609894364542
7.342739495924531 8.067192385250438 9.30446009049421
6.95846765226981 5.034517236193219 9.806690660061289
6.287318888631146 3.7933547783100074 9.873168228593872
5.4260003552716185 6.457818811476645 9.733437084860476
4.205102645114208 9.969005395562334 7.640001364177911
6.698957195467844 7.799858068888222 7.5328849663976865
6.074977862529334 5.344005600830965 8.32746737877438
6.227323752260928 9.453803992449437 8.336983808379616
5.806830255087895 6.546942062721632 9.139172758014356
6.474656971192644 5.8192485176910305 9.277466167295582
7.076208710603891 9.342184031894721 5.264016545634198
4.656751656277594 6.78458319101183 8.003633900202683
4.5115848064062325 9.071235704201126 8.651723134434148
5.088021581172923 8.034906688147284 6.8660865199782215
5.72465136308994 7.523676961529634 8.604150588136136
5.698196455210038 7.329405113626901 9.408014855789137
6.107628666855524 3.711201178476198 9.96051370056107
5.682376846244026 5.006069949192734 8.452411302344714
4.092008984879469 6.994400322362509 9.666537667378597
5.45111442848601 7.100836972233322 7.024633884347455
6.555688603610591 7.373716434394767 9.864520990142982
4.612363118456382 9.641507619460366 5.704858504513125
5.951729622833354 6.413806350288171 7.992249231632162
7.679894939997011 6.821852566234461 8.907207423194045
4.658627463514147 7.4870321928192265 7.099958374916387
4.661228385283261 8.970871520316113 5.759208378775523
6.6299113417607645 6.086381133823599 7.733949512433581
4.939860876835452 9.34934909793161 7.592993658436931
5.7217050970019585 9.101052529537473 7.617787917884568
6.739404563209632 9.376437895763685 9.038934351019495
6.458288586383096 6.148965466289653 8.047570744371182
6.353666735793028 9.99876421655229 5.482164687093718
5.684559699075093 8.525181660511624 5.38444831410736
6.215734139800428 7.995571767571797 7.998246211415152
6.555504305140748 6.736281077621503 9.50628243996565
5.76755353978191 7.629350713832475 5.9194462093350815
5.718769111044525 9.960769390298243 7.5366696087194605
7.060961597478621 5.514690358302908 8.881301600315794
4.778731852357895 9.101879298944395 9.621763793396184
4.87540192501772 9.4130169559595 9.339903313916999
5.234646889333035 6.859413079443249 7.688161155392238
7.551150790920239 7.77183774495137 7.989911249600779
6.5495947199799 9.467673248466678 5.190155372954405
4.612035692245495 9.279934064514341 5.246826296473262
6.298364969706263 8.309220855503817 9.129598014232508
7.486735543401284 8.100003645395637 7.953702879360296
4.514121982395252 7.507825975127794 7.2768906268997355
7.816657993215829 8.098871282900166 8.618298015718524
7.377689107142734 5.466833248533919 9.321867833469984
6.207931027738609 8.636808411395647 7.185068297518899
6.598035348587254 9.332754656061876 5.568328685870016
7.6304461564000405 9.363539853357864 6.716996461775349
6.37656819601783 8.761619542451843 5.582066149363324
5.579266244296357 8.175145710671313 6.218495877800187
5.795647690002264 5.622292716390502 7.986268162331206
6.69307386106118 7.301692667625558 7.870358990207893
5.61816578236655 9.316398158346175 4.846182241893019
5.3505326905989845 9.55404134513983 9.066271649522292
5.841530355838168 9.00274313739201 9.85540860552289
7.148328861840579 9.68703405008179 5.898396046701453
4.550812094251779 7.505353800103802 7.884761996992493
6.8763852940308965 5.950315820943422 9.898208774455968
5.24090719937014 7.012441448225438 8.48527133498904
6.533594623698806 7.2408656954173924 9.18899542847121
4.3438959318375 9.868638668400763 5.961611493836644
5.688220994970412 6.344514294902681 7.147521076451252
6.108546193145285 9.322664208952718 7.015014751446125
6.7034193603427745 8.94607452197886 7.904149123130912
6.540008390543876 8.8682408423976 9.89434479006697
6.272057578521969 9.562373291034463 8.826577360527564
6.899359885248893 5.902199309846355 9.513974254392554
6.173366839494204 7.622272390899489 6.0384860539649665
6.50619292003472 6.6156654533747385 8.295322861824122
6.52081801268488 5.308561365462024 8.904063655013818
4.584994340619783 7.34091827785079 7.343520837897106
4.318722782342343 6.342014442700471 9.0209069864198
5.864024975408371 7.366241730641985 6.538305681425323
4.729094000624641 9.769291865669432 6.769841382882911
6.725980506396839 9.523708680725859 8.048490373308749
4.158392391578204 9.535160474002534 8.154342661044613
4.396136557391729 7.482786696773576 8.754056813510738
7.417759220638925 7.305668944067398 8.544027128945471
7.1722339003831435 8.198479552701583 8.774683029697432
4.833447305475952 7.799267401358923 8.029828884780878
6.097390029020659 8.843250806959766 8.136552115776635
7.000490183690679 7.510685369965726 8.140580587427651
6.036407846775521 6.923047095623454 7.243008548515705
6.195034904911595 8.836123230370967 9.630341260571305
5.90630815865811 4.10908916496714 9.709278601298236
7.440167094034839 7.729053845276908 7.225273957349756
4.1193501126459 9.016253553525477 8.971444618718152
4.091355417018921 7.778145591955469 8.49098766254756
6.175239732895207 8.832324699994153 7.722532539745424
6.852047218290657 6.734496326140378 8.544271630445845
4.547549270030883 9.729421569403192 9.286508057084971
7.139482281498028 7.056219623613529 9.23263728009052
5.673926939594802 9.06485410181024 5.386652294688944
6.979013478974837 6.865373732276061 9.496136450792854
6.820274030947359 9.471750400756534 6.92420253948079
6.710189226198543 7.463425323175928 8.224311159719726
5.954997180150201 6.250359631447745 7.7974066836816185
5.298918812644446 9.80728873968009 8.781711111001428
5.754870965181956 8.802665520396026 8.357517119533387
5.447363045464333 7.397841421496429 9.84148463387955
5.38184300779315 8.592307123997 9.868850172856668
6.413545562464682 8.806534369900763 7.825845480823441
5.136115680781238 8.274657217346103 7.726190278718307
6.024813855586467 9.320576323136201 6.019858523544743
4.6025634572914695 6.721816787939602 8.35659990088487
6.969633636757331 9.245232923245615 8.224951566571242
5.8674531722216035 8.278585894769762 5.156823917384785
5.401412115999136 7.837344399414117 7.740821247209744
7.117072883429698 9.443927105733128 9.397969775781492
6.5906063735195 9.120832717130071 6.472453514311941
4.601382005008009 9.003075129687975 8.195516618315471
4.463008470590269 8.629252232508499 6.572440687092197
5.771416701520025 7.36743792794714 7.749912549577521
7.419724649385896 6.296589481455665 8.509033650702914
6.191393503325728 8.91911665175211 7.559904340422551
4.145700966307483 9.627548691321786 8.861254945133968
7.294055501380968 9.119264970221082 9.682890643795158
7.488748392904033 7.838857256300372 9.046337381659917
4.141532518765926 8.837553716814261 7.159971546051099
7.0577665689811795 6.633814421811897 9.33236355108372
6.474579838896332 7.722854098093991 7.812960143326331
4.812079604702281 7.572087688714292 6.939379738788053
6.999026620311458 8.52558189866973 6.1126836726170755
5.5575959772552235 9.544072770247574 6.626939436114464
5.932475790346877 7.252165473431761 6.491886844950225
4.35447111350973 9.427664810802517 6.5367832517589655
6.922137132852405 9.34414777952276 8.553319466631091
4.6378255927688175 5.36090625314735 9.45621289227873
6.358531720787943 9.545976872637706 5.555309791903927
4.986189462424297 8.27889320222052 7.59699277096378
6.420744165434796 8.158966588952275 7.626054326518475
5.1424964010079925 8.125150819269992 9.162859902958532
6.681127291645369 8.59664058943987 6.358981549374628
5.757846322302856 4.9659313333986175 9.071334883428054
4.924004436340567 4.217927602978227 9.927758961999212
4.0937591103590245 9.87011611384758 7.241636323868211
5.343273326440815 8.573944084234057 7.944834916181457
5.9063789357716034 7.402740646010532 7.026976774281919
6.101018088380714 5.301826817015897 8.275858808550812
7.2190473652467535 5.997989942146127 9.837636212469334
6.386315650219812 7.928551218671815 6.805089088005552
4.313520577089436 8.55585198825051 8.452801949934376
4.731128423808091 8.126654071124902 6.822530962884102
4.941422942698177 8.952916490395065 8.734585837841932
7.165695729420376 9.655822997420469 6.163580014963209
7.186220145378611 6.396217125616548 8.810632596988249
5.314279388568728 8.925858269074075 6.978098871162204
4.8467805522858605 7.405519426931324 8.404386150503543
7.500871811580892 7.165527856316992 9.264547155436984
6.907107648751126 9.18301909934647 4.75026252740289
4.490448738525853 9.02579195743029 8.10305297177491
7.029241437794214 8.478349379216347 6.508860720380044
6.731618943167654 6.0850225311247454 7.954004409873966
4.299065706366409 7.35513466783288 9.009873559930874
4.800881698275835 4.601345365628343 9.95779228360172
5.776827225906819 9.059422884426018 6.8819117394792855
4.92341886457098 9.670737743788308 5.166486823435623
7.412479646663918 6.943541906600281 8.690700218021988
4.917491100523438 7.66911941098668 7.346961671716704
4.84718968138689 9.664392871245584 8.085649095882768
5.125604759709013 5.187074782655375 9.006008973364947
6.9512155614337985 7.6258164727852416 6.854373181456683
4.400286562887997 8.525941853119468 7.747088753971414
5.016527583361244 9.729652067645132 6.788975918615515
7.341490674789019 9.018018601663565 9.80457388553053
9.101518675889789 0.17958649952790728 2.762118078377579
9.667478894587152 2.0346938729624853 1.6148590125091777
7.748571136179061 2.1123808146732435 0.8705087158268476
8.711590710606199 2.237330703945346 1.5198283174149363
8.28765048827253 5.189587549185665 0.6582943884388948
9.143536906758996 1.217012080847244 4.917015823535088
8.089399931275985 1.5091949835363005 2.9983888889881127
9.457803153058325 4.347869899799331 0.03766670121454818
9.099709136481682 4.116083796059486 2.1331014150924457
9.690670229827465 0.009747344163136828 0.129731320830353
8.20987029556347 3.1973911098372296 2.7913841477778045
9.696854902435145 2.651699062590227 3.1509141096615636
9.997186595460988 1.3879923051470833 1.6561956915508191
9.826223607586643 1.9055766456534584 0.31366616678853987
7.961013786275256 0.9940003904976125 3.8351329389852307
9.557790572125361 1.8998124660026305 0.2962043624862354
8.327637949968826 0.6569893041148 3.1801324190638036
9.509395086991388 2.9988661292637344 1.3064285912977547
8.198738030862724 2.97718516706846 0.2501776754175711
9.248674244434639 3.442133291538237 2.116280002995757
9.255879632774992 3.395110433354651 1.983113520130495
9.619125718704115 1.128446186083566 4.288925780123762
8.480634769447574 0.9952736600393197 1.116060684249478
8.383679632951154 4.480259604660105 0.14376415127278275
9.678692417114886 3.1404304718118614 3.208369703835138
8.188652407831613 0.7112765042268154 0.605497793595372
9.28593372494669 1.98718060201995 3.549005011786648
7.749110026065891 1.7572697841062779 3.1776828664863785
8.890894288507432 3.423731081892912 0.3473220514324882
8.427864547322674 0.4670004725357779 0.7939808804796389
9.02373926257643 1.3073156706245503 4.452162724959291
8.96232901629175 6.082747908423602 0.17220170221618925
9.323520210196438 1.4967889409608703 2.395940487945726
8.053576832341587 1.3859969011035134 2.9239977243136006
9.720867662348606 1.3003212885348892 2.1274649002936963
9.266735937775216 3.1589829307679453 0.41691288165245033
9.311114079753846 0.2775245107968738 0.21636394546832416
7.741333093386123 4.231939233954232 0.4380890230705248
7.676694230627508 0.4446516448384741 5.027772370473028
9.503993929575369 4.663852102393694 1.5267120865885253
7.682950633955566 1.3282018928550576 3.26087696432083
8.935797693385888 1.195712243590945 2.18332955900993
8.125488206958822 0.6048944264373335 0.4241794743524063
8.56831123641631 3.0830172360114396 1.2443670777555305
8.660834016702303 3.5574535769173865 1.485679603265333
7.731794182472363 4.120097163610153 0.8839698672841889
7.315107445119505 2.731077396905446 1.707381073755052
8.48561686798132 3.7844401993497243 1.7338748839394202
8.02257208771639 3.511967063503568 0.337123576283358
7.567114024262666 0.4731622158287019 3.5456643765639138
8.821741545732042 2.6737698785114548 2.478430877367704
9.152431483469334 0.513549459776339 5.585232442869769
7.9060210514225755 2.0479060231810333 0.1339027829441264
9.581556336508857 1.5429322194011141 2.698331679556566
8.412549413635679 1.9985581324384138 3.4102662999200484
7.924248605020908 4.208409244214115 1.0408661211862824
7.30287529301772 3.1891087227782524 0.8179630797609383
8.724931910296656 3.927598468501985 0.8203870231891375
7.828551028733294 3.9690334178663678 1.133661552005959
9.383866886916834 4.301964333693008 0.28313000148113665
9.784996734312175 4.748599729204165 0.7852402146244242
9.935841785521923 1.4441638198196094 0.45423193693041486
8.694573315341401 3.1621477140262275 0.19966890108771174
8.727262910521391 2.5361469387129443 0.7081928539117766
8.101622181480101 2.4128756918450733 0.003483127959148513
8.789065159803021 5.110707617242837 0.6437801014350597
7.226477837381067 1.9595871937650122 2.265613672392217
7.482124197321625 2.33394815018427 1.5606078621759434
8.692276293930277 3.1889754091729405 2.9403277317473453
9.265026807764121 1.799403291787992 0.9084263777718526
8.884981959118775 3.168377976740712 3.3668821652475045
7.712059070411119 4.182183560807758 0.5891430854207036
7.238814705669242 1.1117218003227791 3.372596016908126
9.145130105350091 0.4585804875262789 3.514405128672391
8.866365702769835 0.7743548769328434 4.7736399453234855
8.451957583665386 2.690805151977248 3.635143246551392
7.376730323720411 0.19344825967952728 1.0260410332359249
9.55560864952339 0.281879887894656 4.0152838749911455
7.463038762279288 1.4823392015264802 1.6298414134155237
9.411905637283027 0.7421040644221399 5.300813223210927
9.355005061757304 4.442892405468914 0.4993694333214771
9.508573569626092 1.5386527904830605 2.4807483735389937
7.940437093945548 1.1990550967394853 2.616853362585605
7.045786868092854 2.6806412192463878 0.731197139343035
9.780029254471689 0.20323460963991402 1.1558132655193487
9.219379518058197 0.041651668175618495 3.4242195755903406
9.11861586681942 0.8153674575679482 0.1966725479892284
8.18383455027891 3.1292377589619202 0.31180968509690543
7.263621494122723 1.1453275469786905 0.038293279409693515
8.958764247272994 5.561657614243545 0.5419018900206796
8.717877025583235 0.8088777464360486 0.1629426074175988
7.842944361604386 2.4527999860477534 3.1174066889754872
9.105622590953221 0.8513829678411311 4.207829703734286
8.843639535324527 4.417140137738404 0.2841447350586124
8.619682690570476 3.376299829992085 0.11774475241312032
9.791607431360886 2.805497990762148 1.4565217533518082
9.782179855032409 3.767173994328731 1.1848930396253976
8.394667980454667 0.38581090636790605 5.285747500602693
8.678311496014263 0.41933580704784257 3.7537527673626716
9.138809166794639 1.9987450772628301 1.7188082614675326
8.033098907281659 0.046188993365792186 5.269458309794391
9.83881281136201 1.0287861517380814 4.173149401248105
8.920573389740754 5.443271931490704 0.3162646068975439
8.813684779570984 1.9187630903717534 3.273738532282465
8.537144159835151 4.641001717832851 0.5514107332972473
8.771191240932803 3.31953528754818 0.7496682045336289
8.767357672835047 0.9750301675325779 4.8139030531079765
9.950891701285205 1.6129903944959978 0.7255117674438893
7.912332375266708 2.3127590379815457 2.7670269937567458
9.417499878952613 0.0908580523476421 5.757688292066271
8.216009794175248 2.132412726522043 0.6560145583901311
7.929692083146608 0.23492509078702484 0.9504455705352377
7.336232266879017 1.1271378843839097 2.723191437697391
8.264690833621287 1.509683194328879 2.1030765902047976
9.549688178915304 1.2765329109645107 3.8545959902550586
9.264241917272585 2.280775900879056 2.600382386175013
7.715962727202754 0.2896863346052081 4.684594919861089
7.416853730427578 3.374352419448179 0.9886853612145552
8.703358882268969 3.906099640140398 2.258364644111092
7.963253806692975 3.3341540896615642 0.004655510033187982
8.602199595049486 0.37034894611495117 2.9944203590985383
8.336065463761933 4.97673207216403 0.2005663354064524
8.429753184143129 2.265967452730646 3.8940146460387393
9.266533616792781 0.2461759568772448 3.3791010254800224
7.0430702708151935 0.06928385036159224 2.042035304287827
8.741472592471501 5.413775654606379 0.9067815188927175
9.675023000981017 0.9197879256214703 0.03980600518188493
8.107023816257943 0.5647454448860101 1.3034966877933374
8.78673022115784 0.053832638895359164 0.7260900286684913
9.13995167054467 1.6805578514064523 0.5601941269575661
9.692274415916657 5.413535742222719 0.04370161033324438
8.091000297941402 3.610724118193093 1.5553653330732131
8.699765775207268 3.0242824488884468 0.1529993732828705
8.736804199130832 6.028777074306734 0.2858902263364771
8.59380773114492 1.3442456096981836 3.11286535047533
9.616366437902315 2.660485087885772 0.19567198044398548
8.405436853025929 3.73092818934151 0.1270891854261813
7.470776679498382 1.5839664642655504 1.4610997749321253
7.276105542382812 2.0079779923502192 1.8422218409674729
8.767347283103234 2.594804752901183 3.8047319567932494
8.422570325753208 4.55025339706877 0.8715084856038313
9.081130603131584 0.9867778759718759 0.9993673949303339
7.533275860113013 3.5146878392665917 0.3604333841210994
8.015195664565699 0.9975841308321443 4.629187701918597
9.788168572183082 0.32919679413035974 4.456125152254913
7.504005876707006 0.3534159832699635 1.2243442538762805
9.636419430747507 5.308743390280293 0.2985450225171793
9.70447751731179 0.12249333395585982 4.5558483274670145
7.070417206731012 0.9206292616257816 1.5389080310236591
7.876309059131978 0.4731752079576135 0.6653216227190772
7.747266562270093 0.8578124220248629 4.081860679697514
7.545499866755637 0.5697722918314763 3.3965481714744117
8.413068816623412 1.6331998338998355 4.539431199274478
7.120261524588768 1.9063809832191037 1.850289731919058
8.873158187303865 2.866364642964342 2.9347497472397577
7.870319533577517 2.9885408578913975 0.8382058542137971
9.972814652712938 1.3425778639032637 1.7370840220100625
7.389720906856853 2.2661210488663674 0.7533569477614999
7.055121735354747 1.2733173169608725 0.9169901963373173
8.942722870461523 1.8291507206269109 1.3481911466335894
7.333405776837088 1.8167222855131437 2.462231069034538
9.312961176147589 3.5472588164514383 0.5152430233326233
8.968327052982422 1.2252124737453085 4.231930254285604
9.633904975469372 4.1032085089721875 0.16315219168887785
7.381189320560514 3.2909766448123956 1.2120973224455667
7.898805050114066 3.0091318790118993 1.5327178358089555
7.953966449745589 0.11511285990643105 5.367501370166511
8.385691634885733 3.8642357273877606 2.2492769803463677
7.045656001637621 1.6314121925596248 1.7067981971027057
8.708178574687945 3.8395488985351856 1.9104499679517473
9.204975148314592 0.73904799971797 1.2824223313225858
7.560333369170616 0.900602363122226 0.8623804591717377
7.982916159278877 4.4128771063391845 0.36913011027153275
7.629356874152461 2.6215382317183633 2.321073620068028
8.65466802456266 3.364305711342107 0.474877143424004
9.467583526465527 0.18215223933340186 1.3886836057795326
8.998506033656092 0.3448088931207127 1.1101272571122445
9.807183576224347 0.9456039796460258 0.580127129120046
8.815684657370774 0.7881554105866373 0.7783101487156263
8.910425787037203 4.326720985653573 1.9237745273260443
8.715779144724177 1.3865941771831847 0.6681705752578349
8.967283730771584 0.7750973315560794 2.4873359618426685
9.48195721324538 4.482108771997719 0.9458111898346622
9.083255878957075 0.8377965146059285 4.57060931883793
9.420466692006368 2.149463282403339 2.6428777611421026
7.599575474139666 0.783493420133754 3.361606611029213
9.63077834301862 0.05715337627680506 5.74169077762005
8.8930034768462 0.6384854132231832 3.940061100893483
9.617881608353215 1.118431962537828 4.155723706420894
8.598706695107557 6.039846545387918 0.2515042539818557
7.60671811772053 1.854063071376516 2.22007949744723
7.936447120394466 3.8119073653255917 1.8521812564743645
7.523004044165407 3.0838870177844555 1.0378799746345757
7.776003973462561 4.02300926115927 1.2577579093252567
7.205485631227519 2.2558779679224528 0.816823592439968
8.845488078764681 0.2838014688775947 5.958591995245524
8.731146973591455 3.974182995890013 1.3165101960222525
9.283473694607071 0.4244681157821817 3.772747711732327
9.068969490505086 3.1391589266892304 2.691851865681818
8.686754165299494 0.07689187831099842 3.4606411929140113
7.612980737230835 0.5486762865408346 0.19584805719629728
9.42212540931868 0.160645539454487 4.544383523453489
7.8280846299075515 4.040594759980728 1.6974317777622816
7.596833799533558 0.24933497068204136 3.5507209725411726
9.704802163161508 4.391351053251462 1.9449823518384568
8.561418793747563 2.677890854081386 2.4810319505189735
9.393224718858631 1.2602001483628467 3.265656969528974
9.089167657818436 1.2033783943487852 2.074143433855279
8.360906255251715 1.1756193375500101 4.408577377381313
8.223817202921541 1.731406538299508 2.12231905446124
9.339607022594903 4.066642436113449 1.6386006031285383
9.696331169081361 1.2602780727277618 3.865013433797486
9.486415865528503 4.240601156214278 0.09081355737988184
8.889995822790498 2.441087793192046 1.7238572080209524
8.999042566490761 1.590866329653674 1.5826156384411805
8.53506738542016 4.748623327379679 0.7781735753761443
8.486133544275447 1.6404615170284498 3.4090330840751717
9.00040549133358 3.2448763084330965 2.584443584299412
8.297440294065547 1.7554610680119187 3.602034834625283
7.5631178947262665 1.21861721199918 2.6153316936281223
7.640998167187516 2.3513138472135573 2.9666809086804866
9.056002943028341 0.38505391496358454 5.867026428233027
7.114470651522323 2.420804651158559 1.2636814008256414
7.9653452972019165 4.690544950381824 0.5253988574822233
9.794903963064831 2.8539666239347374 1.028471621114695
7.899075879749854 1.7516766846883103 3.1746496830695925
9.02523177394651 0.47242598520698453 5.357849075277188
8.515017388872252 2.4742230479080405 0.03129588526291638
9.900533865515257 2.3475681152510743 1.717593597440421
8.303027747422165 1.9324252560769983 1.5235641163575087
8.470690076480308 0.6036128250969941 4.616981351049519
9.684596551019993 1.1917290132673553 1.7842443157168641
8.99908158727229 4.298532365864997 1.1733637603167424
9.789233970092019 4.635799636032498 0.8735240754861961
9.972273474591608 2.4065326459979994 2.952201094180599
8.8167032888863 1.3535479490510005 2.200769389167583
9.019556986435006 2.2915050359237155 3.826571093629622
7.714418984780117 0.8286489384639484 1.6241475905009217
8.069835346084556 0.3289256101598015 2.3754404037191756
8.399805820388801 2.571151336308981 2.528955005785539
8.530533744752502 2.6042634986288213 0.032330611367917816
9.30907995146375 4.529345732309985 0.1565132678664638
9.439890350529371 0.09332614034589848 5.18783261102409
8.463587653329403 0.6187333028457143 1.7777459478090152
7.530944376237487 3.7495776066263375 1.3156602126746442
7.844110595035975 0.045670513737595675 4.333753191105126
7.541970179306025 3.233287932486213 1.1423271496232057
7.602594880716508 1.9037715914466946 3.4841427955414916
7.3826427932778635 3.6386383089053673 1.1129442616238194
8.83085186520412 1.052612777976547 1.9814103589659648
8.780439465283747 1.6331837619137657 3.4643754760810763
7.227366435506109 1.759470090558467 1.9156458920269381
9.223750159630493 1.1810165648476212 3.9241424648257874
9.597400916170828 1.7744697992024872 4.16730164432669
9.746071803435912 4.15813202680336 0.8047419310559356
8.48129734945738 2.2548143907393614 2.2228320308192693
8.240645942945479 5.005030865404536 0.03707238778408617
9.14535852974669 2.5643820507169366 3.163969355465064
8.832914098844727 3.210891414388437 0.9153842859580763
9.199260240608053 1.3653130514701806 0.7718694658290115
9.588830925962275 2.3863858700813023 0.17560135237087438
9.368160158133746 1.1167015833161675 0.6896429594296272
8.59434022137094 3.4714480357005337 0.7441532454476274
9.610229455177077 2.374804282271329 0.9626109630415047
8.268462976992879 0.5413476172626297 3.6518059223408295
8.1831466479905 2.531664827607243 2.2940599077733426
7.2314415362933415 0.5442170181528361 3.9228774220406604
9.73419966870111 1.684835620398496 1.5900405141339091
8.511496127625907 1.6644643233395628 2.7537112206699432
9.770254387669215 0.6770077379905237 2.494718777077931
8.551553125307496 0.3127111860064413 0.733823302175084
7.850122061382791 2.9804067495376474 0.4031771549292962
9.6805049230774 2.242460953676183 2.4941441894834937
7.48533392243687 1.953957875819029 0.9575281018305482
8.51633258952132 3.5022924907610475 2.814781601546321
9.190397254052566 6.313288643690516 0.2090287772103805
9.874439082778562 2.272506635749294 3.8770719733336243
8.490122877394844 0.3522838846543841 4.240435970553705
9.476817150105903 3.5930274634960915 1.3398296373769425
7.5371710653345385 0.4273888900091849 4.298178977162289
8.73197755900445 0.06918266605354773 5.552654662116426
9.804702320261656 3.421677148999085 2.0159267110793477
9.664684846931927 0.5578942770677264 3.4135578495149654
9.105484832555018 3.316926067796502 2.7850181327286885
9.039462607369353 2.3747492561155505 3.8366838714587614
9.110213496549797 0.0107379812460906 0.5156230534580364
7.9177401593455325 0.1603215638278377 2.4809992030454175
8.783575405837876 0.9761869220045549 3.506834551684259
8.209492995360089 4.704179621160346 0.028510265001572277
9.37597726768382 4.209449354883872 1.8413010903154892
9.380278967682317 0.02913759752872891 4.3475833893345595
9.747142719526497 1.6384738455856096 0.39962615026312487
8.996845891390212 1.0751068828913812 0.6058674983702017
9.37082616364161 4.2383796214059535 0.7467395738218452
9.456007169929153 2.9042888245955343 0.4057265103081309
8.831119829467893 1.7061121529986278 1.1737380614400539
7.319161921352665 2.027582934000397 1.4281797776435845
7.492255377530446 4.593562270397325 0.35653038211341914
8.014591935864912 1.0254077422885055 1.3241082443179175
8.748867975157838 3.8411249545838655 1.43822203058651
9.878759774570621 0.8407324144142725 4.066626935730929
8.556798453007865 5.284810085093916 0.5294555764803399
7.292219092066722 0.481458679891823 1.3477822265628892
8.89400823490472 0.009857383157895194 2.4113789900793603
9.418834425810964 4.29133662997729 0.4839917784194081
8.963439020383138 3.292671839394118 2.535747666224478
9.188737878322296 4.772126296501562 1.800237346117809
9.10356476428521 0.4331246061539906 0.5998963862547657
9.809234685485594 2.3603830882435437 3.5653664646157193
7.503161592190427 0.009872036074500823 1.3473117425917203
9.581826653509077 4.209850598936551 0.023000291609377443
8.918384430324277 0.8984203325096929 1.7820629604484006
8.806937306973227 2.6885325691966857 2.7814862104694793
8.190387158176144 3.4190169003312185 1.5312670580399579
9.13691224808608 1.9450649341852955 0.5450411010241862
8.833059396714221 0.8225223365072654 0.08075341489822141
8.038028236991554 0.9154899196776056 4.100023647598481
9.621160239399094 2.217667495200887 3.723933356898217
8.078881553973048 0.8411088819609946 3.136164521331928
9.279248477358363 2.1787325051135262 0.4318646836530615
7.265728822473529 0.8879272983293551 3.593215657557657
8.504932997887893 3.876224942148101 0.6508484153806526
9.375311876796522 0.34664059728471197 2.998149083124103
7.197994988234219 1.0489292453981247 1.183572469288603
7.483563685418256 1.5607124033716158 0.8375419796436223
7.251268279627974 0.9702225534065745 2.4215190756311378
9.150536925291334 5.653553125278496 0.1807715245944408
7.913858631231029 1.601505588109604 0.0436469235620196
9.444372534710126 2.241119691806891 3.5096897316002673
7.736062015992413 0.6220751617981024 4.000379325821362
8.092236710262531 3.8499853440644163 1.6092401532815992
9.598978080199593 0.5325902254620074 4.618010358528614
8.849511329416522 4.39929823795434 1.669704879737084
9.172335293665606 3.2228275816206606 1.5186825813896665
8.942389363478874 1.338142542683436 5.174393988144264
9.703074654861629 3.8759400283124035 1.9897276144889853
7.946910058876715 3.4604302346267324 1.8176464903837752
7.1317907497094986 1.7109268995892735 0.5089902664009238
8.11249557349105 1.3847360977612044 0.5110828417817814
9.393928698964029 0.379037669071427 5.773582462054161
8.161635148559812 2.708130046597901 0.5961741516870933
8.348223649410468 1.0579854296719826 3.401973086877814
9.017989911641658 0.21964033595598842 2.2627802459403403
9.93589655356365 0.6470144847005666 1.1111276361410416
7.905027503556292 0.5454107919647944 1.7697065576516025
8.930004740532762 1.3521993260149423 4.332466308920901
8.615943315831682 1.005180316766352 1.0341676149977463
7.742383747070994 4.850088577827847 0.7817923577697306
8.949578948199129 2.2212519495554295 3.9424362687885264
7.149070400510028 0.27690985195159556 0.929093978293225
8.373674768929094 1.7513575233562761 2.571176122854374
9.261224776735837 0.24695162280899075 1.4288249490953386
7.903202327182997 5.190296145897725 0.6002655961537562
8.466945114494388 0.837240699592372 5.439609110359091
9.114783792435286 5.746403956194167 0.5197932511701453
8.416219659651835 2.623073935501823 1.097119282264235
7.121742494776391 0.9391055582420482 0.4378645108873014
8.066596710944783 0.964485480624282 2.6693561688287017
9.1811284111821 3.97409576701794 1.29245603873411
7.532870762122936 4.265103789213384 0.9982928758739096
9.07598993224262 0.8629177814999955 2.40650730497313
