2000
939
522
423
257
1745
286
1805
665
137
1262
372
1450
1043
75
255
348
710
1583
1428
450
477
1442
1028
1278
1930
1731
914
318
1509
751
1940
1723
677
1166
32
928
363
38
653
493
1442
1899
1645
1122
1739
24
23
1871
144
1934
904
1204
420
1721
232
672
237
1114
1094
37
938
467
1991
1355
1440
408
1823
1794
1034
1432
1483
1749
781
267
562
151
128
164
1021
1682
1910
766
235
769
935
316
838
387
246
470
1007
1358
861
1398
915
101
1444
1601
1985
72
363
974
1126
1373
72
1820
1717
1164
435
1082
1764
1057
1316
152
230
223
1816
960
1558
440
1453
648
1888
822
665
99
872
1657
55
1515
928
367
552
332
169
657
985
963
201
445
316
1798
36
38
1404
76
38
563
212
1742
1600
1036
1490
1590
132
1420
486
1551
1161
1210
890
104
860
53
642
706
911
850
404
560
5
971
473
785
1565
808
178
940
1674
960
1372
1470
903
1332
899
853
1479
734
601
1374
1667
1144
1959
214
1288
1723
1947
1217
976
1702
1277
840
523
1048
447
1829
771
292
369
7
1041
148
1757
1025
1237
655
1186
930
1266
1894
582
1777
11
1409
422
647
983
668
1641
354
73
308
375
651
735
508
1428
1761
707
1476
326
615
434
1616
7
489
225
967
1553
1222
316
919
457
1755
832
1354
880
252
1376
637
1703
320
743
497
1922
502
1566
776
1554
102
1016
1559
97
254
778
1549
934
1641
1138
243
1873
1244
776
10
305
129
1023
136
928
1692
1498
933
579
63
130
609
541
88
503
1132
1183
608
976
641
1767
927
1675
1873
895
1206
642
395
835
675
612
900
428
789
138
1681
1484
101
996
954
493
1207
1940
1744
705
1319
1815
152
739
819
1434
862
1349
1743
1874
1763
206
1591
1205
673
320
1890
135
183
1433
1629
503
1026
461
1380
463
1023
568
888
933
548
1872
365
218
642
161
1578
700
1912
603
1559
1160
26
968
1778
1683
14
309
1565
1342
410
878
945
440
1131
1929
1226
1441
653
125
1634
104
704
1030
1061
1764
1917
1069
645
1026
680
221
2000
128
1994
526
1655
388
1265
1277
714
127
2
385
1764
797
1704
1969
1340
815
1582
200
1627
1761
1101
314
1165
1430
18
997
1330
585
1254
819
667
364
1467
1919
32
709
131
81
695
770
54
108
518
1587
1629
1104
1519
438
1916
226
19
1889
486
555
953
876
1682
1486
896
791
1918
1965
94
764
1936
673
249
1805
1589
1927
1710
1969
380
254
1762
213
157
1473
32
38
1068
1832
20
1201
1201
1689
591
1715
927
680
319
1930
1830
1154
1663
1368
1196
896
86
1398
365
1630
219
1345
1717
711
1234
271
546
299
1126
846
663
283
772
7
1149
1257
1392
697
1724
482
481
787
210
1278
1646
1443
524
1821
1570
1107
100
1683
606
1669
1874
627
691
1476
1002
1743
888
57
849
1261
803
373
1348
967
358
1402
1502
1772
531
1930
1683
82
1661
90
1413
908
367
1143
1014
1471
740
1926
347
1048
1395
1097
779
936
207
476
1502
1566
1704
1820
64
920
1948
1610
1450
1598
1998
1863
845
885
579
1430
1827
1946
1683
750
384
790
1167
995
1376
446
645
753
226
1878
629
478
534
1322
967
1230
1550
1040
991
1113
972
89
1639
1232
1922
1843
761
1894
1624
359
1112
215
874
560
281
1684
829
481
32
1662
1956
1101
1739
1902
758
1931
1053
490
256
362
915
504
560
1136
765
75
1253
1889
340
1573
213
702
852
422
1378
362
1269
1437
1743
1290
1056
354
183
1089
1252
1101
853
741
454
449
270
1357
1453
322
316
1786
574
438
371
319
1658
360
295
1925
14
78
844
91
995
585
1746
654
574
311
408
1196
1798
1851
452
1137
128
519
1198
1188
343
1677
571
1796
824
443
874
1642
156
1966
1134
743
35
1197
782
1893
259
1199
1315
54
1550
1187
310
1798
137
661
591
1470
13
1407
934
425
765
1690
114
1063
1444
184
1615
379
1952
1828
203
1598
759
1641
1609
1568
1281
1740
831
1561
1530
998
1843
1832
1174
571
1226
206
77
1588
55
1071
688
738
949
784
1140
1468
1071
853
604
1071
1203
161
1671
976
1103
1483
1883
647
837
803
1108
1509
674
1684
1610
162
732
1838
1769
1823
131
1773
1451
988
340
1465
1718
1475
1627
712
881
1058
642
1995
1791
366
1650
954
703
1076
101
685
1087
648
937
785
645
918
588
467
666
1100
1844
1539
330
143
1328
1274
1065
1951
1905
1407
792
813
1096
1345
1194
1343
1176
1208
1709
903
900
83
671
112
367
1048
1743
1218
1382
266
884
337
1159
1042
557
283
1032
317
1200
108
984
1681
660
769
694
1398
730
589
1247
1784
1028
1053
695
1951
1015
1335
1531
272
28
24
1085
1236
560
728
1081
375
1501
268
437
1696
372
743
1736
1316
1117
335
710
457
272
1831
1561
1169
51
1009
1091
1731
642
325
1118
644
1060
320
902
360
1497
477
1777
1057
1839
1346
1014
1542
993
820
306
1420
1765
759
941
976
301
963
749
750
751
1176
92
92
1202
537
1578
1871
611
671
142
27
978
1752
445
1966
1951
246
916
249
1179
10
1191
1441
258
937
759
1550
1505
261
604
1067
1830
878
1250
1696
1656
1795
238
77
999
501
720
1892
1053
819
1745
1633
1405
1894
1182
1316
146
840
1531
1580
879
948
1263
341
60
1897
1632
914
422
1263
1432
1005
781
728
63
1144
1714
606
652
939
715
155
1702
846
922
457
866
534
1071
654
188
1913
310
382
1790
466
1391
1309
1587
61
1204
38
96
1384
268
14
1256
1590
1318
744
1750
894
1342
1200
1536
1532
197
780
1862
1660
1109
307
1299
464
510
904
668
1470
1704
752
920
775
1919
541
1402
1234
1634
764
576
578
1483
647
847
214
366
1256
1786
552
1001
321
32
1887
138
1449
128
717
1519
1312
305
1999
377
217
202
1595
1940
910
1681
1069
1031
1230
1387
1388
289
1515
873
1657
444
380
934
811
472
394
1594
71
1107
303
1703
977
1278
1209
966
1739
691
1308
1625
1944
1015
779
734
970
1587
1660
427
1627
326
29
1746
630
1858
578
313
458
1225
1629
1989
855
1505
1472
1643
76
671
166
240
162
552
1686
1160
828
1732
461
1305
615
89
230
622
1048
112
368
259
926
238
1313
1554
190
1637
1458
1919
1254
671
1250
479
819
958
1874
1446
257
973
551
1159
1879
935
1594
272
1231
1447
968
193
764
500
995
574
1271
724
918
1493
1474
1382
400
1544
1542
477
1160
1637
630
294
885
629
1530
1947
1953
189
769
1394
530
953
1223
1580
1409
363
378
1601
1403
868
567
667
1693
1134
150
672
1218
622
1872
988
992
1456
162
1599
157
920
1645
1707
514
321
482
1695
642
1686
845
1676
43
1287
1260
499
1255
1143
947
651
9
1455
1467
1234
307
1330
212
1943
1649
1971
1877
1694
570
1078
1008
1890
1057
268
1883
261
742
1807
236
1477
1112
594
1892
214
965
1725
358
1960
549
389
163
1807
1862
1194
1671
590
846
1318
1355
1122
651
1588
1148
120
96
833
86
772
1565
1301
41
851
33
1764
1954
53
271
494
1005
1435
1543
1208
420
700
1622
1670
65
1982
1878
548
541
1101
1361
572
1586
1523
1586
738
1669
1030
1742
1013
1686
656
478
1825
925
1812
1068
175
180
194
1692
1809
1366
215
1513
251
1822
538
118
12
1099
1320
287
891
865
1002
664
311
955
1672
1174
783
564
1980
393
1913
1394
1592
1845
167
1025
86
1
1222
1150
547
1372
520
1883
323
565
339
325
63
1251
832
347
433
314
1913
783
520
621
1911
1487
1531
482
719
611
1231
1184
1705
1407
1229
1614
978
1426
283
811
1940
1593
526
1073
987
249
1889
426
1152
1866
979
68
1019
1472
969
1920
1204
449
356
39
601
1702
3
1099
1769
628
980
337
864
1596
1457
1589
1468
1242
1764
1891
185
1059
1692
588
1601
1106
1423
1729
1975
1117
1073
136
1321
1064
1935
1870
797
619
530
291
955
353
1694
927
67
139
256
586
724
1495
1244
1207
1158
1480
1450
1711
329
531
1514
1166
233
1463
1216
972
1799
1060
412
750
587
739
353
1601
1869
1734
403
1782
83
885
646
1371
1796
1015
1808
38
544
597
952
1978
710
553
1476
331
1186
566
1689
484
1873
62
1196
1960
1960
892
1696
1788
436
1768
398
1551
475
1101
1308
969
1948
804
925
250
1451
598
1766
1729
1737
1885
1801
780
630
560
1943
908
661
1552
1854
1917
15
1561
1057
522
731
855
1271
1370
1953
1033
1185
1751
262
1370
510
1893
1089
1639
1146
1108
798
198
836
80
1448
565
872
284
1864
1350
81
358
417
562
609
1720
1825
760
1705
907
708
539
372
1725
1079
1314
1446
833
1054
374
928
1475
155
1389
269
454
1197
1896
1099
1941
1425
1373
516
1087
125
759
1564
1111
532
1027
16
237
1895
418
1829
1692
338
100
1560
1978
1657
1728
1974
214
1521
1330
658
33
209
596
722
1833
1803
15
1470
189
1344
1300
594
1816
1011
1167
1316
911
396
1106
977
1652
1624
464
1701
1469
402
1511
1893
1888
1878
1646
637
692
604
1134
1934
791
530
1496
7
327
783
186
977
1051
1397
97
1639
1956
1490
1123
1093
1463
1866
453
1869
342
1895
1241
1735
192
755
1853
372
122
1080
646
725
1193
500
1575
707
786
575
1570
106
1657
812
432
1984
59
465
1252
896
236
1494
90
190
1081
930
1377
148
1313
1790
294
1781
236
25
525
1242
1802
165
325
1248
1051
664
383
336
1693
1145
1807
1958
137
306
81
971
1649
450
1686
1820
1866
290
1004
394
1595
438
1137
36
1521
196
1553
487
753
1201
84
1562
12
1520
331
1711
1120
1110
1842
462
1674
156
286
871
1871
1959
1417
1970
647
1791
1846
889
1085
1638
801
745
57
230
1557
1349
14
1846
1627
435
266
701
1145
193
1083
1538
1777
1158
47
1048
848
1906
1171
1549
858
1782
1125
1892
944
381
1244
782
1547
1081
1038
1882
18
1786
1717
234
1605
1897
680
1905
917
421
1395
139
250
1157
1294
1084
1143
78
458
1965
1075
681
742
1893
502
284
1172
942
33
1033
1986
829
141
1650
1008
683
1095
1079
460
667
554
43
175
344
1446
679
517
1537
1234
1017
1055
1267
888
1453
1272
409
994
1567
863
873
625
1462
223
1323
948
919
667
1015
496
1904
1784
102
52
1938
1658
450
971
1423
1000
295
1243
538
490
29
53
420
608
1602
1408
1704
1492
729
428
1153
1547
155
1038
300
349
561
1053
776
451
529
613
1519
153
254
1838
462
556
28
1915
1133
353
906
28
1393
1210
1837