1.948    7.43
2.22    7.324
2.952    6.669
2.085    6.932
3.71    6.904
2.99    7.142
2.362    6.405
1.917    7.811
2.995    5.079
3.52    5.25
3.881    6.252
2.529    5.9
1.481    5.069
2.01    6.168
3.875    6.938
2.29    5.352
2.513    5.653
1.573    6.614
2.616    7.977
1.436    7.701
2.161    5.842
2.638    7.019
1.71    5.948
3.107    6.559
1.144    7.782
3.748    5.972
1.342    6.317
1.453    5.753
2.639    7.7
3.141    6.661
2.297    5.488
1.884    6.556
3.126    6.959
1.704    5.574
2.679    5.243
1.403    6.131
1.274    5.021
3.614    5.181
3.25    5.36
3.074    6.749
2.983    5.255
2.264    7.113
1.405    6.629
1.31    7.703
3.859    7.33
3.822    5.713
3.496    5.308
2.506    6.488
2.336    6.855
1.685    7.045
2.712    5.975
1.652    5.137
2.39    6.662
1.541    6.239
3.564    6.656
1.265    7.747
1.076    7.314
1.455    5.978
2.377    6.73
1.919    5.959
2.007    5.312
3.703    6.713
3.238    7.739
2.691    5.418
1.285    5.035
2.883    6.334
1.312    6.092
1.35    6.997
2.431    6.481
1.796    6.154
3.611    5.179
3.06    5.323
3.048    6.54
2.73    6.848
3.838    5.334
3.138    5.818
1.691    7.752
2.446    7.483
3.722    6.465
1.707    5.522
2.52    7.107
2.021    6.193
1.661    7.389
2.798    7.981
3.059    6.431
3.378    6.959
3.317    7.412
2.262    6.498
3.024    6.173
2.374    5.345
3.571    5.275
3.96    5.047
1.997    7.213
3.121    7.986
2.359    7.68
2.21    5.073
2.804    7.487
3.302    5.614
1.669    7.894
2.56    7.573
2.556    6.429
3.549    5.79
3.746    5.437
1.635    6.604
3.006    6.711
3.464    5.121
2.954    7.929
3.663    7.109
2.608    7.004
2.09    5.284
3.766    5.354
1.912    6.626
1.081    5.454
3.052    6.163
1.414    5.478
1.047    6.824
3.312    7.887
1.291    7.768
2.746    6.238
3.276    6.624
1.311    7.002
1.68    6.93
3.227    7.894
1.63    6.814
2.467    6.669
-5.81    2.543
-4.583    2.897
-3.234    2.278
-3.083    1.525
-5.414    3.29
-3.936    3.068
-5.546    3.647
-3.591    2.525
-3.757    2.014
-3.37    3.526
-5.992    3.434
-4.923    3.198
-3.483    2.122
-3.625    1.932
-5.86    2.531
-5.664    1.19
-5.275    2.389
-4.367    3.033
-5.599    1.032
-3.546    1.038
-5.741    1.924
-5.633    3.956
-3.518    3.098
-4.328    1.35
-4.27    1.5
-5.699    1.65
-3.218    3.324
-4.262    3.992
-3.391    2.274
-3.126    1.327
-4.272    1.5
-3.935    2.461
-3.953    2.671
-3.205    1.548
-3.555    3.39
-5.465    1.955
-4.555    1.255
-5.439    3.539
-3.626    3.883
-4.707    3.696
-3.958    3.681
-3.633    2.407
-3.022    2.032
-4.785    3.715
-4.687    1.619
-4.567    1.347
-4.835    3.104
-5.148    3.939
-3.919    2.48
-5.883    1.477
-4.483    1.608
-5.579    3.859
-5.409    3.74
-4.414    2.11
-5.042    1.084
-4.206    1.934
-4.656    3.582
-5.002    3.893
-3.582    2.945
-4.63    1.43
-4.946    1.663
-4.158    3.523
-4.51    1.643
-5.933    3.991
-3.509    1.175
-5.671    3.319
-3.808    1.483
-3.074    2.446
-4.996    1.152
-4.748    1.118
-3.416    3.509
-4.044    1.119
-5.132    3.376
-4.696    2.046
-4.475    3.572
-5.734    3.432
-3.164    2.681
-4.883    3.372
-4.348    3.082
-4.343    1.172
-3.539    3.724
-3.635    1.328
-3.325    1.547
-5.579    2.203
-3.08    2.51
-3.554    1.001
-3.352    3.172
-3.366    1.877
-4.849    1.641
-3.475    1.628
-4.538    3.437
-4.707    1.02
-3.5    3.112
-3.222    3.36
-5.488    1.694
-4.316    2.124
-4.194    2.629
-5.583    3.957
-5.204    3.468
-4.544    2.269
-4.636    3.699
-4.525    3.376
-5.767    2.38
-4.476    2.901
-3.521    2.521
-4.193    1.777
-4.752    3.288
-4.656    3.607
-5.785    1.105
-3.415    1.521
-4.495    1.685
-3.016    1.269
-3.771    2.262
-5.529    2.462
-4.35    3.26
-4.45    1.972
-5.48    1.837
-5.643    2.89
-3.363    2.92
-5.098    3.457
-5.66    3.505
-5.727    1.166
-5.705    2.251
-3.612    2.212
-3.256    1.83