-6.769    2.507
-4.404    3.681
-4.562    3.396
-6.337    2.214
-5.748    3.23
-6.431    3.294
-4.065    2.656
-4.179    2.324
-4.313    3.06
-6.069    3.927
-5.846    4.574
-6.397    3.858
-6.583    3.94
-6.062    3.509
-6.33    5.0
-4.904    3.866
-6.214    3.023
-6.175    3.978
-4.191    2.657
-6.382    3.391
-4.911    3.506
-6.703    3.252
-4.065    2.69
-6.033    4.163
-4.633    2.195
-5.759    3.535
-5.626    3.411
-6.673    4.566
-6.807    2.181
-4.404    3.972
-5.166    2.431
-4.528    2.113
-5.642    4.432
-6.256    2.687
-5.9    3.379
-5.137    4.723
-6.76    2.299
-5.405    2.68
-6.502    3.271
-4.167    2.415
-4.874    3.183
-6.942    2.535
-4.947    3.366
-5.47    3.036
-5.303    2.463
-4.629    2.756
-4.58    2.645
-6.522    4.348
-5.172    2.356
-6.49    2.733
-5.52    3.453
-5.667    3.761
-6.774    3.542
-6.245    3.976
-6.306    4.934
-6.08    4.043
-6.95    4.372
-4.033    3.344
-4.319    4.409
-5.027    2.388
-4.03    2.6
-5.799    3.621
-4.222    2.446
-6.613    2.277
-6.497    4.398
-6.474    4.794
-4.515    4.279
-4.458    3.758
-4.796    2.892
-5.475    4.998
-4.765    3.808
-5.281    2.943
-6.219    2.687
-4.493    2.893
-5.315    4.976
-6.311    3.427
-5.627    4.019
-4.363    3.761
-4.203    3.591
-4.287    4.418
-6.557    3.349
-4.28    3.342
-5.331    4.174
-4.475    2.469
-5.085    4.155
-5.838    2.548
-5.29    3.61
-5.904    3.134
-4.401    4.643
-4.496    2.983
-6.099    3.827
-4.587    3.007
-6.823    4.105
-6.932    3.46
-5.381    3.793
-6.548    4.173
-5.245    2.673
-5.591    2.357
-6.336    2.136
-4.634    3.897
-4.93    3.033
-6.292    4.54
-5.118    4.619
-5.391    4.952
-5.922    2.285
-6.472    3.872
-4.887    2.028
-6.689    3.728
-6.842    2.759
-4.054    2.961
-6.875    2.84
-5.39    2.515
-4.331    3.084
-4.736    2.97
-4.489    4.613
-5.099    2.054
-4.187    3.952
-6.715    4.618
-4.745    4.921
-6.014    3.258
-4.565    3.514
-6.663    2.267
-5.307    4.501
-6.782    4.86
-5.489    2.165
-4.345    3.924
-5.383    2.312
-6.283    4.241
-6.064    3.908
-5.066    2.896
-4.347    3.015
-6.926    2.255
-6.429    3.232
-6.286    2.037
-4.411    2.84
-5.388    3.606
-5.2    3.887
-5.128    3.492
-4.122    4.853
-5.136    3.383
-5.077    4.091
-6.936    3.073
-5.919    3.649
-4.006    2.522
-5.212    4.162
-5.553    2.276
-5.911    3.121
-6.445    2.863
-4.838    3.719
-6.238    4.475
-6.95    2.873
-6.402    2.595
-5.409    2.342
-5.35    2.476
-6.953    2.094
-4.791    3.76
-5.634    4.416
-4.705    3.343
-4.892    4.346
-5.147    4.158
-4.745    4.523
-6.81    3.326
-5.018    2.811
-5.676    2.957
-6.605    4.429
-5.406    4.212
-4.196    2.265
-5.735    2.174
-6.273    2.285
-5.986    2.428
-5.145    4.819
-6.924    4.017
-4.624    3.339
-5.42    3.561
-4.421    2.497
-4.842    4.75
-4.211    2.979
-6.825    4.687
-5.449    4.714
-6.847    2.341
-5.139    2.152
-6.744    2.95
-5.316    3.99
-4.297    3.258
-5.139    3.643
-6.955    4.302
-5.647    4.874
-6.754    4.647
-6.121    2.792
-4.393    3.356
-4.078    2.035
-4.377    4.187
-4.993    4.918
-4.868    4.811
-4.309    4.028
-5.118    4.897
-6.984    4.895
-6.201    3.788
-6.092    2.522
-4.462    3.809
-4.486    2.658
-4.326    2.339
-4.275    2.181
-6.719    2.331
-6.114    4.654
-6.227    2.675
-5.506    2.551
-4.824    4.607
-5.99    2.242
-5.114    4.871
-5.938    3.209
-6.664    3.795
-4.342    4.434
-4.599    4.91
-6.116    4.587
-6.743    4.902
-4.224    3.025
-4.134    3.094
-6.381    2.991
-4.754    4.604
-5.265    2.533
-5.402    3.488
-4.337    3.063
-6.586    4.825
-6.89    3.58
-6.04    2.428
-4.727    2.639
-6.82    3.801
-4.059    2.335
-4.883    3.604
-5.499    3.281
-6.866    3.303
-4.128    4.353
-5.401    2.26
-5.765    3.803
-5.916    2.81
-5.727    2.807
-6.716    3.116
-5.658    2.703
-4.543    3.295
-6.333    3.731
-5.221    2.963
-6.746    3.544
-5.725    2.89
-5.263    3.129
-4.414    4.186
-5.243    3.993
-6.601    3.231
-6.357    2.11
-5.293    4.009
-6.767    3.52
-4.577    4.143
-6.529    3.609
-4.723    3.115
-5.587    3.377
-6.405    3.583
-4.734    3.275
-6.585    2.048
-5.47    2.471
-6.784    2.654
-5.453    4.092
-6.188    4.225
-4.347    3.97
-4.25    2.215
-6.245    2.229
-5.724    2.153
-6.938    4.634
-4.889    4.948
-5.251    2.038
-4.546    3.123
-4.571    4.347
-5.711    3.99
-4.54    2.543
-6.883    4.385
-6.481    4.351
-4.937    3.918
-4.826    3.534
-5.208    2.99
-6.35    3.365
-4.821    3.226
-6.487    4.768
-4.838    4.676
-5.099    4.384
-4.444    4.059
-6.522    3.253
-4.578    2.79
-5.649    3.875
-5.397    3.289
-5.846    4.655
-5.548    3.182
-5.693    4.616
-5.961    2.876
-4.08    3.688
-5.896    2.349
-5.325    4.999
-4.035    2.987
-5.944    2.392
-5.641    4.949
-6.148    3.501
-5.479    3.975
-4.731    3.144
-4.113    2.245
-4.191    3.758
-6.804    3.931
-5.842    4.209
-5.327    4.842
-6.265    3.196
-5.596    4.529
-5.041    3.32
-5.972    3.172
-4.798    3.608
-6.553    4.913
-4.234    2.834
-4.349    2.506
-4.439    4.764
-4.732    3.313
-4.623    2.208
-5.39    2.315
-5.24    4.209
-4.058    4.784
-4.484    4.685
-6.988    4.443
-4.298    4.881
-4.019    4.696
-5.816    4.734
-6.292    2.306
-5.642    3.558
-5.444    2.663
-5.799    2.978
-6.731    2.437
-4.962    2.06
-4.127    3.687
-4.564    4.589
-5.469    2.691
-5.231    2.909
-4.205    3.155
-4.104    3.155
-6.809    3.632
-4.073    3.267
-6.558    2.571
-5.555    3.125
-5.061    5.0
-6.159    4.138
-6.82    3.733
-6.435    3.441
-6.569    2.546
-4.539    2.238
-4.275    2.582
-4.327    2.039
-4.209    4.116
-4.803    3.859
-5.023    2.531
-4.99    4.979
-4.559    4.253
-6.312    3.2
-6.43    4.59
-6.162    4.281
-6.971    4.283
-4.285    3.029
-4.682    4.938
-6.771    4.25
-6.289    4.385
-4.25    3.04
-6.451    4.031
-4.279    2.516
-6.235    4.614
-5.551    2.37
-4.347    2.144
-6.663    2.622
-4.31    2.738
-4.103    2.957
-6.486    3.245
-5.248    2.453
-4.359    3.0
-6.991    3.014
-5.139    4.786
-6.695    4.9
-6.883    2.169
-4.442    3.292
-6.5    2.79
-5.402    4.595
-4.713    3.445
-4.064    3.827
-4.184    2.361
-6.444    2.69
-6.838    2.889
-4.433    3.554
-5.811    2.136
-5.774    3.542
-6.312    3.158
-5.061    2.104
-4.751    2.542
-5.231    3.419
-5.288    3.758
-5.64    3.239
-4.872    4.41
-5.956    3.784
-6.859    4.194
-5.58    4.064
-6.174    4.333
-5.826    2.92
-5.122    3.388
-6.995    2.942
-4.815    4.715
-4.954    2.312
-6.917    2.531
-4.56    4.987
-4.927    3.675
-4.83    2.555
-4.311    2.741
-6.173    2.426
-6.458    4.71
-5.662    4.155
-6.806    4.63
-5.882    3.028
-4.263    4.232
-4.808    4.541
-6.293    3.378
-4.153    3.885
-6.934    3.906
-4.664    4.192
-4.25    2.904
-5.876    4.767
-5.324    4.216
-5.403    2.799
-6.039    4.731
-5.982    4.796
-6.073    2.769
-4.075    3.225
-5.914    2.726
-5.542    3.79
-6.609    2.123
-4.518    2.907
-5.9    2.128
-6.908    2.309
-5.48    3.458
-5.913    4.973
-6.421    3.095
-4.837    2.514
-4.735    4.849
-5.325    4.06
-6.573    4.373
-6.535    3.349
-6.49    3.827
-5.729    3.6
-6.982    4.218
-4.207    3.647
-4.0    4.061
-4.577    3.818
-4.991    4.037
-6.871    2.389
-5.99    4.516
-5.682    2.692
-4.291    3.546
-4.099    2.14
-5.45    3.248
-4.487    3.208
-4.551    4.879
-6.917    4.558
-6.936    4.215
-6.769    4.01
-5.296    3.564
-4.779    2.748
-6.501    3.748
-6.297    2.19
-6.376    2.447
-5.731    3.706
-6.457    3.124
-4.566    4.632
-5.984    2.405
-6.77    2.47
-4.177    3.661
-4.495    2.07
-6.05    3.135
-4.902    2.758
-4.075    3.847
-5.189    3.559
-6.409    3.96
-5.718    4.39
-4.36    2.883
-5.811    4.695
-5.914    2.535
-4.581    3.978
-5.115    2.621
-5.723    2.29
-5.494    4.019
-6.333    2.197
-5.1    2.517
-4.189    4.871
-5.289    3.002
-4.34    3.238
-6.166    3.691
-5.158    4.571
-4.761    3.671
-4.976    3.213
-6.647    2.378
-5.93    2.91
-5.233    3.965
-5.875    2.891
-5.029    2.61
8.671    3.206
8.983    3.814
6.507    3.62
8.227    4.62
6.529    5.851
8.163    5.204
7.595    4.514
6.769    3.675
8.371    4.558
6.733    5.349
8.57    5.034
6.038    3.502
7.768    5.987
8.154    5.262
7.328    3.73
7.28    4.438
7.877    3.982
8.048    4.587
8.998    3.356
7.06    4.199
6.761    4.671
7.266    4.369
7.056    5.823
7.56    4.021
8.598    3.877
6.274    3.227
7.287    4.866
8.723    3.606
8.688    4.022
7.527    4.218
6.077    3.004
6.988    3.299
8.796    4.831
8.788    3.866
7.395    3.761
8.999    4.823
7.462    5.22
6.565    4.105
7.758    5.624
7.377    5.687
6.087    4.741
7.241    4.191
7.056    5.733
8.08    5.698
8.699    3.598
6.208    5.273
8.027    4.018
8.968    3.817
8.948    4.43
7.146    3.543
8.372    5.617
6.244    4.403
8.924    4.664
8.73    4.543
8.89    3.025
6.393    5.076
6.631    4.065
6.639    4.504
6.885    3.426
8.332    5.404
8.236    4.626
8.15    4.036
8.677    5.712
6.955    4.042
8.917    3.483
8.085    3.09
8.073    5.264
8.743    4.64
6.725    3.891
8.057    4.939
8.4    4.269
8.36    5.661
7.13    3.661
7.698    5.226
7.639    4.331
7.366    5.464
8.567    3.255
7.528    3.394
6.439    5.957
7.899    5.073
7.713    5.485
6.165    5.354
8.356    3.392
6.539    3.907
7.173    5.42
7.174    4.843
8.322    5.593
6.281    5.013
6.151    3.456
6.241    5.227
7.125    4.025
7.718    3.256
6.688    5.553
7.121    4.202
6.081    3.811
6.27    5.495
6.665    3.705
7.253    5.189
6.638    5.546
6.025    4.254
7.217    5.985
7.298    5.135
6.253    5.994
8.7    4.513
7.126    4.976
6.998    5.304
6.812    3.879
6.19    3.454
7.001    4.525
8.131    3.729
8.891    5.328
8.653    4.611
8.946    3.843
8.667    4.129
7.288    3.946
7.222    3.232
6.013    3.316
6.715    5.255
8.578    5.439
6.94    4.457
7.835    4.698
8.127    3.236
8.448    3.796
7.233    5.369
7.597    5.034
6.205    3.783
6.308    5.059
6.723    3.421
8.197    4.613
7.35    3.258
7.239    3.012
8.263    3.495
6.948    4.532
6.672    4.399
8.851    3.977
8.595    3.227
6.79    4.782
7.668    5.972
6.023    3.8
7.957    5.698
8.892    3.723
6.909    3.609
6.985    4.164
8.746    4.206
7.041    5.503
8.805    4.624
7.25    3.641
8.181    5.614
6.797    3.759
8.979    3.32
7.926    4.778
8.854    5.856
7.416    4.388
7.828    5.906
8.938    3.871
7.755    5.937
7.787    3.244
8.69    3.305
6.567    4.152
7.5    3.36
8.168    4.246
8.42    3.547
6.924    3.981
8.156    5.702
8.908    4.162
6.611    5.426
6.578    4.422
7.78    4.681
6.976    3.817
7.664    3.857
7.338    5.057
6.798    3.353
8.429    5.525
8.451    3.333
8.034    3.601
8.658    4.721
8.003    5.065
6.158    4.24
6.627    5.375
8.342    3.999
8.489    5.851
6.85    5.533
7.471    3.619
8.376    4.71
6.327    5.432
7.879    5.094
6.338    4.784
6.332    3.802
7.121    4.537
6.963    3.958
6.221    5.939
6.502    3.139
6.594    3.178
6.62    4.362
8.772    5.316
6.685    4.717
8.776    5.507
7.519    5.413
6.305    3.121
8.144    3.69
6.092    3.582
7.183    4.233
7.495    5.619
8.149    5.124
7.942    3.776
7.558    4.353
8.354    5.037
7.642    5.978
7.641    3.364
6.078    3.981
8.436    4.544
6.512    5.96
6.603    4.083
8.544    3.921
8.035    4.033
7.859    4.227
7.124    3.415
7.451    4.1
6.383    3.778
7.514    4.323
6.96    5.318
6.382    3.007
8.304    5.186
6.082    3.32
7.993    5.961
6.54    4.155
6.449    3.436
8.267    3.775
7.049    4.737
7.05    4.786
8.275    3.61
8.692    3.366
6.209    3.722
6.544    3.44
7.384    3.348
8.603    4.993
7.334    5.624
7.018    5.118
6.113    4.391
6.578    3.284
8.184    4.663
6.563    3.343
6.352    3.704
6.631    5.262
6.957    3.093
7.015    5.251
8.499    4.391
8.446    3.891
6.925    3.061
6.917    4.029
7.497    3.504
8.354    4.221
6.937    3.759
8.855    3.115
6.826    4.009
8.027    4.907
8.187    5.133
6.455    5.416
8.023    3.377
6.909    5.03
7.554    4.59
7.165    4.964
6.502    4.799
8.981    4.637
7.437    3.647
8.446    4.728
6.231    4.348
6.567    4.086
6.095    4.26
6.206    4.894
8.328    4.642
8.676    3.35
6.099    5.804
6.343    5.355
7.756    4.813
7.47    4.178
6.843    3.411
6.721    3.154
8.397    3.802
7.537    3.313
6.503    4.271
8.417    5.754
8.963    5.04
6.252    4.177
7.421    4.34
7.82    4.902
8.464    3.813
6.034    3.875
8.724    4.58
8.411    5.794
7.568    3.585
7.538    5.763
7.288    4.864
8.907    4.766
8.622    3.6
8.065    5.495
6.48    4.668
7.061    3.107
6.713    4.095
6.999    5.512
8.324    5.717
6.84    3.218
8.917    4.799
7.173    5.396
8.904    3.82
6.878    5.406
6.251    3.725
8.846    4.197
6.606    5.553
7.664    4.071
6.062    3.897
6.828    5.918
6.735    4.207
6.557    4.011
7.602    4.285
6.063    3.731
7.779    4.623
6.545    3.58
6.906    3.719
7.806    3.959
6.067    4.257
6.764    3.527
8.891    4.528
6.844    3.761
7.253    3.433
7.759    4.5
8.984    3.358
7.595    4.027
6.409    3.73
6.201    3.853
6.041    3.457
7.297    4.922
7.258    5.241
8.689    4.585
6.602    4.98
7.108    3.912
8.647    3.956
8.852    4.47
6.668    3.42
7.463    4.467
7.71    3.975
8.894    3.035
7.411    3.459
6.449    4.692
7.556    3.339
7.863    4.265
6.014    3.087
7.597    5.791
7.526    3.024
6.826    5.227
6.18    5.838
7.13    3.938
8.883    4.865
6.016    4.045
6.682    3.503
8.197    5.527
8.077    4.584
7.176    4.392
6.301    5.442
7.99    4.478
6.325    5.395
8.477    4.405
6.588    5.359
8.436    5.475
6.364    4.709
7.173    5.226
8.255    5.906
6.252    3.433
6.62    3.928
8.997    5.776
6.338    4.144
8.705    4.054
6.388    4.038
8.532    3.748
7.698    5.037
6.177    5.179
6.925    5.56
7.942    4.352
7.3    4.679
8.597    4.842
6.912    3.793
8.984    3.75
8.595    4.022
6.48    5.442
8.199    5.515
7.854    5.28
8.987    4.923
8.595    3.172
7.191    5.227
8.783    3.805
8.08    3.226
8.888    5.992
6.62    5.698
7.116    3.719
7.191    5.143
6.852    3.254
7.515    3.695
6.826    3.516
6.712    4.653
6.055    4.19
7.884    4.016
7.969    4.28
6.451    3.092
7.73    4.136
6.208    5.069
7.376    4.924
8.01    3.634
6.373    3.991
6.314    3.371
8.293    4.518
7.446    4.682
7.238    4.269
7.428    5.611
6.143    5.956
8.0    5.853
7.292    3.238
8.095    5.919
6.314    4.122
6.172    5.677
6.97    5.562
6.352    3.051
7.809    4.413
7.925    3.702
8.463    3.633
6.068    5.461
6.444    4.385
7.407    5.716
7.749    3.266
8.339    3.909
6.836    5.978
7.924    3.638
6.403    3.317
7.958    4.269
8.468    5.346
8.842    5.234
6.94    5.902
7.791    5.324
7.14    3.193
7.885    4.498
7.345    4.528
8.173    4.453
7.067    5.847
8.215    5.462
8.175    5.878
8.624    4.376
6.448    3.361
7.692    3.074
6.304    5.684
7.769    4.311
6.422    5.781
6.406    3.026
7.235    3.427
7.325    4.257
7.926    5.579
6.552    5.519
6.357    4.926
6.252    3.892
7.403    5.431
6.267    5.442
6.724    4.788
6.27    3.389
6.011    3.102
7.853    4.998
8.633    4.316
6.928    5.641
6.03    3.376
6.399    4.249
7.611    3.468
6.495    5.817
6.069    3.691
6.728    5.68
6.781    3.674
7.287    3.298
6.382    5.123
6.258    4.69
7.167    5.257
8.631    3.21
7.636    4.394
6.566    3.789
7.778    5.11
6.954    3.663
7.983    3.29
6.864    5.148
7.935    4.131
6.057    4.681
7.953    4.754
7.891    5.833
7.699    5.12
8.515    3.954
6.467    3.283
7.591    3.11
7.441    4.836
7.673    5.617
8.607    3.446
6.932    5.758
7.945    4.962
6.1      5.107
6.503    5.879
8.695    4.695
8.602    5.843
-0.001    0.466
-2.685    -0.74
-0.347    1.633
-2.035    0.102
-1.836    0.382
-1.884    0.218
-1.407    -0.953
-1.349    -0.477
-0.427    -0.791
-1.927    -0.281
-1.233    -0.524
-2.495    0.07
-2.8    -0.604
-2.629    0.816
-2.727    1.389
-1.365    1.222
-2.754    0.336
-1.552    0.128
-0.333    -0.87
-1.413    0.3
-2.076    0.177
-1.116    1.655
-0.817    1.391
-2.636    1.173
-2.052    1.476
-0.376    -0.084
-0.594    -0.284
-0.884    -0.045
-0.14    0.318
-0.861    0.06
-0.771    1.172
-2.921    0.277
-2.131    1.085
-0.71    1.911
-0.733    1.568
-2.158    0.869
-1.82    1.38
-2.389    -0.887
-1.101    -0.703
-0.913    -0.003
-2.661    0.795
-1.032    -0.021
-1.696    0.616
-2.263    1.424
-2.712    1.538
-0.319    -0.149
-0.741    0.414
-0.785    -0.232
-0.059    0.456
-0.316    1.717
-2.596    -0.423
-2.601    -0.929
-1.521    0.148
-0.587    0.6
-2.491    1.565
-1.924    1.375
-1.734    -0.07
-0.695    0.533
-0.02    1.464
-0.13    0.509
-2.653    -0.908
-0.744    -0.717
-2.751    1.929
-2.24    -0.466
-1.927    0.444
-0.244    0.054
-1.264    1.336
-2.709    0.605
-1.991    1.653
-0.577    -0.59
-2.992    -0.467
-2.816    1.889
-1.248    -0.216
-2.105    1.282
-0.33    0.92
-1.181    0.402
-0.108    -0.81
-2.301    1.269
-2.983    0.225
-0.423    0.981
-2.009    0.678
-1.161    1.836
-0.315    0.011
-1.845    -0.131
-2.554    0.11
-1.345    0.201
-0.583    -0.784
-0.799    -0.544
-0.76    -0.68
-1.587    0.049
-2.71    1.671
-1.47    -0.702
-2.532    -0.111
-1.119    1.127
-2.179    1.277
-1.964    -0.895
-0.755    0.816
-1.645    1.806
-0.673    0.952
-0.416    0.378
-1.986    -0.594
-1.449    0.597
-2.406    0.503
-2.658    -0.585
-2.653    1.345
-2.745    -0.123
-1.58    0.428
-1.773    -0.66
-2.77    1.675
-0.07    0.47
-0.033    -0.06
-0.252    -0.96
-2.636    -0.496
-1.647    0.992
-1.385    0.938
-1.854    0.203
-1.541    -0.099
-2.748    1.62
-2.841    0.718
-1.216    0.981
-2.863    -0.211
-2.039    -0.95
-1.152    1.802
-2.859    1.251
-2.571    0.675
-2.91    0.328
-2.71    -0.625
-0.291    1.156
-2.241    -0.389
-1.507    0.194
-1.423    1.886
-0.205    0.261
-2.505    1.997
-1.088    -0.775
-2.554    0.924
-0.136    1.49
-0.62    2.0
-2.958    -0.832
-0.991    1.594
-2.993    0.128
-1.412    1.514
-2.998    1.721
-0.788    -0.799
-0.478    -0.191
-0.805    -0.019
-0.9    -0.584
-0.756    0.006
-1.846    0.701
-1.498    0.594
-0.046    1.668
-0.197    0.996
-0.727    -0.824
-1.618    -0.941
-0.969    0.373
-1.975    0.34
-2.208    0.454
-0.092    1.909
-2.085    1.278
-1.252    0.807
-0.332    0.461
-0.05    0.885
-0.553    1.55
-1.595    0.541
-1.98    1.624
-0.617    1.59
-2.511    1.133
-2.163    -0.624
-0.387    -0.985
-2.201    1.708
-1.319    -0.751
-2.96    -0.326
-1.958    1.021
-1.024    1.502
-1.743    0.363
-2.099    -0.728
-1.805    0.211
-1.442    0.436
-0.332    -0.753
-2.811    -0.806
-0.558    0.699
-2.761    -0.026
-2.596    1.274
-1.931    -0.065
-0.958    1.417
-2.785    0.959
-1.072    -0.403
-2.036    0.119
-1.734    -0.218
-0.367    1.513
-1.44    1.871
-1.81    -0.878
-2.133    -0.727
-1.731    -0.945
-1.439    0.397
-1.217    -0.086
-1.649    -0.529
-0.352    1.949
-0.44    1.234
-2.596    -0.422
-2.842    1.391
-1.02    1.147
-1.211    -0.631
-1.591    0.532
-0.375    -0.062
-0.031    1.255
-1.398    0.449
-1.511    1.145
-0.333    1.177
-0.279    -0.996
-0.965    -0.529
-0.91    1.259
-1.633    1.893
-0.523    -0.272
-0.437    -0.605
-1.52    1.719
-2.166    0.866
-1.259    1.038
-1.072    1.22
-2.568    -0.317
-2.082    1.554
-1.757    1.238
-0.512    -0.962
-2.495    -0.86
-1.233    1.432
-0.368    -0.377
-1.378    0.955
-0.982    0.993
-1.172    -0.586
-0.588    1.755
-1.931    1.822
-1.616    -0.901
-0.181    1.146
-0.752    0.829
-2.933    -0.09
-2.691    0.083
-1.124    0.215
-1.904    -0.404
-1.196    1.709
-0.778    0.052
-0.456    1.203
-2.069    -0.666
-2.097    -0.164
-1.225    0.414
-1.783    -0.424
-2.043    0.17
-0.605    -0.186
-2.102    -0.056
-0.062    1.602
-2.224    0.9
-2.842    0.931
-2.533    -0.47
-1.446    -0.001
-0.392    0.184
-0.948    -0.956
-2.746    1.494
-1.488    -0.46
-1.604    -0.968
-2.586    -0.41
-1.307    1.86
-0.576    -0.648
-0.622    0.604
-1.311    1.362
-2.753    0.478
-2.546    0.322
-0.918    1.221
-2.934    1.681
-2.298    1.078
-0.272    0.178
-1.474    1.294
-1.48    -0.313
-0.634    1.174
-2.511    1.331
-1.445    0.935
-1.253    0.565
-2.5    0.975
-1.278    1.268
-1.657    1.772
-1.334    -0.046
-2.388    0.015
-0.855    1.507
-0.552    0.377
-2.127    -0.001
-1.818    1.529
-2.861    0.356
-0.878    1.531
-0.324    1.137
-2.034    -0.152
-0.066    0.532
-1.8    0.478
-1.183    -0.963
-1.747    1.272
-1.626    1.917
-1.29    0.308
-2.473    1.58
-2.509    -0.425
-2.01    1.707
-1.177    1.223
-0.919    1.503
-0.176    -0.444
-2.009    -0.772
-2.395    0.825
-0.886    1.896
-0.367    0.673
-0.738    1.29
-2.807    0.563
-0.903    -0.727
-2.778    0.373
-0.907    -0.021
-2.45    0.257
-2.118    -0.506
-1.016    -0.101
-0.997    0.057
-2.366    1.756
-1.487    0.846
-2.789    1.524
-2.8    0.417
-2.512    -0.52
-2.795    0.696
-2.609    -0.17
-1.961    1.714
-0.446    0.449
-1.203    -0.351
-0.085    1.512
-2.173    1.749
-2.996    0.778
-2.301    -0.978
-1.016    1.381
-0.293    1.742
-0.347    -0.726
-1.225    -0.617
-0.649    -0.847
-0.814    1.292
-0.585    -0.398
-1.126    1.034
-1.311    0.482
-2.046    -0.524
-0.575    0.484
-2.25    -0.129
-1.634    0.328
-2.873    -0.026
-2.228    0.213
-2.924    0.603
-0.023    1.128
-1.356    0.654
-1.407    -0.245
-2.702    0.408
-1.52    0.752
-1.754    0.078
-2.351    1.542
-0.16    1.961
-2.153    1.936
-2.597    1.682
-0.038    0.384
-1.711    0.308
-2.913    -0.0
-0.842    -0.687
-1.387    1.349
-1.434    1.452
-1.046    -0.477
-2.016    0.967
-2.054    0.159
-0.285    -0.675
-0.878    1.03
-2.264    -0.141
-2.248    1.837
-0.487    1.896
-0.455    -0.518
-0.613    0.286
-1.47    1.401
-0.995    -0.333
-2.007    1.955
-2.443    -0.638
-1.245    -0.03
-2.814    0.391
-1.827    -0.969
-2.523    0.222
-0.471    0.447
-1.749    -0.263
-1.2    1.199
-0.559    1.936
-1.044    -0.334
-2.854    1.458
-0.22    0.052
-1.067    1.266
-0.016    -0.261
-0.707    1.282
-1.21    1.795
-0.643    -0.854
-1.645    1.78
-2.69    -0.724
-2.03    0.886
-0.894    1.629
-1.113    0.936
-2.278    -0.44
-0.774    -0.309
-1.91    -0.675
-0.321    0.641
-2.033    1.241
-1.603    -0.711
-0.948    0.9
-2.601    0.04
-0.178    0.064
-1.714    -0.529
-2.69    0.592
-2.841    -0.796
-2.039    -0.447
-2.832    -0.848
-0.625    -0.593
-0.669    1.85
-2.474    0.851
-0.976    0.036
-2.812    0.615
-0.67    1.463
-2.219    -0.319
-2.51    1.65
-2.42    -0.308
-0.024    0.2
-2.08    -0.199
-0.151    -0.86
-2.223    -0.777
-2.049    1.118
-1.226    1.098
-0.145    1.085
-1.566    0.736
-1.621    -0.942
-2.889    1.604
-0.576    0.782
-0.371    0.729
-0.867    1.395
-1.403    1.83
-2.703    0.426
-1.168    1.428
-1.271    -0.024
-2.952    0.067
-2.483    1.241
-0.786    1.383
-1.365    0.319
-2.852    1.171
-0.143    1.837
-2.517    -0.58
-0.564    -0.717
-1.639    -0.816
-2.073    0.096
-0.353    0.074
-1.957    0.331
-1.343    1.804
-0.883    1.092
-2.588    1.494
-1.298    0.132
-1.553    -0.506
-0.839    1.295
-2.671    0.646
-2.756    -0.273
-0.729    1.067
-0.348    1.648
-2.57    -0.521
-1.34    -0.433
-2.623    0.684
-2.306    0.682
-2.674    -0.625
-2.098    0.36
-1.327    0.734
-0.907    1.038
-0.313    1.085
-2.943    0.395
-2.319    -0.849
-2.129    0.011
-2.417    -0.713
-0.105    0.737
-1.927    -0.719
-2.345    -0.652
-1.435    1.399
-2.159    1.553
-2.107    -0.145
-1.974    -0.285
-1.255    0.277
-2.816    -0.155
-2.185    -0.58
-0.218    1.385
-0.858    1.559
-1.006    0.08
-2.938    0.832
-0.829    -0.176
-1.816    1.945
-2.44    1.758
-2.858    -0.505
-1.977    -0.998
-2.508    0.473
-0.406    -0.405
-0.69    -0.081
-2.146    -0.95
-0.106    1.14
-1.652    0.699
-0.059    0.675
-1.569    0.792
-2.174    1.407
-2.188    0.61
-0.893    -0.144
-2.135    -0.362
-0.851    -0.279