-0.01783154	1.94267502
-0.30278344	2.06319998
-0.23967131	2.09305539
-0.44772077	2.05488416
-0.08279948	2.09851368
-0.33180575	2.21424561
-0.16241018	2.20241358
-0.65805055	2.09440599
-0.49063647	2.20228636
-0.03081897	2.19628983
-0.33039803	2.36952418
0.04834505	2.12808302
-0.20213825	2.40913405
-0.59361899	2.23456251
-0.48746411	2.35926402
-0.02514719	2.35348354
-0.80997465	2.10833331
-0.31469714	2.51784589
-0.18355947	2.5461197
0.0758701	2.2532583
-0.46654841	2.54710338
-0.66677698	2.34656887
-0.01587885	2.47252426
-0.7241717	2.270689
-0.35298683	2.65359928
0.23177806	2.08649173
-0.20320061	2.62900181
0.09651286	2.37285859
-0.65395854	2.50369342
-0.48888504	2.62280338
-0.0167165	2.61028635
-0.73189101	2.40471636
-0.37383146	2.76050902
0.20335008	2.22773014
0.12039388	2.5023413
-0.92869881	2.04273983
-0.16999193	2.78180257
-0.62135656	2.63561752
-0.44821034	2.82888926
-0.08543548	2.78684831
-0.76747366	2.49149903
-0.33587122	2.9522293
0.24081313	2.39180611
0.06950433	2.63903005
-0.1898949	2.96400355
-0.95266029	2.19356455
-0.59094868	2.79317994
-0.51740615	2.94435022
0.38151532	2.04847086
-0.05526073	2.93591974
-0.7619902	2.65771774
-0.31207322	3.09472374
0.25423228	2.48144461
0.05112945	2.80281406
-0.15403444	3.11403147
-0.89888223	2.39416613
-0.64449289	2.9417655
-0.50564934	3.0782324
0.34734451	2.22461388
-0.0652633	3.08858223
-0.76832753	2.84026503
-0.33528724	3.19809216
0.22275626	2.63708053
0.08559456	2.93677092
-0.95803251	2.55975774
-0.15646986	3.20423505
-0.63213957	3.06355116
-0.46119401	3.26491797
0.40565476	2.416709
-1.03507459	2.23251952
-0.06005616	3.25346925
-0.78407657	2.98171801
-0.31474444	3.36533648
0.22485158	2.80644409
0.12100991	3.04731594
-0.9459446	2.61468184
-0.17903633	3.34116464
0.48226987	2.09467755
-0.60086588	3.21752692
-0.5129632	3.3303174
0.33680945	2.50521605
-1.03586185	2.367404
-0.01801955	3.37650278
-0.78951821	3.10976957
-0.34934167	3.50183616
0.19289803	2.92751677
-0.23726512	3.55255616
0.09308929	3.24962674
-0.89927399	2.79548001
0.49225535	2.20432266
-0.49605665	3.49883423
-0.58808814	3.41196764
0.39164866	2.6992898
-1.0679293	2.51945394
-0.07736452	3.51042659
-0.77779964	3.22228374
-0.33245354	3.6829525
0.19006133	3.08538984
-0.16758934	3.65182715
0.11796313	3.39462222
-0.90046079	2.94699902
-0.66988648	3.52592568
0.49814799	2.38712734
-0.49863427	3.68979365
0.3658854	2.76748562
-1.03329531	2.62988078
-0.05084683	3.65338887
-0.80469393	3.41194137
-0.36625534	3.79198426
0.22409516	3.26227227
-1.170283	2.2752975
0.06542429	3.47979017
-0.93557527	3.10432973
-0.18132052	3.84417165
0.512042	2.47300944
-0.62914248	3.62897009
-0.45471203	3.76442671
0.33976132	2.98245068
0.62414302	2.10932199
-1.05668478	2.81585742
-0.05699736	3.84636582
-0.72313657	3.51587799
-0.34819599	3.98260746
0.21916291	3.36894292
-1.1733005	2.37307385
0.0740983	3.69683326
-0.18697202	3.98496889
-0.90437287	3.23337317
0.55750369	2.6932974
-0.58541051	3.78494394
-0.50902965	3.93413527
0.36042881	3.07636842
-1.08143358	2.90797766
-0.05757738	3.92829249
-0.72382492	3.66635118
0.63452541	2.27961232
-0.35463539	4.09391705
0.23387164	3.49451915
-1.19197968	2.50527573
-0.17386208	4.06249563
0.06475342	3.79756861
-0.94735907	3.39343883
0.55511274	2.79250776
-0.49621395	4.04210001
-0.62729932	3.95428042
0.407434	3.25810755
-0.07006874	4.12122799
-1.08810598	3.11995703
0.64463302	2.34682583
-0.77492881	3.76271505
-0.38912321	4.19705844
0.27699882	3.64736849
-1.17752672	2.64185816
0.06545416	3.97969171
-0.93885068	3.487074
-0.21677702	4.27615545
-0.60321622	4.05908452
0.49176919	2.97432295
0.35448605	3.354019
-0.49485786	4.23535148
0.68112277	2.48785789
-1.02267211	3.19982597
-0.0760214	4.22332091
-0.72669756	3.92229938
-0.34500495	4.3770762
0.24298355	3.80080561
-1.17591429	2.84931706
0.05432123	4.11464524
-0.9329091	3.67186296
-0.15132281	4.40628381
0.53459956	3.05220606
-0.63310484	4.24599087
-0.47955905	4.35045251
0.34262431	3.50711058
0.68733782	2.6776027
-1.01527232	3.41568502
-0.0839084	4.33059453
-0.77166985	4.05044389
-0.38100592	4.49485633
0.21066465	3.92903281
-1.16379869	2.91107925
-1.32434906	2.39789826
0.0439555	4.24287747
-0.22413776	4.48299684
-0.88100218	3.835145
0.84005221	2.04480842
0.33978457	3.66193468
-0.65129328	4.40709486
0.47846075	3.2315839
-0.46963302	4.47681058
-1.08061495	3.52908112
-0.09332644	4.55766597
0.69396837	2.80173674
-0.30270102	4.68111056
-0.72246179	4.21898579
0.22875125	4.09538982
-1.15223335	3.10038595
-1.36508731	2.5326023
0.07820787	4.37731439
-0.2238351	4.6632361
-0.95284046	3.94043712
0.80291432	2.19334679
-0.64378326	4.50670621
0.53400706	3.35958787
-0.45778826	4.69785662
0.41336464	3.84150177
-1.02372149	3.63369333
-0.03571762	4.64978197
0.6715443	2.90748213
-0.78758525	4.35090815
-0.38153596	4.78224745
0.23464559	4.21069919
-1.32187865	2.64542453
-1.16310678	3.20819887
0.09340828	4.51299513
-0.92830039	4.12400092
-0.22978146	4.83467471
0.78573349	2.41738079
-0.65508289	4.65392871
0.5430132	3.54208824
0.36420954	3.956442
-0.52794896	4.76104961
0.67127704	3.07935649
-1.05744387	3.84703144
-0.09607346	4.82554331
-0.72168636	4.5581755
-0.31781379	4.94368747
0.19091766	4.36742519
-1.20705988	3.33939847
0.0902153	4.65336174
-1.35783085	2.83592207
-0.22819422	4.95565824
0.81257132	2.53178265
-0.87380336	4.23937404
0.47746167	3.67889662
0.38506198	4.05801609
-0.63200669	4.77487473
-0.46179977	4.97704714
-1.05964285	3.91093852
-0.05638832	4.93720466
-0.74149599	4.62870884
0.69479052	3.22362133
-0.38999997	5.0946189
0.19728503	4.50352916
-1.23923798	3.47345985
-1.35588664	2.91686017
-0.2088202	5.08862283
0.11569828	4.84057689
-0.92221515	4.41468852
0.84690099	2.67661643
-0.65468947	4.91015197
0.55681448	3.76918885
-0.52968141	5.08005678
-1.52152786	2.39908211
0.37222372	4.19537576
-1.06029105	4.09377051
-0.05704394	5.04516369
0.63646277	3.34410869
-0.74625046	4.80465627
-0.33274505	5.2446723
0.22958657	4.64726457
-1.17832127	3.67161093
-1.37481297	3.06507885
0.12894901	4.95179837
-0.87765638	4.47113567
-0.23839944	5.2725586
0.7896196	2.77288237
-0.65250451	5.05444453
0.53717368	3.91760753
-1.48081055	2.53171566
0.39066159	4.38355209
-0.52635837	5.2605102
0.65290483	3.4880961
-1.075358	4.20595164
0.9697551	2.20035917
-0.07560507	5.20902346
-0.79195007	4.97941041
-0.33735602	5.36101745
0.24414019	4.79889059
-1.20067003	3.81465957
0.08950701	5.06582483
-1.31387253	3.25536199
-0.89041894	4.69837217
-0.21840667	5.33749745
0.77175323	2.90911014
0.47508181	4.07449695
-1.49343717	2.637037
-0.64618811	5.20661981
-0.50479563	5.33670442
0.34696247	4.48302302
0.66001501	3.63655883
-1.07959582	4.34031719
0.91292952	2.38902486
-0.09563451	5.33233479
-0.73764709	5.07746611
-0.3074197	5.48529646
0.22681976	4.95129558
-1.18482979	3.92429132
-1.32289383	3.35195795
0.04067721	5.25292556
-0.17235504	5.55316413
-0.92609107	4.83006804
0.76166835	3.11872557
-0.61144075	5.33134659
0.40618292	4.64974153
0.53467221	4.19396462
-0.46503353	5.52862792
-1.45626083	2.81998422
-1.04121594	4.50679591
0.90768538	2.47222192
-0.08684225	5.47473728
0.62341931	3.8491823
-0.38400669	5.66012649
-0.74765273	5.26391966
0.21790588	5.09884529
-1.15237095	4.11471002
-1.37147206	3.49358729
0.05939988	5.33535371
-0.22085543	5.67175582
-0.92709697	4.94196273
0.79072376	3.27680419
-0.62027479	5.48749829
0.47515859	4.40402198
-0.46722488	5.61608796
-1.48914994	2.95324755
0.37457625	4.7741131
-1.06935774	4.64833102
0.92619924	2.65138339
-0.03143623	5.65676339
0.69278984	3.9130356
-0.79102067	5.39161128
-0.31811339	5.84614075
0.21110922	5.24655536
-1.36485103	3.61931744
-1.23440498	4.27568879
0.05624855	5.4846422
-0.92128632	5.06142833
-0.15631407	5.81679059
0.83167444	3.353567
-0.669512	5.65124542
0.55199426	4.47226094
-1.52708665	3.11665581
0.37981691	4.93497938
-0.48360805	5.81752618
0.65322536	4.07763109
0.9553163	2.82670979
-1.09549091	4.80183844
-0.06453441	5.79766643
-0.7685702	5.47378313
-0.30560372	5.97540542
0.25277204	5.39712502
-1.16568071	4.34873734
0.0592378	5.69667892
-1.32025598	3.7640985
-0.17133458	5.91075313
-0.93385075	5.20547805
0.76858677	3.48917163
-1.65425491	2.47288221
0.48033024	4.69054077
0.3895526	5.06488747
-0.58958879	5.80988664
-0.44565811	5.96085034
-1.45967303	3.20516939
-2.01100561	-0.01434455
-1.04953346	4.97452213
0.94030598	2.9782448
-0.09723145	5.9488467
-0.73287499	5.67046885
0.63505771	4.27747244
-0.35766374	6.10686648
0.27319687	5.49464708
1.06331451	2.20003025
-1.15421885	4.5316586
-1.31098445	3.92120746
-0.15946391	6.08274106
0.06677199	5.84460673
-0.95509039	5.38610933
0.84921983	3.63239332
-1.6588622	2.68587692
-0.58210334	5.93944248
-0.49264021	6.07015585
0.55855008	4.80120052
-1.50674406	3.40800736
0.3955423	5.26311229
-1.03524956	5.10082644
-0.01723774	6.09855516
0.97729759	3.05697807
0.66527056	4.40747212
-0.77069597	5.78893156
-2.15431524	-0.94778047
-0.31286296	6.21061441
0.21373886	5.65998708
1.05326006	2.35164915
-1.15638337	4.67399531
-1.36487926	4.06080079
0.06936165	5.98067094
-0.9068784	5.54969808
-0.20731918	6.19248496
0.83266124	3.77525854
-0.63914604	6.05372668
-1.65668458	2.80813539
0.51825444	4.96660011
-1.51631271	3.55894536
0.39278645	5.35043286
-0.49727413	6.2187952
0.69035046	4.51687836
-1.02707564	5.2140587
0.95979074	3.23832359
-0.05508634	6.25438061
-0.77602646	5.90312807
-0.34656379	6.40706249
1.04838157	2.49958687
-2.16533772	-0.75380965
0.23757657	5.76629499
0.11479039	6.09680916
-1.23963264	4.8170466
-1.35830891	4.22150403
-0.87255805	5.62072523
-0.20995876	6.40594949
0.76476341	3.94515717
-1.60497526	2.92533473
0.54349573	5.04584883
-1.47696965	3.6479027
-0.58432484	6.22453215
-0.48449381	6.33341576
0.3717492	5.54138531
0.68064764	4.6428863
-1.04635039	5.37428008
0.98736271	3.3895754
-0.04831564	6.41972442
-0.73354339	6.0995335
-0.35024004	6.49496761
1.11079172	2.66567751
-2.23660396	-0.61456059
0.19066925	5.95527931
-1.20782007	4.91160189
-1.31725728	4.35834929
0.08837109	6.23796717
-0.22405117	6.4797067
-0.89462794	5.81886926
0.77273949	4.0847274
-1.633874	3.08262825
-0.60773342	6.41048096
0.38606945	5.68264029
0.50906277	5.2458511
-0.50449342	6.53306047
-1.4876656	3.76810676
-1.06893602	5.54757123
0.98368516	3.54724998
-0.05643991	6.50545645
0.69416855	4.78736173
-0.35673319	6.67397176
-0.73355372	6.20930789
-2.16784294	-0.49118556
0.25954942	6.07990962
1.07945974	2.84376231
-1.20740988	5.10469483
-1.32498369	4.50479254
0.12011439	6.3366475
-0.17792037	6.63580781
-0.94464268	5.92643141
0.82187522	4.22388351
-1.64513748	3.20772219
-0.59633759	6.51978686
0.52595845	5.35442775
-0.52468455	6.62762044
-1.44766014	3.9556891
0.36062372	5.77820028
-1.7204896	2.54651276
0.94705841	3.67031072
-1.06834483	5.62886946
-0.05704053	6.67971057
0.64830819	4.92795821
-0.73236196	6.37018299
-2.19740126	-0.37718584
-0.32335985	6.81028608
1.12800153	2.9867228
0.22366941	6.25401863
-1.37897612	4.68678799
-1.1790581	5.22049586
0.10971718	6.50975547
-0.8922122	6.0575497
-0.17362484	6.76458198
0.83819464	4.34516813
-0.63584177	6.6724814
-1.58790181	3.38170083
0.50932901	5.47897407
-1.51084932	4.08902215
0.35790009	5.95936392
-0.47353101	6.79578234
-1.76595703	2.62748917
0.62870812	5.0707029
0.9240588	3.83699467
-1.06083959	5.84738976
-0.03094922	6.76283759
-0.72752759	6.50856981
-0.31065536	6.97719157
-2.20855954	-0.21816194
1.12692888	3.10023554
0.27870218	6.38235293
-1.22099907	5.36400742
0.04526171	6.61268182
-1.30994895	4.79365799
-0.18152247	6.95700817
-0.8945296	6.26054258
0.83850258	4.53632794
-1.58208737	3.55094617
0.55848351	5.63122458
0.40573314	6.11901208
-0.6060344	6.8402461
-0.50651281	6.93856234
-1.4681577	4.2573505
-1.76912316	2.76485083
-1.03784335	5.95225676
0.9645472	3.93430047
-0.04484446	6.93511155
-0.8039151	6.69110274
0.66599902	5.23944785
-0.35382013	7.09824966
-2.23775679	-0.04622872
0.267709	6.5314363
1.09379408	3.2299991
-1.17286023	5.47549978
-1.38157744	4.92632187
-0.22227141	7.10169666
0.0898944	6.8251934
1.19969183	2.37150128
-0.93025434	6.37973759
0.77698327	4.6915458
-2.36655742	-1.23580612
-1.64301374	3.63948628
-0.65075096	6.90257819
-0.44279539	7.06132137
0.4912961	5.76211784
-1.48478527	4.37953826
0.37645346	6.24165512
-1.75471195	2.94118106
-1.09874302	6.12866654
0.97816273	4.05314386
-0.0301323	7.04204121
0.6116557	5.35069679
-0.7370628	6.76953916
-2.22943728	0.07617208
-0.37672047	7.25269003
0.19453716	6.69450391
1.04392668	3.4075015
-1.21949528	5.62903471
-1.38998973	5.08870958
0.11861221	6.98963723
1.24310707	2.4884682
-0.94935445	6.50295879
-0.15796085	7.22277027
-2.38881775	-1.09469017
0.77140349	4.76547154
-0.66813009	7.09621155
-1.61983025	3.82989761
0.50898694	5.98674951
0.41698564	6.39295299
-1.45977794	4.50954582
-0.5250321	7.21913853
-1.76501698	3.12344066
0.68608841	5.49648716
-1.06007738	6.24303633
0.92717851	4.27473529
-0.08527995	7.21531098
-0.75138591	6.93761188
-0.37511759	7.34730046
1.04337159	3.52915955
-2.17394922	0.27809752
0.23021988	6.79195405
0.05436078	7.05504116
-1.16606967	5.81052846
-1.31461483	5.27251703
1.26260216	2.65461769
-0.90255582	6.62321266
-0.17687626	7.34395957
-2.30201856	-0.87923912
0.84820719	4.92405246
-1.58207157	3.96580316
0.54253829	6.08690503
-1.48674216	4.66570293
-0.60724298	7.23030129
-0.47240784	7.38007721
0.36094866	6.51582951
-1.72194987	3.25898919
0.664997	5.66199627
-1.04557677	6.35351592
0.9315138	4.38352679
-0.0404113	7.34295506
-0.77032786	7.05259944
-0.30404267	7.5186129
1.05449851	3.66092447
-2.18930632	0.37649215
0.22757528	6.94073333
-1.22414922	5.97423422
-1.37747492	5.41969708
0.1126693	7.20156926
-0.23452136	7.54615213
1.19884014	2.84133014
-0.87047305	6.82321852
0.78904354	5.08736118
-2.35440267	-0.79479601
-1.58593629	4.0718147
-0.6271378	7.33946165
0.36272547	6.69167536
0.52970425	6.27903104
-0.45496294	7.5033516
-1.46408696	4.78208963
-1.78356213	3.41861027
-1.08409264	6.55060185
0.93765726	4.50296387
-0.0112446	7.48403708
0.62367137	5.77571363
-0.35447189	7.67472023
-0.80684205	7.25958805
-2.18215035	0.49580204
0.21958719	7.11912043
1.09132744	3.84017035
-1.1964339	6.05264589
-1.36728504	5.53561201
0.08602919	7.40153632
-0.22429894	7.67278118
1.26294262	2.98713207
-0.91297588	6.93452444
-2.37500842	-0.66358043
0.82005558	5.22751726
-1.62410839	4.27243277
-0.58741234	7.51656033
0.50590174	6.36938231
-0.47870472	7.69481398
-1.49127958	4.93523471
0.35265669	6.77266311
-1.74096781	3.52158837
-1.08399858	6.61151299
0.97638142	4.65972706
-0.08040407	7.65558165
0.65645059	5.96350369
-0.76718683	7.33511513
-2.15868077	0.6594443
-0.37427135	7.82093458
1.09249107	3.9502434
0.21945985	7.2670469
-1.33916723	5.61835426
-1.19769178	6.19042202
0.11730235	7.47944532
1.27609203	3.09268123
-0.92809155	7.07799667
-0.17145455	7.84798245
-2.32309255	-0.44028932
0.79206066	5.38445148
-1.93740543	2.64673726
-1.59865661	4.38922105
-0.63075728	7.64488958
0.47064212	6.48626727
-1.44018139	5.04396192
0.33183647	6.90952533
-0.49720657	7.76545327
-1.74913758	3.69399134
0.67404069	6.07432092
-1.06802709	6.76434729
0.94832572	4.76115103
-0.04361362	7.77577933
-0.77308696	7.5040849
1.12413675	4.11348542
-2.23295913	0.79032396
0.24911942	7.41175603
-1.23674782	6.33434135
0.04064423	7.66615261
-1.3486691	5.82595694
-2.32602805	-0.3642039
1.22154356	3.19748802
-0.92834438	7.21647792
0.82198697	5.51948284
-1.88474405	2.84755034
-1.66477716	4.55381798
0.49784575	6.62678946
0.33204594	7.04388412
-0.65693008	7.79259262
-1.484549	5.27117189
1.35067736	2.35370518
-2.46043416	-1.49214228
-1.76975117	3.8280208
-1.01731897	6.96535143
0.91052369	4.92485285
-0.05001393	7.98894407
-0.78897215	7.69806925
0.68581839	6.19700016
0.21518048	7.52930241
-1.15514653	6.51899884
1.05007116	4.26559316
-1.34373452	5.96518616
0.11739261	7.79884767
1.26111734	3.38869189
-0.9589243	7.41894054
0.76786897	5.62567838
-2.30834861	-0.22650103
-1.88876462	2.9639591
-1.58600307	4.62352576
0.50246227	6.76910463
-2.47467667	-1.34723838
-1.52489027	5.33413994
1.38492705	2.52872382
0.39547127	7.19896622
-1.78461824	3.90993916
-1.06965437	7.11115783
0.9670158	5.12447696
0.62998316	6.41058627
-0.7864082	7.83184144
0.24032117	7.63041013
-1.18955862	6.62652104
1.04132289	4.41302489
-1.32852309	6.11735053
1.19795601	3.51111671
-0.89809334	7.51279311
-2.33757581	-0.08286342
-1.90090902	3.04159318
0.76051625	5.8306579
-1.60218465	4.79267016
0.50301296	6.98410372
1.36315467	2.6182295
0.36772399	7.35406439
-1.51202591	5.53105283
-2.44003289	-1.20093602
-1.78183488	4.05531276
0.66797299	6.54032906
-1.04281767	7.274723
0.94618841	5.24128338
1.07618399	4.55645234
0.21452871	7.78537055
-1.20122482	6.76365757
-1.33275038	6.22649513
1.21111847	3.64572118
-0.87182815	7.64132672
-2.32750412	0.09104558
0.76001968	5.93166153
-1.87978568	3.27272609
-1.59609497	4.93279116
0.54343566	7.05442349
-1.50214952	5.62955191
0.33029747	7.52162454
1.39151433	2.76916644
-2.45948204	-1.07408087
-1.80484469	4.19118285
0.62049711	6.65800323
-1.06830803	7.41227112
0.966466	5.36124447
1.0857357	4.64797977
-1.17560142	6.96357176
-1.35796357	6.39332358
1.26569317	3.82425557
-0.94797876	7.81991472
0.80129779	6.08933227
-2.33048078	0.21048013
-1.91941417	3.38527087
-1.60888345	5.05665085
0.49320595	7.25307923
0.37543487	7.68630239
-2.51967824	-0.88349028
-1.49129253	5.77096456
1.34099345	2.95476828
-1.77746461	4.39827648
-1.01204076	7.53418746
0.93398846	5.51378992
0.64877794	6.83144646
-1.18366212	7.12552748
1.06888853	4.77505213
-1.30932751	6.5593597
1.24317475	3.92814767
-2.35384408	0.40150758
-1.91903222	3.5141734
0.84169582	6.22431661
-1.63998949	5.24578201
0.49626271	7.40983135
-1.4737249	5.90890869
1.38939751	3.05733399
0.33616102	7.83523766
-2.44226968	-0.75676353
-1.78318467	4.55148767
-1.08133712	7.62141628
0.96776411	5.66651521
0.68456635	6.90665506
1.0537656	4.91631769
-1.33517951	6.66860913
-1.19556736	7.27462393
1.21850008	4.06993486
-2.33096381	0.49492335
0.76705133	6.41602225
-1.90371831	3.61523338
-1.61858604	5.41013803
0.51792966	7.54778683
-1.52980349	6.12116465
1.41059056	3.27435705
-2.52242489	-0.59510807
-1.75424248	4.6593913
0.61353927	7.07085462
-2.05770567	2.8141371
0.92402584	5.77414938
1.10679157	5.0489807
-1.22844952	7.39676949
-1.33030688	6.76121123
-2.30896603	0.63461141
1.19228568	4.23104047
0.81370908	6.52341353
-1.95716951	3.83167382
-2.65491255	-1.77091805
-1.61676992	5.49253943
0.50455865	7.66792338
-2.50700579	-0.5053898
-1.4649742	6.25189323
1.3425652	3.33718194
-1.74469039	4.79474876
-2.01928852	2.97327678
0.94510136	5.96353438
0.68825492	7.19976684
-1.15837079	7.51287262
1.08630885	5.27423727
-1.36937445	6.92488741
1.22368454	4.33193011
0.77333903	6.61526506
-2.38910537	0.84357806
-1.89244338	3.92698561
-2.65095278	-1.60538293
-1.63092627	5.62918971
1.52070162	2.52726031
0.49259929	7.79056363
-2.44886166	-0.35585466
-1.48048926	6.37620449
1.38122539	3.48296651
-1.75416731	4.92015918
-2.04200904	3.06795448
0.9636589	6.10797933
0.61020255	7.39623191
-1.2129374	7.63919473
1.05915293	5.35528051
-1.33158831	7.1144258
1.21753452	4.48541046
-2.30525185	0.96078187
-1.93502246	4.06590533
0.81415888	6.83008955
-2.59740013	-1.4891313
1.54552727	2.61762313
-1.66259283	5.79167002
1.33136012	3.62298403
-1.52867469	6.48788328
-2.51675728	-0.23433012
-1.74194265	5.09914259
0.62191281	7.53792018
-2.06340891	3.19415387
0.93643915	6.19726172
1.1010075	5.49309218
-1.34264742	7.2703403
1.1979203	4.67441481
-2.38583312	1.04973929
0.81294491	6.95985479
-1.95971965	4.26241213
-2.6378269	-1.37511911
-1.6372035	5.9475885
1.47672766	2.83827815
-1.52885468	6.63871773
1.41442778	3.82927115
-2.47094436	-0.02412514
-1.76878959	5.2059171
0.6132111	7.67972656
-2.09654703	3.33902535
0.90090566	6.4166282
1.10085318	5.6578152
-1.3326719	7.35533189
1.19454495	4.82651644
0.81713991	7.10842012
-1.88397978	4.38442974
-2.62852671	-1.23458129
-1.64898748	6.05267483
1.47961726	2.9420966
-2.47586645	0.08082037
-1.44000817	6.84503485
1.39850027	3.93924852
-1.73559333	5.3442732
-2.08532755	3.49340979
0.97159349	6.47055235
0.66721495	7.78907566
1.07772308	5.80418281
-1.34935444	7.49654394
1.25229062	4.94652423
-1.8759692	4.51960244
0.77464961	7.26004549
-2.63051413	-1.0689507
1.49529793	3.12383271
-1.64264888	6.26372268
1.34589269	4.12507503
-1.44869144	6.91377905
-2.46541677	0.21215437
-1.74400465	5.49917243
-2.09024768	3.69420167
0.92019986	6.64603493
1.06759546	5.98087363
1.20867757	5.04048606
0.81806753	7.36588794
-1.8717966	4.64584762
-2.64720914	-0.95608017
-1.60847522	6.33016424
1.55946753	3.24598761
-1.50556309	7.10532484
1.39600058	4.26557515
-2.47109919	0.33857865
-1.75699615	5.64782593
-2.05822521	3.80521189
0.91887657	6.79305969
1.07475314	6.06655546
1.20210436	5.27615243
0.82039791	7.53767781
-1.88687437	4.76940435
-2.6018147	-0.79134361
-1.58778613	6.48128211
1.54813102	3.35490498
-2.52977016	0.47255609
-1.50636457	7.26471081
1.35716073	4.34785875
-1.78642226	5.80605467
-2.06291565	3.95093825
1.95638825	-0.06809994
0.9414192	6.92689808
-2.23353862	2.95478762
1.09384062	6.26843292
1.256367	5.37456151
0.835376	7.68660492
-1.92180612	4.92798539
-2.65963022	-0.60064272
-1.58614713	6.61459504
1.50430816	3.49036031
-2.50792935	0.63305201
-1.52198003	7.35527614
1.39249545	4.5538964
-2.78632132	-1.92669261
1.61641454	2.5467584
-1.78846734	5.97208565
-2.07463111	4.04096827
0.90011128	7.09325211
-2.22520495	3.11633653
1.12365648	6.35289159
1.24088232	5.52826664
-1.87263778	5.12008024
0.79730988	7.7825239
-2.59635745	-0.48950059
1.53615649	3.68781741
-1.60923128	6.83594656
1.38006703	4.64424405
-1.51074885	7.55441034
-2.49993014	0.83659478
-2.80731955	-1.80884216
1.64870797	2.69329883
-1.76671319	6.05355729
-2.02896029	4.22227065
0.97687028	7.199085
-2.18580465	3.22564325
1.08659643	6.52846485
1.20374689	5.66486278
-1.93965621	5.26106597
-2.64732799	-0.33302654
-1.61306728	6.93629904
1.54325617	3.82944485
1.40743832	4.76037926
-2.44608658	0.97551435
-2.72572004	-1.63423033
1.64056637	2.77353566
-1.75832096	6.24719777
-2.06211208	4.39942416
0.93416553	7.33570856
2.04336569	-0.90808013
1.12702706	6.66086955
-2.23848574	3.34374762
1.24807533	5.77956428
-1.87730757	5.33286563
-2.61861269	-0.2295918
-1.62681666	7.08126043
1.5470953	3.91306161
-2.4877921	1.09816364
1.40346744	4.90314594
-2.76867939	-1.44777838
1.61226321	2.94475397
-1.77015024	6.41629268
-2.06756315	4.4806536
0.90647813	7.54102964
-2.20375705	3.55976757
2.09631062	-0.80092078
1.11307739	6.78162209
1.24859987	5.91900752
-1.91204257	5.51657144
-2.63562436	-0.05240124
1.49447013	4.04148626
-1.6405391	7.21757272
1.37517776	5.10251132
-2.4411088	1.20625903
-2.80849474	-1.30888911
1.66238322	3.07414181
-1.72260197	6.55665162
-2.09203406	4.67842067
0.95346597	7.65314374
-2.15240792	3.63356258
2.07644105	-0.60311361
1.06974859	6.9276226
1.2003323	6.08544901
-1.92220353	5.6619812
-2.61564249	0.07358856
-1.62040352	7.40781006
1.5071688	4.20303623
1.38416556	5.2777198
-2.46102551	1.3580784
-2.80534038	-1.1889556
-1.75134421	6.63801359
1.6775029	3.22902202
-2.0669915	4.79869179
2.0862224	-0.50607868
1.05842471	7.11006201
-2.19046799	3.8247669
1.19527838	6.20496134
-1.9411908	5.8190947
-2.6231681	0.2256852
1.54018195	4.40091467
1.41689107	5.40633364
-2.74464092	-1.03796118
1.69975463	3.38398316
-1.73098877	6.81399195
-2.05474922	4.97117986
2.11180293	-0.31889409
-2.1514768	3.98135982
1.07863053	7.26166914
1.22517798	6.36170338
-1.87332459	5.93157632
-2.65188048	0.34430465
1.50548867	4.52618714
1.36616948	5.5580553
-2.79760068	-0.88833811
1.69241262	3.5546476
-1.7976737	6.936041
-2.08556799	5.11507303
-2.15692973	4.06615831
2.11718215	-0.23158352
1.06019107	7.33693669
1.2092023	6.51249182
-1.95355592	6.04309007
-2.60861639	0.54011797
1.54669529	4.62582066
1.41864681	5.65461038
-2.76286327	-0.78344184
1.64491635	3.69416658
-1.76082079	7.05159709
-2.06846008	5.26967948
2.08559171	-0.01037125
-2.2196381	4.23234119
1.09728507	7.49173796
1.20766243	6.63583569
-2.32230794	3.12534129
-1.8840468	6.23316232
-2.58329989	0.68533285
1.54398996	4.79691262
1.40375623	5.8144767
-2.77064506	-0.64601384
1.66897969	3.83034246
-1.73715912	7.25611634
-2.09178793	5.34881673
2.12950199	0.11541835
-2.18559157	4.36056718
1.06873867	7.69882101
1.21052478	6.79994636
-2.34070877	3.19267882
-1.9488155	6.40839458
1.79852204	2.64690037
-2.87931135	-2.03092101
-2.64380218	0.83217553
1.49818152	4.93175497
1.33484639	5.90005405
-2.79762087	-0.45700076
1.62459596	3.98039168
-1.75377867	7.40337284
-2.05840428	5.4735293
-2.22157427	4.5343374
2.08019395	0.21271522
1.25386739	6.9025927
-2.36124562	3.41273108
-1.91654763	6.5080069
2.22025837	-1.2144981
-2.88821148	-1.94450061
1.84824244	2.8265038
-2.61830922	0.93052584
1.54469682	5.12024451
1.40663598	6.07924395
-2.75332987	-0.36722542
1.64155934	4.06815914
-2.01993698	5.67652462
-2.18677887	4.61441031
2.10722161	0.34869615
1.20024922	7.11155135
-2.38593395	3.55168773
-1.91840392	6.64149228
2.27922791	-1.0231554
1.7739775	2.97030131
-2.63728306	1.09123716
-2.93580916	-1.74583238
1.49461284	5.20124775
1.39145425	6.20314594
-2.73709165	-0.17818268
1.61724596	4.19223597
-2.07744217	5.84053673
2.12208287	0.52799338
-2.19329755	4.81079795
-2.31733261	3.6902628
1.23003923	7.2562204
2.21031063	-0.91394087
-1.88271906	6.829622
1.79714606	3.05691104
-2.94332988	-1.63908391
-2.66103337	1.19304618
1.50142351	5.35278567
1.35621577	6.40837809
-2.75412146	-0.03119101
1.62491926	4.40521408
-2.02012876	5.97455
2.119466	0.69799315
-2.15276743	4.98304203
1.20449383	7.36519797
-2.36732629	3.77423796
-1.91350328	6.91947426
2.22307801	-0.73047898
-2.95202645	-1.52559769
1.84328959	3.2799275
-2.62623749	1.34355596
1.51678996	5.52849308
1.38376606	6.49571077
-2.77731126	0.04984235
1.67579109	4.53911773
-2.05995309	6.08968207
-2.20409634	5.04979012
2.07405978	0.84631369
1.23008716	7.50155409
-2.33717167	3.98631181
-1.93840272	7.10423687
2.19613041	-0.59416344
-2.889448	-1.33939722
1.8498273	3.36151531
-2.59807608	1.52439824
1.51830266	5.65963303
1.35470498	6.66958289
-2.73262217	0.20870011
1.67335478	4.6319917
-2.0453954	6.27641863
-2.16935585	5.2365081
-2.37097809	4.08429067
2.20854847	-0.50345461
-1.91995847	7.27771661
1.84938556	3.53946612
-2.63592057	1.61108123
-2.88611603	-1.16806134
1.5369431	5.81834547
1.37016773	6.8255003
-2.76392903	0.40533297
1.65424351	4.76249363
-2.01381945	6.36143749
-2.17974965	5.38186738
-2.33307006	4.21245201
2.19101103	-0.34686923
1.82830408	3.69980136
-2.91216675	-1.0537686
1.50455605	5.93991418
1.39266892	6.93750277
-2.80319605	0.47295727
1.62204135	4.90426046
-2.03405062	6.47221653
-2.20885227	5.54445713
-2.32454334	4.35655689
2.24580238	-0.17640884
-2.94548898	-0.95718651
1.79812265	3.76699451
1.51385596	6.07708154
1.40546567	7.076157
-2.49971585	3.27393668
-2.72063854	0.64331341
1.67521941	5.10886744
-2.01228585	6.684984
-2.21066568	5.64217621
-2.31645865	4.55554435
2.21112765	-0.093091
1.81627402	3.97085574
-2.91429011	-0.78545897
1.52867784	6.21134055
1.37893973	7.231399
-2.48788399	3.34977594
2.36744364	-1.52039592
-2.76341696	0.76688338
1.61062932	5.19922153
-3.03461004	-2.16962115
-2.02874476	6.80474799
1.9011105	2.80901283
-2.1658447	5.80283022
-2.30560593	4.6111165
2.23591861	0.05855486
1.83023271	4.11377088
-2.91503867	-0.64290492
1.50032984	6.40283391
-2.5050572	3.5207259
1.40432666	7.39099263
2.40912262	-1.3280722
-2.79882968	0.98784999
1.68819059	5.4064278
-3.06589049	-2.01278589
-2.04729019	6.94623944
1.92415462	2.92492379
-2.22218103	5.95238174
-2.33229308	4.81326736
2.27407606	0.25860585
-2.87419838	-0.46633787
1.79610348	4.24572709
1.49850752	6.55957372
-2.51336172	3.63231372
1.3637257	7.5382884
2.35114847	-1.16357747
-2.74715553	1.05698043
1.63513121	5.50034231
-3.05208003	-1.89267847
-2.02946612	7.08455322
1.95012226	3.08723053
-2.19607059	6.05617386
-2.33921279	4.91311921
2.19970941	0.38380944
-2.95721209	-0.36364929
1.81761548	4.38227807
1.53388088	6.68692718
-2.47495254	3.79728894
2.40307459	-1.03874231
-2.74561601	1.26854904
1.65661898	5.67599308
-3.06671444	-1.73989163
1.98842897	3.22215354
-2.17503028	6.21398225
-2.31600574	5.08400686
2.23693166	0.52976991
1.80311085	4.4731118
-2.88106414	-0.16220261
1.47860224	6.77845968
-2.49044953	3.96462485
2.41055363	-0.93176002
-2.79571586	1.37788548
1.66136313	5.83784495
-3.07218589	-1.62830681
1.96017212	3.37128863
-2.23046751	6.36021712
-2.37471818	5.27495287
2.24188701	0.61928264
1.77372069	4.67852977
-2.91423466	-0.0944255
1.50228802	6.91537831
-2.47203257	4.09819996
2.38906997	-0.73384319
-2.78327352	1.49283204
1.62710778	5.9875947
-3.0928891	-1.47197577
1.94995278	3.47917324
-2.15973045	6.47363613
-2.30643076	5.38710682
2.27053139	0.76890554
-2.88595207	0.07993501
1.81313722	4.79857091
1.53131024	7.05021149
-2.4638242	4.19794835
2.33889983	-0.64709454
-2.72686689	1.63298169
1.62481394	6.1110472
-3.04241817	-1.32513025
1.9608534	3.64971599
-2.23878707	6.65530369
-2.33617788	5.54127044
2.23295079	0.92080761
1.82932216	4.90233895
-2.91518282	0.26999868
1.513265	7.20296021
-2.44980821	4.39273003
2.40876652	-0.47814819
-2.75093483	1.76670791
1.63715425	6.25060902
-3.04658141	-1.22753218
1.96565426	3.84868708
-2.18896549	6.84929802
-2.31363564	5.66141851
2.26231994	1.10678076
1.78792034	5.07326697
-2.93744603	0.3812486
1.55173962	7.33834592
-2.45565181	4.51983492
2.34818258	-0.31731645
1.64997506	6.37252339
-3.07559841	-1.07082017
1.9120591	3.9217652
-2.15986392	6.98775799
-2.33624562	5.80078587
-2.92075594	0.52231588
1.80168266	5.27784393
2.52182394	-1.72660816
-2.47486894	4.66262945
2.36694129	-0.19837898
1.67571977	6.48805485
-3.02810333	-0.93237601
1.9616757	4.09746072
-2.37954146	5.92573297
-2.93782758	0.63982392
1.82070424	5.4063352
-2.65437167	3.50043056
2.48141202	-1.62963561
-2.50591627	4.82104704
2.35825574	-0.01918303
1.63531563	6.68692546
-3.18896675	-2.32611096
-3.08732403	-0.73744367
1.90653688	4.26626969
2.10368367	2.92166107
-2.32992242	6.11599909
1.8437906	5.47865973
2.52024818	-1.46640899
-2.58688841	3.63543912
-2.95422641	0.79821665
-2.50136279	4.94091273
2.35733325	0.07484216
1.65589817	6.80287165
-3.09234725	-0.6267936
1.97613139	4.34853697
-3.19712386	-2.23497406
2.12513904	3.06922357
-2.36449537	6.22160396
1.82494989	5.62632025
2.47932799	-1.31759604
-2.90103671	0.94520736
-2.59699702	3.80948991
-2.5221933	5.04248029
2.33856404	0.2353928
1.65156107	6.95208934
-3.04141797	-0.48211343
1.96810138	4.51595389
-3.20567464	-2.07625365
2.0663324	3.24335871
-2.32983677	6.35609606
-2.88507493	1.08154643
1.8308492	5.81730611
-2.60732633	3.97507276
2.5016395	-1.196392
-2.47993079	5.27428197
2.34884357	0.34045337
1.63163189	7.12660472
-3.0597677	-0.31025746
1.90469386	4.68520283
-3.15868433	-1.92800338
2.06207873	3.40918926
-2.34789888	6.47476114
1.81443867	5.98097843
-2.58849003	4.04468826
2.50734859	-1.04191361
-2.91419016	1.23520458
-2.485983	5.35479139
2.39718676	0.52197703
1.63829972	7.19529052
-3.0105356	-0.18514209
1.92012022	4.84460387
2.10750602	3.55051663
-3.23562379	-1.80817118
-2.36551863	6.64880848
1.80997226	6.05783056
2.4984751	-0.87849883
-2.92856201	1.33471718
-2.59331969	4.22580675
-2.48678193	5.55413377
2.345901	0.69182559
1.62376794	7.34220883
-3.04261809	-0.03613935
1.92331188	4.95944771
-3.16393482	-1.65565073
2.08810193	3.67755534
-2.34077867	6.78499145
-2.89050943	1.50198198
1.76706229	6.20713889
-2.6197812	4.39213906
2.5012971	-0.7338096
-2.49677157	5.6642509
2.39309838	0.84274699
-3.01892324	0.094125
1.90379517	5.09322758
-3.18328618	-1.50199598
2.0768703	3.79780523
-2.94908519	1.68525122
1.79737935	6.40553678
-2.66375524	4.51670087
2.55316847	-0.58729751
-2.52710849	5.79422502
2.40408414	0.97463761
-3.20535593	-1.35196258
-3.04172558	0.26643822
1.93562762	5.21446044
2.10212008	3.91180573
1.79990745	6.54124721
2.55616855	-0.49623902
-2.66482758	4.67955165
-2.9235686	1.82650426
-2.52180789	5.9184029
2.34500345	1.08558871
-3.09795665	0.40710269
1.9601164	5.37865166
-3.21068494	-1.23531823
2.12942666	4.05263067
1.76684051	6.67927056
2.53403758	-0.31913736
-2.94915467	1.93763543
-2.64741051	4.76785684
-2.5254264	6.04107522
2.3581461	1.23223055
2.65029031	-1.90720326
-3.0572825	0.554364
1.96175571	5.51754979
-3.18536958	-1.06099832
2.04234879	4.26294651
1.79949191	6.77078486
-2.59512743	4.97740299
2.51249456	-0.15518068
-2.44745989	6.19677737
2.40603147	1.33351507
2.66148963	-1.80964475
-3.01582734	0.67347501
1.93626654	5.6441189
-3.23663755	-0.95506585
2.05151983	4.39130323
1.84149485	6.96629257
-2.61052509	5.07299139
2.48363319	-0.01356574
-2.49362594	6.37304793
2.66783599	-1.60013037
-2.76103748	3.82559922
-3.04005157	0.77553856
1.93627566	5.78471889
-3.23839945	-0.72163415
2.11969185	4.54661438
2.21457838	3.07358253
1.82132181	7.12240562
2.51619579	0.0411597
-3.30813534	-2.47053489
-2.5981336	5.22768004
-2.51956807	6.51142716
2.63162264	-1.51990057
-2.76936254	3.94152623
-3.04901032	0.91876727
1.91953503	5.98406649
-3.21616342	-0.64744839
2.09609539	4.68689548
-3.32830954	-2.34092377
2.20758891	3.26521577
1.80878908	7.22209214
-2.66905352	5.34624107
2.52628991	0.21614587
-2.50306323	6.66953274
2.62169045	-1.36520065
-2.72600532	4.11947939
-3.08154404	1.07293771
1.94514028	6.12233983
-3.21874698	-0.44498253
2.07399153	4.82892886
2.25527244	3.38725926
-2.62537524	5.476334
2.53736471	0.34940822
-3.35987998	-2.16126835
2.6125148	-1.16220566
-2.74081642	4.19251993
-3.18358731	-0.33379232
-3.02387171	1.27476272
1.90097234	6.23304821
2.09600516	4.93983116
2.26968871	3.55324461
2.55947357	0.54095065
-2.65113954	5.62985566
-3.32803629	-2.09484474
2.63895778	-1.06437973
-2.78881692	4.36196998
-3.06626179	1.38744444
1.97143973	6.41815332
-3.17631827	-0.16944641
2.06810705	5.04949225
2.23114973	3.68208905
2.51725832	0.6733272
-3.32530343	-1.92764833
-2.60980325	5.79359999
2.67526302	-0.93844074
-2.75018445	4.53099329
-3.07856819	1.51288128
1.98350089	6.51801571
-3.19690096	-0.0475387
2.04952858	5.27263264
2.2333866	3.7672653
-2.63439756	5.90724559
2.50439111	0.80334249
-3.32354004	-1.75793475
-2.74563566	4.64699017
2.61037289	-0.73490488
-3.0937004	1.67155349
1.91231177	6.63262757
-3.18142061	0.08700064
2.1036132	5.41279091
2.26862494	3.91201084
-2.59939385	6.12172918
2.50005528	0.93125644
-3.33600682	-1.58407363
2.66587703	-0.6593443
-2.80324283	4.84044475
-3.03919178	1.84175223
1.95027911	6.82339592
-3.22176346	0.19978906
2.08763744	5.54101178
2.25209972	4.05148032
2.53750808	1.10470721
-3.36214084	-1.4775877
-2.59904278	6.24440614
2.64168062	-0.522615
-2.76441847	4.96780101
-3.02725499	1.98772532
1.93132516	6.93479596
-3.17159002	0.37192811
2.07887621	5.63546846
-3.35929803	-1.35889198
2.22169326	4.27561873
-2.61251797	6.37144968
2.54920338	1.21177007
2.69453143	-0.37539694
-2.73573474	5.04567806
-3.02252296	2.09228176
1.96722995	7.08940172
-3.19425777	0.528748
2.09360948	5.76097505
2.20946994	4.38731867
2.51987158	1.40438364
-3.35611521	-1.23766075
2.76412974	-2.05995035
2.68234255	-0.23207858
-2.80928319	5.27860543
-3.20888917	0.67717085
2.12701413	5.95953348
2.23591898	4.4969366
2.47500105	1.49927179
-3.30209525	-1.03916652
2.8225159	-1.88577911
2.61778613	-0.01552721
-2.72787342	5.36120105
-3.19411113	0.77032013
2.12449853	6.09368365
2.24483577	4.63961626
2.52089323	1.67038449
-3.33037987	-0.87788212
2.84240284	-1.74793384
2.4088462	3.23936249
2.63491697	0.04722396
-2.7752643	5.55662658
-3.20740354	0.94050161
2.12720418	6.22961909
2.23538069	4.8426449
-2.91574987	4.10284519
-3.33567441	-0.80866149
2.83254654	-1.59373616
-3.48860793	-2.48476897
2.39848062	3.41405603
2.63217537	0.26005936
-2.80408505	5.67099884
-3.21306835	1.10476187
2.07584243	6.34326062
2.25133333	4.95432329
-3.38681921	-0.62735762
-2.91934217	4.21767551
2.76332809	-1.47664669
-3.51512966	-2.35261052
2.3838564	3.52359939
2.62540883	0.37101821
-2.77432555	5.81347245
-3.15902765	1.21978573
2.04036019	6.47891924
2.24195596	5.05611595
-3.38676811	-0.44842473
-2.93981277	4.38842549
2.83764224	-1.35444115
2.38721665	3.66863243
-3.49989895	-2.23396316
2.6391997	0.51362321
-2.7238529	5.97163259
-3.20413189	1.37942094
2.07779433	6.64120265
-3.32087815	-0.38880459
2.21913136	5.27846297
-2.94738693	4.54638496
2.81608354	-1.2369302
-3.49690901	-2.09410073
2.33800948	3.84707515
2.63637637	0.63313652
-2.76881588	6.1278568
-3.16235734	1.53952009
2.06528346	6.83459007
2.19302439	5.4000179
-2.95609626	4.6100162
-3.31390875	-0.2020376
2.77521244	-1.04590107
-3.49735912	-1.90170071
2.3734911	3.96605123
2.63460526	0.8151645
-3.18331787	1.63621372
2.09310832	6.92984226
2.21667493	5.50854652
-3.30664592	-0.04461604
-2.92037874	4.80995016
2.83498763	-0.91296146
2.3399698	4.04707289
-3.52212658	-1.80001226
2.69874422	0.98537165
-3.15024928	1.84191591
2.2704499	5.66441448
-3.30398045	0.0507754
-2.90212084	4.9342701
2.82015685	-0.74626721
-3.50167365	-1.59017236
2.33528887	4.26149836
2.6812719	1.08369375
-3.17727324	1.98060504
2.26900537	5.81566328
-2.94950363	5.05000321
-3.36090731	0.19925598
2.80469984	-0.63214549
-3.44818173	-1.44466279
2.36646441	4.38154765
2.63386909	1.23147791
-3.18468374	2.05727081
2.22466203	5.97566035
-3.38129051	0.41973729
-2.90908196	5.26543829
2.81582018	-0.51604963
-3.46822551	-1.32546292
2.39697466	4.4995074
2.68569251	1.36753709
2.93171688	-2.20550019
-3.20816011	2.19275592
2.19089752	6.10628238
-3.35255601	0.52118681
-2.91466859	5.36849449
2.77492457	-0.35372177
2.3701568	4.61582706
-3.48857192	-1.16088153
2.64802345	1.50572881
2.92110128	-2.03679249
-3.31200877	0.65738902
2.25314732	6.19869541
-2.9256807	5.53689268
2.7883166	-0.18927964
-3.4790692	-1.01862756
2.4164379	4.84627304
2.659476	1.65440199
2.97633391	-1.95615537
2.19427428	6.34397005
-2.92904596	5.69346903
-3.30355105	0.79339394
2.8263132	-0.09106278
-3.51488598	-0.93429925
2.36989735	4.96904653
2.6311596	1.77509278
2.93147972	-1.76378741
2.26771739	6.4834626
-3.6223835	-2.66481112
2.50253601	3.5146574
-3.34955441	0.90309727
-2.93886617	5.77477936
2.81673048	0.11118363
2.39274132	5.0985548
-3.51714679	-0.78719998
2.91930129	-1.65155064
2.20765781	6.62256998
2.51492916	3.63177272
-3.61257794	-2.45036246
-3.31469061	1.07577346
2.79535639	0.2780398
-3.47911477	-0.58762737
2.38724704	5.22723978
2.92169677	-1.45633192
-3.61498981	-2.35337212
2.26595307	6.79129295
2.47143913	3.79450375
-3.30817443	1.26388709
2.84916027	0.3673147
-3.50817779	-0.455881
2.39086662	5.37138187
2.91327486	-1.37945529
-3.6665935	-2.15408759
2.5252673	3.92644076
-3.37038055	1.3343118
2.77520476	0.55187274
-3.48105738	-0.38480507
2.33067331	5.52122092
2.91607275	-1.16209974
2.55083285	4.06008637
-3.64326366	-2.03765438
-3.33914366	1.51727498
2.83981119	0.68701512
2.3864006	5.65577678
-3.50746844	-0.16218465
-3.02936233	4.9494472
2.97457659	-1.04309568
-3.61293693	-1.95690262
-3.32129387	1.64622496
2.55269166	4.25494659
2.82436164	0.76186086
-3.51892804	-0.03737666
2.39642582	5.80060129
2.92357192	-0.8832613
2.50669532	4.39749522
-3.5986122	-1.76287994
-3.37948888	1.79693685
2.8079015	0.92513526
-3.49785794	0.11537421
2.34169221	5.9558981
2.91585335	-0.72482755
-3.59508826	-1.61364161
2.47668224	4.48995645
-3.38114723	1.95954902
2.80586427	1.12967004
2.41549118	6.0421546
-3.46758755	0.23413675
2.92312541	-0.59060298
2.47034233	4.63011711
-3.61701553	-1.48144704
-3.38485489	2.06865727
2.76774053	1.27649907
-3.50088915	0.35077681
2.40305231	6.1917697
3.09287035	-2.30343638
2.93900149	-0.46211804
-3.64561639	-1.30069773
2.47207822	4.76908275
-3.3672024	2.23426384
2.76259642	1.35601278
-3.5057593	0.51140851
2.33476748	6.41353422
2.90058674	-0.31666829
3.07548928	-2.17796517
-3.6634362	-1.15282706
2.48936118	4.91283326
-3.32071999	2.37488814
2.78570688	1.54683913
-3.50088738	0.68336818
2.33411525	6.49729056
3.04893813	-2.06400889
2.90077185	-0.23723453
2.51119709	5.12548185
-3.65481907	-1.08981592
2.77444701	1.6204839
2.33614069	6.63365983
-3.50576695	0.81983063
3.09445949	-1.9139449
2.94625543	-0.07814005
-3.63009935	-0.94979999
2.55856309	5.27049002
2.78767097	1.78932335
-3.51214789	0.91997213
2.98032118	0.10573938
3.1070728	-1.73468558
2.5571476	5.39099291
-3.58272756	-0.79293764
2.84199888	1.95394582
-3.45256531	1.10989349
-3.74985744	-2.66166155
2.69805928	3.79681621
3.04309477	-1.60270529
2.97904484	0.22677862
-3.61371277	-0.63207675
2.51630539	5.55606964
-3.77305155	-2.50897308
-3.46219472	1.24049911
2.6850517	3.9139717
3.12927854	-1.49559606
2.93337899	0.41289494
2.54089646	5.69886875
-3.62524022	-0.45810328
-3.79166596	-2.32805573
-3.47110598	1.40126914
2.66317004	4.11017945
3.04917349	-1.38218224
2.97939298	0.54242075
-3.65503825	-0.32374819
2.55432926	5.76272124
-3.52136546	1.53444043
-3.74477679	-2.23177523
2.66265608	4.25775291
2.94662563	0.66022472
3.06926034	-1.16245807
-3.66404873	-0.20900979
2.47189295	5.91940219
-3.46574358	1.61313913
-3.78388033	-2.07604385
2.61508634	4.41221327
3.0971056	-1.03653784
2.91954749	0.784883
2.50787641	6.06670679
-3.59469143	-0.06253807
-3.74720729	-1.94067741
-3.48963941	1.81487089
2.68850233	4.52323242
3.04597356	-0.95991938
2.90329642	0.98088774
-3.6381039	0.08743857
2.54444366	6.23638204
-3.50113799	1.9620117
-3.72667074	-1.76141335
2.61136485	4.64039467
2.97476585	1.09016094
3.09285337	-0.80400814
-3.60276303	0.2260792
2.51402931	6.33524326
-3.47019366	2.05288755
-3.75934459	-1.63714451
2.69862918	4.83472071
3.04710248	-0.62069948
2.94045685	1.25835979
-3.63659837	0.35905045
-3.77172127	-1.4651159
-3.47686949	2.1997225
2.66121457	4.9615646
3.09228473	-0.51589968
2.94940068	1.41610734
-3.61996549	0.49788621
3.24793991	-2.50146985
-3.76386996	-1.30657674
-3.50783579	2.35172709
2.68840928	5.04421577
3.04085941	-0.38220502
2.90815331	1.47771408
-3.61866514	0.62724151
3.19102485	-2.32510758
-3.72957551	-1.2377907
2.6946336	5.23425936
2.92452919	1.6980491
3.0780411	-0.22087454
-3.63056661	0.83367327
3.24394922	-2.2133373
-3.79562047	-1.07670686
2.66268314	5.40033218
3.10504602	-0.03053368
2.91463796	1.8205277
-3.583221	0.9011743
3.27456888	-2.08284706
-3.77731615	-0.93947484
2.6391316	5.49478698
3.12701855	0.04669406
2.95355123	1.96764541
-3.5848624	1.04072233
3.27556145	-1.87533686
-3.75527496	-0.77900408
2.66270084	5.63025996
2.95915939	2.04949847
3.08806953	0.20767841
-3.63701872	1.19156679
3.21419352	-1.72613697
-3.90149446	-2.79651502
-3.73268091	-0.59365172
2.66708896	5.84781482
3.12811405	0.38403072
-3.61241026	1.39113712
2.76483852	4.05333664
3.19331646	-1.63182559
-3.90556028	-2.58530921
-3.72073796	-0.50904387
2.6640889	5.92147509
3.1069112	0.48432046
-3.65848584	1.52361749
3.23566859	-1.45232447
-3.88385717	-2.52168503
2.80509669	4.21387899
-3.79412049	-0.38613186
2.68360883	6.09399759
3.04676397	0.67078375
-3.66533607	1.67960129
3.21487666	-1.38556038
2.80456824	4.35999735
-3.90611222	-2.37850452
-3.73270759	-0.20253826
3.11555798	0.78908206
-3.59364437	1.84903045
2.82080187	4.50837607
3.20711924	-1.23106879
-3.879791	-2.17340448
-3.80400154	-0.06250198
3.08508568	0.9740017
-3.58025579	1.91505424
2.84600973	4.6591552
3.23594045	-1.04442008
-3.90823531	-2.02421609
-3.72348275	0.096329
3.09993459	1.0767661
-3.63051937	2.08698065
3.21795057	-0.8973023
-3.91194061	-1.88741782
2.80865805	4.76579567
-3.75824744	0.23153374
3.06124467	1.23249516
-3.60729862	2.22067685
2.84559435	4.97889322
3.23694775	-0.78896849
-3.87938217	-1.80721246
-3.75543818	0.35338274
3.09741131	1.39459808
-3.62214096	2.34004332
2.7813309	5.12488851
3.24345393	-0.65253805
-3.87421976	-1.66077554
-3.7488205	0.52216102
3.05589341	1.54516806
-3.58709009	2.52447929
3.22096463	-0.47634854
-3.93789396	-1.50273357
2.84834682	5.24701934
-3.78564722	0.65889247
3.37325409	-2.4682728
3.11519481	1.66184354
3.24484241	-0.38312625
2.81818513	5.34632887
-3.94132459	-1.31644998
3.41613625	-2.37990531
-3.7424554	0.84211459
3.0910693	1.84088674
2.77564612	5.51158089
3.20036617	-0.19225321
-3.89148647	-1.2011746
-3.77593531	0.98667186
3.37692499	-2.17493834
3.05162506	1.92896668
2.83263248	5.6273289
3.21461712	-0.05934296
-3.95104396	-1.08987559
-3.79339834	1.07763687
3.37542756	-2.03275212
3.05187094	2.06301535
3.21322388	0.0993976
-3.95647097	-0.88016154
2.79921077	5.83792744
3.41425309	-1.91620458
-3.75992106	1.22038557
3.05227796	2.26522799
3.24108701	0.21068211
-3.9017837	-0.77225539
-3.78018666	1.41296103
3.3863881	-1.72145893
-4.04419468	-2.78260543
3.19277497	0.33280884
-3.92621902	-0.60228259
-3.77525004	1.52477767
3.37979563	-1.66930006
-4.01861679	-2.59255181
3.21216321	0.54404637
-3.95999206	-0.52791251
-3.77045371	1.67277233
3.34585665	-1.50905863
-4.01155432	-2.51938295
3.25098789	0.66692124
-3.95134975	-0.31090594
3.40330648	-1.30933211
-3.73591847	1.82210791
-4.01398602	-2.30372994
3.27455622	0.82399756
-3.94965121	-0.20332855
-3.8019514	1.92068338
3.38636545	-1.18451022
-4.09267847	-2.18826897
3.27392081	0.94124012
-3.8748614	-0.09876479
-3.79872387	2.04591609
3.41264236	-1.04722657
-4.05480807	-2.02977932
2.90401943	4.94966475
3.27673559	1.06206111
-3.92568866	0.09097643
3.37727063	-0.88431801
-3.74092851	2.27870107
-4.09125167	-1.93612449
3.25689637	1.21198842
-3.91697833	0.20167077
-3.74450011	2.34766554
3.41896215	-0.75560456
-4.08263726	-1.7342723
3.2478944	1.33131037
-3.87326509	0.39206759
-3.79156106	2.54153234
3.39313019	-0.66023044
-4.08887421	-1.59691115
3.47865254	-2.61969621
3.26755558	1.5015934
-3.927319	0.54714128
3.37978083	-0.48253119
-4.05228658	-1.4483309
3.51887457	-2.46979379
3.25578795	1.64781962
-3.93850795	0.66424094
3.34456817	-0.33805931
-4.06146396	-1.37216056
3.55780264	-2.3237888
3.25800657	1.7798408
-3.89305346	0.81083494
3.37844899	-0.16426889
-4.06522577	-1.2140445
3.53721982	-2.17047914
3.19592505	1.94744177
-3.91556831	0.90722972
3.36525051	-0.06692883
-4.01216812	-1.03221931
3.51956468	-2.07324887
3.25118213	2.09391555
-3.90585931	1.11425373
3.33137234	0.11979584
-4.07695868	-0.90734511
3.48822153	-1.89574043
3.2789227	2.25662538
-3.93165408	1.20683925
3.34040132	0.25747801
-4.15005635	-2.91070754
-4.0880067	-0.77882687
3.52783708	-1.74935625
3.25866664	2.37459212
-3.95748348	1.34221084
3.35023836	0.36063997
-4.18505995	-2.78350323
-4.04103307	-0.58885616
3.53903774	-1.63373676
-3.94060042	1.53750753
3.39586024	0.55446159
-4.19434572	-2.62562725
-4.05749984	-0.46608927
3.4815103	-1.4913451
-3.94392609	1.67168473
3.344023	0.65639865
-4.19920108	-2.46601531
-4.04285752	-0.37008558
3.47670098	-1.35884937
-3.90776181	1.81727143
3.35264122	0.81797753
-4.23960149	-2.36663557
-4.09378027	-0.22072679
3.54740301	-1.23972621
-3.928456	1.92126095
3.40740409	0.93067912
-4.22235276	-2.19053917
-4.03565902	-0.01052514
3.5561927	-1.06008197
-3.87920723	2.05953685
3.35086767	1.06480332
-4.1672625	-2.04175743
-4.0868595	0.10253677
3.52647899	-0.94801986
-3.89552422	2.27946309
3.38774759	1.23490088
-4.18889631	-1.93146468
-4.06320731	0.25848662
3.50457147	-0.75170026
-3.91806419	2.38933168
3.36234323	1.41467587
-4.21569484	-1.74564437
-4.0635498	0.34243329
3.50211639	-0.58195537
-3.95102838	2.52301185
3.34486329	1.54148278
-4.20420836	-1.60628103
-4.02703703	0.54182943
3.48929069	-0.49047523
-3.90694319	2.69578092
3.65314689	-2.62518556
3.33803495	1.68457277
-4.15128462	-1.51738399
-4.07441463	0.65976775
3.49496122	-0.33538167
3.63017719	-2.46584811
3.39378495	1.79928409
-4.1578889	-1.3661793
-4.05978015	0.80413613
3.53160728	-0.2132009
3.68867012	-2.38869823
3.34352592	1.98430252
-4.19499635	-1.1870801
-4.08272705	0.94870845
3.52465052	-0.01627506
3.62677189	-2.19338312
3.40309726	2.12223971
-4.23038751	-1.02879155
-4.02976921	1.05216811
3.48858109	0.12104726
3.63402251	-2.04268336
3.36269821	2.25095599
-4.19550543	-0.9088847
-4.03520312	1.2075681
3.48047739	0.26609801
3.61230851	-1.95040966
3.36800223	2.40647728
-4.21395599	-0.80039326
-4.0407531	1.33605796
3.52797056	0.35612872
3.66551331	-1.77324616
-4.21586514	-0.60610442
-4.05785978	1.52006978
3.50136442	0.54283712
-4.35823015	-2.95999268
3.6133466	-1.66008396
-4.18554434	-0.44547241
-4.08839514	1.6977604
3.50844341	0.6632574
-4.37251424	-2.74121681
3.62376808	-1.51703667
-4.22002703	-0.3827369
-4.03778083	1.78527483
3.48902321	0.79918632
-4.31044543	-2.59799263
3.66663824	-1.35380512
-4.18994505	-0.16065465
-4.09153268	1.98363078
3.52830222	0.94867967
-4.34026117	-2.46654975
3.67883536	-1.22191536
-4.17137331	-0.09047269
-4.04298546	2.0824705
3.51786187	1.1217609
-4.30639851	-2.34628
3.67675766	-1.08548921
-4.23599516	0.12103213
-4.06974196	2.24763122
3.54765924	1.23460385
-4.38008282	-2.19180324
3.69017554	-0.95396163
-4.2210207	0.27945739
-4.0276496	2.38262175
3.51490977	1.41945655
-4.31595925	-2.03525195
3.61005976	-0.76199208
-4.23560704	0.3936076
-4.06397656	2.54839781
3.50788113	1.47844901
-4.37525394	-1.94886059
3.66015459	-0.66355647
-4.21754385	0.53228411
-4.08152368	2.62381255
3.5545217	1.61158535
-4.30331673	-1.788387
3.68306321	-0.52537922
-4.21424946	0.68332384
3.4952753	1.81920244
-4.37828102	-1.61118626
3.65616998	-0.32990586
3.77387201	-2.72940025
-4.18451227	0.78143019
3.51644482	1.942169
-4.35365593	-1.51900869
3.78791211	-2.62225843
3.62142021	-0.18772281
-4.15000522	0.90380863
3.48429978	2.06797616
-4.35565671	-1.38785384
3.83298249	-2.49210526
3.66355052	-0.04707026
-4.18219663	1.06992216
3.48314749	2.19128637
3.80696684	-2.33065785
-4.31400915	-1.19211502
3.62646368	0.07740001
-4.22147506	1.25725429
3.5236091	2.3837533
-4.30018823	-1.08021291
3.805071	-2.21698054
3.69617964	0.24087707
-4.17297847	1.41395205
3.49600871	2.49110811
-4.36901953	-0.89003911
3.81815886	-2.01775199
3.69181968	0.36552008
-4.17026864	1.51033319
3.77605323	-1.87457071
-4.37365682	-0.75047115
3.66084084	0.48055083
-4.16885849	1.69166152
-4.3081303	-0.63505963
3.6234342	0.68890973
3.83279264	-1.77904735
-4.5138059	-2.92525459
-4.21859015	1.79439352
-4.34453526	-0.45020218
3.77826891	-1.62424587
3.6778209	0.80833502
-4.44395434	-2.73188498
-4.19412744	1.95113882
-4.33114728	-0.32991157
3.79138731	-1.48511007
3.64674266	0.98965903
-4.45170129	-2.58690679
-4.1652043	2.10511699
3.82058669	-1.37725572
-4.3405244	-0.20892643
3.61602896	1.12327265
-4.47759528	-2.47594776
-4.21173978	2.2550106
-4.34171078	-0.01321769
3.76208245	-1.20190428
3.69867289	1.19377896
-4.46812775	-2.3525192
-4.23547579	2.35144875
-4.30545816	0.08236778
3.76855322	-1.0649601
3.64720831	1.4197605
-4.49155702	-2.20066154
-4.16439767	2.55727897
3.8359802	-0.91158376
-4.33415529	0.22285718
3.65586928	1.50287551
-4.52411249	-2.08078739
-4.23824665	2.61810384
-4.34650456	0.3553081
3.61372494	1.67447814
3.79733715	-0.72369401
-4.51264682	-1.93564824
-4.19896788	2.81950239
-4.31916749	0.5237653
3.79059848	-0.65090783
3.61888585	1.76479
-4.4700569	-1.80479606
-4.33529748	0.69957693
3.77000681	-0.44009349
3.67845657	1.98894563
-4.49673008	-1.646788
3.91678595	-2.78184363
3.7916377	-0.37282172
-4.31361055	0.79025773
3.67967342	2.1099135
-4.525846	-1.50968612
3.93206699	-2.62081866
-4.31596869	0.93298593
3.80117575	-0.17522574
3.69489054	2.23756901
-4.5185004	-1.38959829
3.97227976	-2.49018057
-4.38587982	1.10551776
3.84917376	-0.08064075
3.64805402	2.41553338
-4.50798333	-1.18202715
3.9379457	-2.36175153
3.84882196	0.06506799
-4.34657108	1.25389889
3.65969717	2.48171537
-4.49703723	-1.02247236
3.97637536	-2.22012728
-4.36516276	1.3918408
3.8447075	0.2232087
-4.47687075	-0.94652072
3.96653177	-2.09759738
-4.34209025	1.5165671
3.79660623	0.34388318
-4.48460978	-0.74978729
3.94113162	-1.93827863
-4.35501188	1.61277512
3.80193367	0.54659501
-4.49310021	-0.61335504
3.90218792	-1.73343282
-4.60003671	-2.95854371
3.7888012	0.62129978
-4.35514632	1.82451854
-4.45218499	-0.49723521
3.93703224	-1.65399938
-4.66653793	-2.79482764
-4.34687661	1.98711223
3.78919789	0.77284339
-4.48537242	-0.3380225
3.95924967	-1.44904922
-4.63476839	-2.58446705
-4.37607947	2.0472358
3.76600361	0.95505623
-4.4935965	-0.20123953
3.96554217	-1.35149116
-4.62978397	-2.44913612
3.8249397	1.07435518
-4.38945874	2.25971719
-4.47176702	-0.06996733
3.9887381	-1.18190768
-4.65238416	-2.36348888
-4.38070139	2.36617781
3.77719993	1.21949684
-4.47780448	0.09118946
3.9284539	-1.04162962
-4.65735081	-2.18099986
-4.3654894	2.49389642
3.79607547	1.41010689
-4.50020738	0.22317907
3.98395603	-0.93525814
-4.65357071	-2.09277879
-4.37505501	2.68695436
3.77252918	1.52489877
-4.51365378	0.3876495
3.97060018	-0.73191858
-4.62382082	-1.87101396
3.83445788	1.69338661
-4.38251932	2.80380286
-4.49292194	0.53313346
3.91810989	-0.60106008
-4.64285424	-1.77281715
3.84084092	1.82985167
-4.44292007	0.68858769
4.11084874	-2.91430028
3.97110767	-0.452909
-4.61045032	-1.6100396
3.80870154	1.98972555
-4.50440938	0.8310168
4.06048305	-2.76161002
3.93246083	-0.37684209
-4.62007484	-1.51085462
3.82811324	2.1191008
-4.44354154	0.98979022
4.07976497	-2.60686007
3.97811263	-0.16983336
-4.61609159	-1.38642514
3.76532113	2.24316178
-4.49453979	1.11043267
4.07139745	-2.49597381
3.94860167	-0.06888448
-4.6258471	-1.21806504
3.80202443	2.34157345
-4.49393886	1.21777975
4.04969351	-2.37660915
3.93056274	0.1111267
-4.61841729	-1.02369454
3.80900725	2.4749102
-4.48215759	1.38640188
4.10574152	-2.21536789
3.92775936	0.25751671
-4.60184587	-0.94084664
3.76736841	2.62553909
-4.499301	1.47924127
4.06852833	-2.05028722
3.94171694	0.34122473
-4.62671447	-0.73455006
-4.48840372	1.6627581
4.12319436	-1.94038744
3.97134748	0.52322549
-4.66697723	-0.6174491
-4.44058699	1.82217268
4.0456514	-1.76702148
3.93778995	0.61118019
-4.58322497	-0.49979478
-4.77962215	-2.92194134
-4.48929425	1.94316186
4.05764426	-1.58330678
3.94043912	0.8287298
-4.59695744	-0.33882857
-4.72760717	-2.74938966
-4.48295995	2.07390317
4.04360818	-1.50917347
3.98941897	0.94345809
-4.59576774	-0.15645811
-4.73549351	-2.60528011
-4.45908678	2.20312089
4.11513143	-1.3266721
3.91383977	1.09433786
-4.61842525	-0.06013625
-4.74417573	-2.49423912
-4.45459377	2.37871006
4.08063155	-1.18844537
3.95462148	1.23085814
-4.65586014	0.12465272
-4.7592569	-2.36287216
-4.52647591	2.55589559
4.05643587	-1.07651517
3.9749665	1.40241861
-4.6582177	0.25376506
-4.74685673	-2.17806704
-4.49933811	2.61155922
4.09634714	-0.92562477
3.93380746	1.55340235
-4.59924751	0.36339262
-4.74577008	-2.05297381
-4.49361239	2.76078204
4.05212786	-0.72600789
3.91373634	1.65901794
-4.66929145	0.54839929
-4.76350156	-1.93455027
4.0414557	-0.66744843
3.9594155	1.81464878
-4.63578249	0.63704125
-4.76483463	-1.75098708
4.09403855	-0.45824282
3.90983685	1.91641804
-4.66899688	0.80312308
-4.74041094	-1.6136188
4.10298088	-0.35444855
3.96192328	2.06205409
-4.6191402	0.95661029
-4.74786055	-1.50262162
4.2181426	-2.90673805
4.08472634	-0.1695023
3.91670842	2.24549677
-4.5845401	1.05053808
-4.73250755	-1.34475487
4.26231475	-2.736182
4.11468354	-0.04980193
3.93095285	2.37765741
-4.61194675	1.19037087
-4.78914645	-1.22825225
4.19638179	-2.59392408
4.09200097	0.12716277
3.92138566	2.52796438
-4.63862007	1.35627781
-4.75709528	-1.02329313
4.24242712	-2.51686045
4.07766699	0.23888443
3.97743702	2.68484644
-4.62468173	1.47870058
-4.76926147	-0.92373599
4.24469723	-2.3879658
4.06113043	0.34746085
-4.62219194	1.69098955
-4.78754587	-0.76610284
4.24264532	-2.18492621
4.05673788	0.54834701
-4.6463832	1.82688645
-4.73752876	-0.60134446
4.26097676	-2.0886298
4.11330163	0.65523882
-4.6126099	1.94779537
-4.7368436	-0.49161277
4.20616651	-1.95305313
4.04538398	0.84376165
-4.65100903	2.08908459
-4.7229601	-0.38306408
4.26416429	-1.7425183
4.06995664	0.9199172
-4.65332203	2.19894645
-4.7941409	-0.16622763
-4.92058625	-2.89289756
4.22619378	-1.63976118
4.09836447	1.05131648
-4.59054292	2.37986276
-4.7732939	-0.03823453
4.21694067	-1.47801071
-4.87589697	-2.74437349
4.10061381	1.19846132
-4.61832125	2.4817433
-4.79292303	0.06865394
4.19019763	-1.35744498
-4.89077743	-2.64089553
4.07524146	1.38676836
-4.5982028	2.66626235
-4.7310641	0.26598752
-4.89219395	-2.4906543
4.21010007	-1.22739951
4.12764905	1.48962082
-4.64422151	2.81890864
-4.80131011	0.3521174
-4.93780754	-2.34495247
4.24019205	-1.06918452
4.09557236	1.68551822
-4.72676437	0.53029693
4.27090092	-0.95582404
-4.90336542	-2.20111118
4.08247274	1.81063804
-4.75479831	0.63875129
-4.8945119	-2.07048652
4.2530494	-0.75967677
4.09311347	1.94045202
-4.77418101	0.76591815
-4.94371651	-1.92680049
4.26903994	-0.6352671
4.09325413	2.09042951
-4.72995869	0.91274247
4.24360021	-0.5044757
-4.94805967	-1.72885446
4.10321294	2.26787897
-4.78878128	1.10493601
4.23056021	-0.34202305
-4.93944959	-1.64421692
4.36822144	-2.90444244
4.07537827	2.36422107
-4.75821134	1.26588795
-4.94649666	-1.47035911
4.23333115	-0.21286958
4.35144567	-2.79443375
4.07272444	2.49220789
-4.7781375	1.39396275
-4.93929851	-1.37341327
4.21476871	-0.03916143
4.39770868	-2.59950826
4.07201539	2.68774384
-4.80488059	1.5533325
4.21922377	0.07923139
-4.91034926	-1.22093382
4.35073138	-2.51756052
4.04428012	2.79038096
-4.80122451	1.63281211
-4.91251003	-1.08184784
4.21498509	0.19409364
4.34219981	-2.33404303
-4.75796931	1.84397518
-4.94533263	-0.88791607
4.23196843	0.33540211
4.33700477	-2.17385321
-4.72898874	1.9498651
4.22301954	0.50953909
-4.92435766	-0.74306648
4.34611051	-2.01431567
-4.78345751	2.08300893
4.27409268	0.69854343
-4.93922427	-0.6243213
4.37660081	-1.88393964
-4.7522716	2.20193795
-4.94535406	-0.50158
4.26530388	0.8445402
4.33624126	-1.7919135
-5.05967453	-3.0865269
-4.72089762	2.38371116
-4.93671039	-0.34716158
4.20750592	0.97803782
4.40470089	-1.6486573
-5.06445003	-2.89885879
-4.79594266	2.53061999
4.27572044	1.04428299
-4.91666613	-0.20926827
4.40762612	-1.45526092
-5.04001209	-2.76766057
-4.75163701	2.62016224
-4.87861197	-0.04178228
4.20884353	1.23018425
4.34725622	-1.32161865
-5.03104517	-2.63040987
-4.77071983	2.84494444
-4.88511434	0.10977588
4.21641886	1.33587716
4.33574677	-1.23763974
-5.01228717	-2.52642164
4.23748803	1.52203227
-4.95748612	0.22249475
4.41968943	-1.03801637
-5.03604794	-2.32326406
4.27753322	1.65017587
-4.89149297	0.37988803
4.39263793	-0.95646743
-5.0952973	-2.16582738
-4.90033317	0.50321984
4.2646753	1.81273707
4.39842301	-0.74139415
-5.07096406	-2.07382886
-4.95865797	0.62423597
4.26109018	1.9281321
4.36230494	-0.62774025
-5.02237749	-1.87855799
4.19811633	2.1261922
-4.9286007	0.78179553
4.35440095	-0.49920527
-5.08325192	-1.7890678
-4.94196055	0.94711912
4.22779775	2.27467062
4.39631037	-0.37316495
-5.04341454	-1.60444311
4.4906489	-2.91638591
-4.90640895	1.09201145
4.27684975	2.36806597
4.36338412	-0.22497456
-5.0329365	-1.50266858
4.52634068	-2.72842442
4.21647225	2.51025632
-4.9038895	1.2576029
4.33249875	-0.05547293
-5.01383239	-1.32619922
4.52594005	-2.64823468
4.23516093	2.6167453
-4.9512977	1.35653761
4.34190035	0.12102432
-5.03647256	-1.19773267
4.50658454	-2.52013219
-4.90816902	1.49289999
4.26836123	2.84121443
4.4003661	0.26476668
-5.06909799	-1.01480539
4.55838167	-2.35203247
-4.92075236	1.6633891
4.37173918	0.34062967
-5.03854074	-0.93113947
4.47039303	-2.20237858
-4.90455789	1.76137681
4.40472041	0.55877117
-5.02156157	-0.77875977
4.48397026	-2.08962351
-4.95425994	1.98703743
4.36035061	0.65448089
-5.05687283	-0.6665976
4.5472943	-1.8941559
-4.87257346	2.06360356
4.41933962	0.77919687
-5.07280408	-0.4509711
4.55882465	-1.75719013
-4.9359518	2.23718976
4.33538298	0.96104476
-5.09220771	-0.36308766
4.54324899	-1.63046269
-4.89507943	2.37153117
4.38424558	1.04476617
-5.15874512	-2.91865931
-5.02776958	-0.21805712
4.50763812	-1.4926753
-4.87575677	2.53109455
4.41625036	1.20435293
-5.20787532	-2.76873469
-5.0348883	-0.01943058
4.4967166	-1.38001503
-4.93971371	2.61264066
4.38821257	1.3619834
-5.18500929	-2.65249509
-5.0587944	0.08303957
4.54983945	-1.23838506
-4.93540094	2.79568002
4.40079557	1.55553556
-5.22590433	-2.4468728
-5.04928117	0.20713514
4.55751604	-1.09222178
4.40350314	1.69442902
-5.22391754	-2.37156481
-5.03780499	0.41945223
4.47417463	-0.93276753
4.40389791	1.79790187
-5.20436574	-2.21140045
-5.0662801	0.53685177
4.48940698	-0.79709058
4.39131787	1.98991359
-5.22703258	-2.05801242
-5.02554317	0.656797
4.50272052	-0.60094587
4.40629455	2.07831871
-5.20270502	-1.92211745
-5.02612454	0.78279959
4.55727361	-0.51666119
4.3510836	2.27978607
-5.16982914	-1.7216534
-5.08392599	0.9783439
4.50676292	-0.38948084
4.38674594	2.37123718
-5.16573357	-1.60809996
-5.03628498	1.06789776
4.49081325	-0.17171753
4.67921174	-2.90899854
4.41866185	2.49120334
-5.22743969	-1.49110575
-5.06684088	1.26408125
4.53549239	-0.02784997
4.68144462	-2.75795736
4.34052429	2.63568679
-5.15868101	-1.3573171
-5.07418042	1.36120626
4.49721176	0.10407724
4.6890922	-2.62496465
4.36118303	2.78972185
-5.23867968	-1.20754414
-5.07374067	1.51546733
4.55282397	0.21386016
4.68297492	-2.4418425
-5.20375414	-1.06713484
-5.01577138	1.66913597
4.50640484	0.39660848
4.61810743	-2.34507097
-5.17329623	-0.91000576
-5.02197257	1.83425929
4.52776407	0.5015987
4.63217935	-2.2253299
-5.16932231	-0.76478614
-5.09133233	1.91093925
4.48280624	0.62728803
4.66297201	-2.04788213
-5.17958227	-0.61525252
-5.05688409	2.07848617
4.54291197	0.785525
4.63816929	-1.95174393
-5.17680955	-0.48122743
-5.0542523	2.24148636
4.49628843	0.9735277
4.69930082	-1.75428408
-5.2078023	-0.36427849
-5.02847094	2.38094214
4.47565095	1.10263323
4.66423844	-1.63466863
-5.17947685	-0.1732334
-5.06376546	2.49102285
4.48404768	1.26331747
4.63678794	-1.51859192
-5.21703391	-0.07362044
-5.06862118	2.67876933
4.53764843	1.36584295
4.6113124	-1.30406524
-5.31279038	-2.87684025
-5.23286746	0.06687368
-5.02008791	2.81563771
4.48055685	1.53424452
4.68759085	-1.22122524
-5.34118856	-2.73375149
-5.17826585	0.19536003
-5.0703772	2.90910993
4.53821783	1.66015165
4.68964067	-1.025453
-5.3376664	-2.65922966
-5.23243139	0.3568854
4.54188029	1.77846263
4.68249206	-0.90584135
-5.34048159	-2.52273539
-5.17849871	0.51094566
4.47764021	1.98283766
4.64298652	-0.7249873
-5.32630498	-2.36237534
-5.18345824	0.61803725
4.52137621	2.10617558
4.64169651	-0.66568197
-5.38430034	-2.22298174
-5.19834161	0.76951098
4.54198987	2.20671321
4.64421562	-0.45843454
-5.36102668	-2.03689461
-5.18359427	0.92954498
4.49788055	2.36933216
4.68457417	-0.30843109
-5.31427574	-1.90531586
-5.15538834	1.10097037
4.47106412	2.50151412
4.63732011	-0.22431412
-5.3201943	-1.73424995
-5.18014412	1.24704846
4.51533592	2.65184086
4.69614351	-0.02834696
-5.34307585	-1.60865306
-5.1933979	1.38563445
4.54385943	2.84481162
4.67662864	0.114666
4.79858781	-2.94351238
-5.36664908	-1.51788939
-5.15175938	1.50458211
4.63196742	0.19713843
-5.30990417	-1.36481175
4.7769871	-2.73381685
-5.23718129	1.6726713
4.65297053	0.36236975
4.81822922	-2.59330804
-5.35607671	-1.23027202
-5.19763138	1.81278898
4.696127	0.52738
4.84716834	-2.45799822
-5.35684408	-1.01000132
-5.19967702	1.90353228
4.69065111	0.6986205
4.84039306	-2.37362062
-5.33229614	-0.93776734
-5.23905614	2.07077461
4.6753017	0.78833674
4.80181375	-2.22669553
-5.3877766	-0.80580577
-5.21891309	2.26070346
4.64831998	0.98555529
4.8442096	-2.08721177
-5.31239229	-0.61516255
-5.16661472	2.41095407
4.64023565	1.12322024
4.7771891	-1.91241595
-5.38283146	-0.5116374
-5.18380295	2.53827679
4.61695513	1.22553837
-5.31400126	-0.31580737
4.76641275	-1.7374583
-5.22939185	2.63798799
4.65639311	1.38930578
4.8213933	-1.64008208
-5.36217408	-0.17867604
-5.19508697	2.80287031
4.62520961	1.48320114
4.81298188	-1.48874605
-5.32316932	-0.08584239
-5.47289271	-2.90946785
4.69267043	1.66388747
4.77328985	-1.32826094
-5.3371989	0.08602511
-5.49609354	-2.783932
4.67056438	1.82188102
4.81584126	-1.239423
-5.32362718	0.24866963
-5.48474079	-2.60790988
4.69961953	1.9055535
4.80201341	-1.09518194
-5.38335979	0.34662251
-5.45870816	-2.4808371
4.65640971	2.08894772
4.82295221	-0.90462432
-5.36919241	0.47359763
-5.46643963	-2.36869463
4.61646076	2.20538179
-5.36869568	0.68572044
4.82467852	-0.80212907
-5.51896753	-2.16560587
4.61203592	2.35379094
4.79805254	-0.60850816
-5.30843702	0.81857843
-5.46111811	-2.08317607
4.66588075	2.47842032
4.80155116	-0.50323101
-5.31359606	0.93220157
-5.45932234	-1.93917912
4.66846543	2.65144626
4.80278279	-0.31013322
-5.35734105	1.12478698
-5.49517208	-1.78566239
4.63715376	2.84613974
4.83601327	-0.1980798
-5.35400058	1.25666727
-5.48312725	-1.59697863
4.95847114	-3.08715344
4.80171107	-0.02286104
-5.37959947	1.34954512
-5.46840022	-1.44115121
4.90284911	-2.94795703
4.82346318	0.05505351
-5.3142638	1.54054607
-5.44286003	-1.34274104
4.93373046	-2.72385888
-5.36826677	1.65203029
4.77411351	0.24225996
-5.482836	-1.18630365
4.97664047	-2.63623587
4.83251558	0.40820821
-5.30543841	1.7659963
-5.44913754	-1.04205882
4.90265473	-2.51537944
4.77156286	0.51238467
-5.36288672	1.9694015
-5.44980156	-0.9384937
4.9706512	-2.35866697
4.82027114	0.64347679
-5.31773508	2.10517547
-5.51729856	-0.7800486
4.96549326	-2.22954619
4.79589182	0.81101287
-5.33733657	2.26161567
-5.50958914	-0.62053247
4.92502019	-2.0884759
4.76398748	0.93253317
-5.35457127	2.35748604
-5.46783306	-0.50880099
4.98287555	-1.92579619
4.83592145	1.04015291
-5.36299484	2.53930057
-5.46073412	-0.37927277
4.93324974	-1.78215582
-5.30946878	2.6981112
4.81252994	1.25990991
-5.51228993	-0.18804876
4.96140992	-1.63893455
4.8143864	1.3375647
-5.37202132	2.76595016
-5.45415093	-0.02338202
4.97367225	-1.47369562
-5.59634889	-2.90489714
4.77958393	1.51969167
-5.49530359	0.05404513
4.96309393	-1.38873321
-5.66904026	-2.74552217
4.76253268	1.69322905
-5.45047494	0.20823077
4.95882763	-1.178801
-5.61645196	-2.64555886
4.80873742	1.8242779
-5.50281675	0.41055485
4.90412774	-1.08857527
-5.62000304	-2.45755702
4.7808584	1.96415847
-5.49343028	0.51385364
4.94937392	-0.88129779
-5.59214397	-2.36389617
4.78011067	2.05892636
-5.46533322	0.64783601
4.95241507	-0.78158377
-5.66052442	-2.21660719
4.82529382	2.19047947
-5.46100746	0.80530287
4.96745695	-0.65023053
-5.61522443	-2.07202963
4.81264989	2.3674923
-5.47707318	0.97485328
4.90925365	-0.46207114
-5.63164988	-1.89921419
4.80014773	2.47040831
-5.4905953	1.11816074
4.9428173	-0.33124405
-5.6034507	-1.76673843
4.76875529	2.62406859
-5.52007736	1.2024159
4.93585773	-0.19319859
-5.62557382	-1.62955246
4.76865538	2.81903258
-5.52281516	1.38956577
4.98088086	-0.08892532
-5.63408614	-1.52756337
-5.52112953	1.51469351
5.04165107	-2.92501314
4.90099783	0.09649558
-5.59749001	-1.30968914
-5.47058686	1.61251032
5.07821767	-2.72368975
4.94543537	0.26003704
-5.66037139	-1.18115347
-5.46544272	1.77754493
5.04944338	-2.58392741
4.9637328	0.38941795
-5.6693614	-1.04940441
-5.5204114	1.97891688
5.06672743	-2.50244309
4.92347517	0.51840678
-5.62325853	-0.94383275
-5.45212394	2.06432484
5.12399985	-2.35518239
4.92301726	0.65951834
-5.59675741	-0.74007459
-5.45794211	2.25096673
5.12797395	-2.15681548
4.95375385	0.84092587
-5.6017243	-0.61571537
-5.45210938	2.40819953
5.05135212	-2.07350388
4.96247374	0.9232703
-5.59172572	-0.4770895
-5.51621994	2.50568878
5.12267264	-1.87378407
4.91714225	1.04170298
-5.65646517	-0.31142585
-5.47586251	2.68467682
5.11464204	-1.7321262
4.93702815	1.27443902
-5.64574175	-0.19614185
-5.47483756	2.82332271
5.09832592	-1.61305153
4.94369067	1.34562775
-5.6321009	-0.03252256
5.09081633	-1.52342843
4.91951596	1.55597114
-5.60252744	0.09187278
-5.7296479	-2.94701717
5.04841928	-1.33252263
4.98460896	1.66241943
-5.60548281	0.2116855
-5.75990933	-2.76531126
5.11552092	-1.19597787
4.93612244	1.79011524
-5.59192893	0.36431223
-5.76895125	-2.58376147
5.05241139	-1.01580852
4.91186893	1.94610424
-5.6017935	0.50634603
-5.75892939	-2.51136248
5.06178106	-0.9447073
4.95261057	2.12524139
-5.65015262	0.61359113
-5.7665575	-2.38600767
5.1273048	-0.75124978
4.97135999	2.20438663
-5.62061562	0.76050456
-5.77635683	-2.16850776
5.06963088	-0.62061099
4.92981685	2.41515036
-5.64469261	0.98120752
-5.79400685	-2.04360974
5.05557954	-0.50155037
4.94321666	2.53691818
-5.62242239	1.10804846
-5.74673614	-1.95415472
5.07582652	-0.34808217
4.9317264	2.6264605
-5.59679365	1.22270491
-5.72339326	-1.78013478
5.08892385	-0.16055004
4.96156684	2.83872886
-5.66608842	1.4099631
-5.73863961	-1.59678795
5.05474325	-0.09393041
4.90553178	2.97485924
-5.60325383	1.51079945
-5.72997987	-1.45261566
5.0748506	0.1119086
-5.5993528	1.63496569
-5.79549779	-1.33878122
5.04412621	0.27049308
-5.66215376	1.81880435
-5.80502283	-1.16123659
5.20623123	-2.90432051
5.05056155	0.34615245
-5.60459262	1.96545406
-5.75117055	-1.04460291
5.2298295	-2.80685672
5.06790118	0.55505575
-5.6605674	2.0407993
-5.73684112	-0.94802416
5.27612262	-2.59988036
5.11154492	0.68545901
-5.60847311	2.27316022
-5.77463522	-0.72530142
5.24596703	-2.47072937
5.07975077	0.83982987
-5.65609344	2.33866363
-5.79376785	-0.60834894
5.27616587	-2.38820663
5.12592568	0.91044715
-5.59374634	2.5401565
-5.73702971	-0.51070439
5.22491939	-2.15157419
5.12577026	1.09680158
-5.58202366	2.69254561
-5.72254227	-0.3122543
5.22366263	-2.04020833
5.09165964	1.24542175
-5.64776346	2.84871611
-5.75623664	-0.20090189
5.27518531	-1.93442674
5.04984219	1.39416136
-5.77601982	-0.01229646
5.22851261	-1.73878458
5.11607085	1.50742671
-5.78975035	0.0503257
5.25968324	-1.59683845
5.09273073	1.67761883
-5.73356712	0.24278011
5.22800491	-1.46226566
5.12794346	1.80252093
-5.78864352	0.40256027
-5.89248372	-2.92890862
5.20927543	-1.36942038
5.10940679	1.92067724
-5.73283411	0.49561737
-5.87537406	-2.78841407
5.21768077	-1.17816371
5.1165571	2.0537651
-5.72310105	0.62800174
-5.90691513	-2.65937347
5.22208022	-1.05593944
5.06679359	2.27790175
-5.76824102	0.79474259
-5.94381352	-2.4944878
5.25308341	-0.8837798
5.11052991	2.34812378
-5.72168678	0.90492644
-5.8900915	-2.3323833
5.20811512	-0.77670295
5.04464312	2.48538736
-5.76610756	1.09421667
-5.95575243	-2.23516131
5.20416895	-0.60549809
5.07754357	2.67938745
-5.73197544	1.26480457
-5.95142156	-2.01339545
5.2433162	-0.47393874
5.0579309	2.81758361
-5.79052151	1.33265309
-5.87398181	-1.9564096
5.27786612	-0.33508173
-5.77333296	1.54010551
-5.90599589	-1.77575329
5.26655278	-0.20646579
-5.78736005	1.64410855
-5.88543423	-1.59914806
5.20567194	-0.03342852
-5.78219376	1.81965784
-5.92901469	-1.45668687
5.20281453	0.04708605
-5.80542777	1.96084994
-5.87288747	-1.36120602
5.33957258	-2.88101689
5.25108111	0.22470493
-5.80428695	2.09449227
-5.8983743	-1.17928555
5.2113157	0.33229996
5.39204916	-2.78401345
-5.77229963	2.22741396
-5.91679567	-1.02262822
5.21061963	0.50870997
5.37136839	-2.58066493
-5.74704003	2.38025939
-5.8871535	-0.94609651
5.260748	0.69557421
5.37351705	-2.50755251
-5.77958368	2.52486124
-5.91446638	-0.73610427
5.38860407	-2.36978938
5.21984842	0.77102352
-5.80597653	2.67602115
-5.87791001	-0.64513998
5.20675698	0.98728458
5.41806317	-2.21246969
-5.80775388	2.79112839
-5.91073218	-0.49529774
5.2189183	1.11060923
5.40694029	-2.05413909
-5.92403145	-0.3365116
5.33262864	-1.92521379
5.19059992	1.21905974
-5.94589809	-0.16488415
5.27030906	1.38333065
5.34481253	-1.74103697
-5.9498847	-0.08367564
5.24860948	1.53928895
5.37334507	-1.64169426
-5.94772392	0.06813952
5.2666857	1.64485212
5.40435962	-1.50391348
-5.90917595	0.22647429
5.41546738	-1.3419114
5.27615674	1.80981559
-5.9158567	0.36368427
5.26330414	1.92883446
5.33372512	-1.21710616
-6.09748101	-2.7549635
-5.89460532	0.47118314
5.24119917	2.08106091
5.333389	-1.06220912
-6.09594167	-2.60796542
-5.88997348	0.67328282
5.33078727	-0.92376581
5.20364004	2.2387281
-6.09611779	-2.47995684
-5.95803153	0.7979117
5.27281261	2.3472744
5.3490218	-0.7484288
-6.04018907	-2.3284911
-5.9460828	0.95434034
5.22069447	2.47774031
5.37798679	-0.65124061
-6.03934038	-2.16304394
-5.88104812	1.06390927
5.25674643	2.67917259
5.34344718	-0.453245
-6.04174451	-2.04909649
-5.8936333	1.2515313
5.41722365	-0.32516296
5.27788849	2.80682597
-6.09913893	-1.89565697
-5.88359891	1.40288933
5.40326931	-0.17288853
-6.09298154	-1.72650945
-5.9191508	1.52845693
5.38831395	-0.06968476
-6.06704412	-1.66020182
-5.9091234	1.6852022
5.36515697	0.11811004
-6.02309266	-1.44829207
-5.88306029	1.78974702
5.40165801	0.2403732
-6.09249272	-1.34191146
5.54846511	-2.92972681
-5.89353438	1.91556999
5.41177268	0.40784496
-6.03054614	-1.19221108
5.51230814	-2.73428875
-5.92033179	2.04699826
5.38588387	0.5025508
-6.07344555	-1.0468365
5.534191	-2.60862702
-5.95879526	2.2675962
5.33537408	0.62293329
-6.03311378	-0.9020648
5.51406104	-2.49441637
-5.91619246	2.35385963
5.38532389	0.83853483
-6.08752394	-0.79852886
5.55146846	-2.34062197
-5.87586649	2.47531029
5.36042947	0.91428832
-6.09834986	-0.60318323
5.5554065	-2.2316147
-5.92700032	2.61531955
5.36101332	1.10333193
-6.02304989	-0.44872565
5.50169887	-2.09134026
-5.92630412	2.8019561
5.36253426	1.21324652
-6.06599712	-0.32682576
5.50838726	-1.95971008
5.38232635	1.36361798
-6.03277832	-0.23376915
5.54106644	-1.72581302
5.37801704	1.54903424
-6.06236665	-0.02612038
5.52264185	-1.58220557
5.38721967	1.63867549
-6.08051453	0.12131609
5.47562742	-1.45111369
5.39829847	1.83902474
-6.07475433	0.21386989
5.51461176	-1.34297079
5.37663553	1.96344413
-6.08846296	0.39760693
5.49315077	-1.15365145
5.41643293	2.11515789
-6.19605476	-2.76327148
-6.04799656	0.49363103
5.47614963	-1.03102645
-6.20936832	-2.60546681
5.35141768	2.20876254
-6.08334197	0.64478579
5.47665546	-0.94395254
-6.1935612	-2.45539456
5.39562169	2.409657
-6.04810153	0.81293003
5.50873405	-0.76195521
-6.21619532	-2.3516669
5.33536408	2.4999522
-6.03113453	0.90320536
5.48206894	-0.66199234
5.33655864	2.63077019
-6.23905791	-2.15852525
-6.09037978	1.12772784
5.47835824	-0.47702995
-6.17121089	-2.04669728
5.36334959	2.81672546
-6.09903511	1.27159253
5.51891407	-0.36207968
-6.23538047	-1.9017748
-6.09120183	1.40222713
5.55167686	-0.21508174
-6.21449656	-1.79364091
-6.07951699	1.54882657
5.49637599	-0.06316418
-6.23734978	-1.66523671
-6.02928795	1.63752494
5.53220372	0.0441504
-6.17302031	-1.49276824
-6.03807893	1.7906487
5.48764089	0.24213288
-6.2028159	-1.33160395
-6.04804484	1.9083499
5.5212407	0.40806017
5.69800936	-2.91994529
-6.16787529	-1.19584992
-6.05009037	2.08505516
5.50575069	0.54431968
5.65511731	-2.72500765
-6.19887064	-1.06113544
-6.01448275	2.20164162
5.54161856	0.64505419
5.64692137	-2.63302481
-6.21704035	-0.88959349
-6.02655343	2.40167969
5.51336128	0.81032246
5.63842445	-2.50887763
-6.16448452	-0.75494685
-6.04460739	2.50709236
5.55105049	0.93735929
5.6591127	-2.33432126
-6.20377935	-0.62811261
-6.08361013	2.69447765
5.54151415	1.11187987
5.66345789	-2.19667051
-6.16161762	-0.47661993
5.50861289	1.26149047
5.6910618	-2.09567521
-6.21803322	-0.38058807
5.53795863	1.33124844
5.63938094	-1.87106574
-6.16827636	-0.20614243
5.54118428	1.51669451
5.66219497	-1.78883484
-6.17394686	-0.07776664
5.49088871	1.65940589
5.64957253	-1.63141418
-6.20099199	0.04641164
5.50735005	1.76763009
5.62113974	-1.45871629
-6.2288623	0.24788185
5.5593149	1.96489904
5.69037849	-1.38952768
-6.22010553	0.40236088
5.47848327	2.08461566
5.61801355	-1.17179412
-6.17559352	0.54435579
5.54768079	2.24246567
5.6436664	-1.06399734
-6.22257942	0.67746639
5.5512503	2.33190873
5.68968468	-0.9393809
-6.18456507	0.82362786
5.47478584	2.52555746
5.66966618	-0.74762465
-6.16409101	0.94115264
-6.37370527	-2.64334787
5.55929777	2.67865857
5.68979402	-0.63999613
-6.17545935	1.1054738
-6.33599336	-2.50458875
5.50608623	2.76302926
5.66590023	-0.46195184
-6.3300921	-2.30152901
-6.19662327	1.25892155
5.69406217	-0.30951532
-6.21650312	1.39655099
-6.38929199	-2.19598927
5.66770462	-0.17689289
-6.22945393	1.5591767
-6.37643976	-2.05425107
5.6416504	-0.03322447
-6.15301733	1.69154597
-6.32860765	-1.94861815
5.62216731	0.1107512
-6.22817613	1.82926439
-6.35988862	-1.75278726
5.65684187	0.21953819
-6.16743899	1.92890567
-6.38110428	-1.65369129
5.62709925	0.41649147
-6.18879183	2.08348763
-6.32430405	-1.4493934
5.68249701	0.5208115
-6.3042704	-1.32297184
-6.17268348	2.26739315
5.65037405	0.64455
5.79562029	-2.89151329
-6.2391931	2.3766937
-6.37442482	-1.22429018
5.67619342	0.80049045
-6.21006776	2.52631733
5.76838478	-2.7942845
-6.31208602	-1.09252413
5.68998753	0.97058091
-6.2382323	2.66798089
5.83049614	-2.60302423
-6.30910453	-0.92111421
5.61746475	1.08720918
5.7862085	-2.48324093
-6.3221913	-0.79750099
5.61936418	1.20265338
5.84474859	-2.30474974
-6.36809037	-0.60384648
5.63463838	1.35287845
5.84179278	-2.2155897
-6.32779997	-0.44027644
5.6127763	1.51266095
5.84666814	-2.08131367
-6.38600665	-0.31910204
5.64323538	1.69293979
5.8171438	-1.95894679
-6.34796317	-0.19793142
5.62660405	1.79688878
5.77998133	-1.75091181
-6.31557108	-0.01576671
5.64990021	1.94542867
5.80980169	-1.59413638
-6.35441273	0.08464641
5.61591946	2.08719963
5.78579857	-1.52492758
-6.379965	0.24422991
5.67757398	2.24353387
5.82785931	-1.33989377
-6.31245651	0.36133464
5.61167278	2.33651219
5.78147766	-1.16844333
-6.38298481	0.52333979
5.68878239	2.47982097
5.80424717	-1.08316494
-6.36958265	0.68032468
5.61074822	2.66149989
5.82279232	-0.89925092
-6.46337927	-2.59865481
-6.30646725	0.81034923
5.66733633	2.81385317
5.76002681	-0.77389284
-6.48999353	-2.45957788
-6.33426844	0.91965301
5.76423354	-0.66508633
-6.48694256	-2.30619888
-6.3472238	1.09984621
5.79906706	-0.51536457
-6.44450571	-2.15974444
-6.36436619	1.19541414
5.82720832	-0.37183132
-6.45966113	-2.08752246
-6.30772287	1.33123281
5.77234899	-0.19950977
-6.49931438	-1.88792686
-6.31399524	1.48856262
5.77718578	-0.04035352
-6.31471932	1.67697849
-6.44060517	-1.72211241
5.7950165	0.07401242
-6.4516013	-1.66017965
-6.3392092	1.84180585
5.76521741	0.25693474
-6.4610926	-1.52553045
-6.34301551	1.97437616
5.82152851	0.33633753
-6.49821152	-1.36395846
-6.30258953	2.04769884
5.83230207	0.52982343
-6.49739984	-1.23656617
-6.30739324	2.21954556
5.82244636	0.64557449
-6.46778485	-1.05349775
-6.30185785	2.40431677
5.94683997	-2.73968005
5.79066055	0.80812434
-6.45417969	-0.90662205
-6.37093488	2.54686676
5.92552808	-2.59879875
5.80229734	0.9583931
-6.4462831	-0.7891716
5.98130573	-2.4445623
5.83807758	1.10013825
-6.47702157	-0.62274396
5.96795879	-2.37824769
5.8067113	1.21638686
-6.48661092	-0.51940224
5.97109871	-2.17479874
5.79111256	1.33402129
-6.51630518	-0.37327571
5.9891725	-2.07283813
5.7859988	1.55216088
-6.47011345	-0.18054238
5.98327509	-1.95583077
5.7788122	1.6513814
-6.45962069	-0.09361484
5.92864677	-1.74213702
5.78840299	1.8158884
-6.50593693	0.11080827
5.91043455	-1.6144551
5.78687981	1.91529788
-6.49115854	0.23806648
5.90778458	-1.45662811
5.82403182	2.07351596
-6.46649816	0.39736865
5.94400356	-1.38473819
5.77479463	2.19072269
-6.46073882	0.50398055
5.94059945	-1.19882276
5.84294255	2.33534704
-6.44948832	0.63179758
5.93992356	-1.06096174
5.76760828	2.48018706
-6.49638236	0.81862713
5.93117058	-0.9561313
5.79497182	2.63999544
-6.44548013	0.92953289
5.90635759	-0.75742545
-6.61097335	-2.52178056
5.77866365	2.78860274
-6.45381027	1.04128421
5.94660701	-0.66540095
-6.60404043	-2.31600825
-6.48688686	1.24104557
5.98228663	-0.51721098
-6.62727362	-2.2181799
-6.46085577	1.39526708
5.91949513	-0.33736703
-6.61616847	-2.08135565
-6.48934058	1.53739866
5.91385066	-0.18819698
-6.6474493	-1.87665062
-6.50708956	1.62999743
5.92813911	-0.0635934
-6.66910945	-1.74427598
-6.50127687	1.76210458
5.91080786	0.0753926
-6.62428767	-1.6214011
-6.48570565	1.92846522
5.96178277	0.27730133
-6.59536918	-1.45169412
-6.47801815	2.05662709
5.94277496	0.33530967
-6.58628043	-1.37132662
-6.48426453	2.24827881
5.97755596	0.475397
-6.60104017	-1.1757604
-6.52064328	2.41775036
5.9043064	0.63487624
-6.64402807	-1.02023116
6.12978689	-2.80312078
-6.45204617	2.4768563
5.96943562	0.79638816
-6.65906382	-0.92828128
6.07300919	-2.63122564
5.9540035	0.98335729
-6.61367743	-0.77458845
6.08989216	-2.46055005
5.92218575	1.10957184
-6.60834259	-0.64631264
6.05660806	-2.38325805
5.94212921	1.20361675
-6.59286078	-0.47833877
6.05365382	-2.16149496
5.94146641	1.41956475
-6.58514077	-0.38456844
6.09952654	-2.05413276
5.92435006	1.55629874
-6.62739705	-0.18392597
6.1231421	-1.94436919
5.90620464	1.61322935
-6.59634733	-0.0266478
6.07666601	-1.74026197
5.9007511	1.80500355
-6.60958939	0.09143825
6.11669068	-1.62604323
5.96346674	1.96805906
-6.61431227	0.25299086
6.12696791	-1.45194893
5.92523373	2.1093333
-6.63517702	0.41619256
6.1148633	-1.34567014
5.94885039	2.22992857
-6.66570021	0.50153379
6.06261114	-1.20812602
5.94862467	2.38305399
-6.65225958	0.67898507
6.07160279	-1.03906821
5.90642891	2.48699595
-6.59123856	0.77965717
6.09920002	-0.91938997
5.90445165	2.66625647
-6.58095647	0.93066452
6.06721494	-0.80017492
-6.65506204	1.06870884
-6.76171516	-2.50960552
6.04450172	-0.64607693
-6.74671556	-2.32658531
-6.59552313	1.23367703
6.09247801	-0.47395226
-6.64952287	1.41092037
-6.80897196	-2.16651365
6.06870892	-0.32169772
-6.63812086	1.51540714
-6.76282134	-2.01784994
6.05124342	-0.22406875
-6.66742307	1.64246296
-6.7450138	-1.92969666
6.06597438	-0.01495811
-6.62857271	1.76775188
-6.72357131	-1.80194125
6.06584991	0.06893335
-6.65099038	1.94027514
-6.7295936	-1.6298538
6.07229245	0.24840337
-6.60551803	2.0985735
-6.79772778	-1.48949293
6.09877554	0.35737194
-6.75209958	-1.30506127
-6.59002882	2.26384046
6.05696991	0.55522423
-6.59486667	2.35272274
-6.76989028	-1.18363043
6.10321165	0.6389975
-6.79207994	-1.09325033
6.04733224	0.81708884
-6.76390292	-0.93062435
6.05925705	0.98661756
-6.78050249	-0.74981042
6.10793266	1.06146931
-6.79674047	-0.58536351
6.09421957	1.24447746
6.22494592	-2.64952206
-6.74799665	-0.51382006
6.04446352	1.34549885
6.21038841	-2.49917563
-6.77013046	-0.33751651
6.0531085	1.49329413
6.25336714	-2.38860917
-6.75255937	-0.19648635
6.08021036	1.69744784
6.21625458	-2.20893934
-6.74942207	-0.05875399
6.10124205	1.78225581
6.25400118	-2.02520671
-6.77319887	0.0914739
6.09749765	1.92577803
6.24351395	-1.94034013
-6.79384406	0.2504855
6.12825046	2.05823756
6.20665991	-1.72158401
-6.7605927	0.33873257
6.09541655	2.19745484
6.25698941	-1.63670249
-6.75474581	0.52071446
6.06933866	2.37016036
6.21931811	-1.51640631
-6.74442873	0.62358817
6.04785989	2.50189532
6.20043199	-1.37952847
-6.78235277	0.7811623
6.10935601	2.66211288
6.19946241	-1.19372
-6.75844528	0.96765501
6.22083534	-1.09617668
-6.73777842	1.04443648
6.19049476	-0.87516462
-6.73489088	1.27477233
6.19512251	-0.80741895
-6.73453712	1.38635176
6.26753974	-0.66838321
-6.73786645	1.48325551
-6.89251819	-2.34244833
6.19518843	-0.45848173
-6.77485507	1.66813697
-6.91113612	-2.18484964
6.26281011	-0.32333515
-6.75119142	1.76221194
-6.90965203	-2.06603882
6.24567097	-0.19924403
-6.80027303	1.91062248
-6.87089432	-1.91402554
6.21875238	-0.04158373
-6.76180823	2.04096245
-6.95530822	-1.80018781
6.19131872	0.10552512
-6.79978255	2.19251083
-6.92135814	-1.60494324
6.25554056	0.24177495
-6.7207075	2.41861575
-6.91561531	-1.44845818
6.20808051	0.34415144
-6.95680659	-1.38200034
6.21480596	0.49877833
-6.88691275	-1.16000117
6.20315704	0.66238396
-6.91152749	-1.02746225
6.24203314	0.76581864
-6.94169103	-0.93176272
6.27985912	0.98280333
-6.95689725	-0.72662684
6.34694833	-2.65113851
6.2420698	1.08652468
-6.9263671	-0.60938916
6.36326536	-2.49833352
6.19525404	1.19355343
-6.91356109	-0.52898201
6.35071925	-2.34914856
6.23076553	1.41703347
-6.91905249	-0.34096389
6.38137095	-2.21177798
6.2451227	1.49943983
-6.87746128	-0.17614962
6.39057004	-2.02846586
6.19118784	1.68738294
-6.9220075	-0.07539491
6.40853693	-1.88278866
6.24766831	1.81143079
-6.88001296	0.05304316
6.37676766	-1.76273516
6.1932606	1.90891882
-6.94802565	0.26376823
6.3771928	-1.62318469
6.19049344	2.08483988
-6.95843691	0.39189709
6.38543583	-1.4723103
6.23530364	2.26715825
-6.91537398	0.49620376
6.36633996	-1.30443981
6.23748163	2.41778283
-6.89982473	0.64322393
6.3712396	-1.1624937
6.26117754	2.50091262
-6.9324993	0.80194062
6.39300613	-1.09644931
-6.8843546	0.96031682
6.4071882	-0.87860416
-6.93463842	1.09032081
6.37265821	-0.78456726
-6.8917145	1.24398594
6.34645561	-0.60819059
-6.92557113	1.38163924
6.33265443	-0.47731348
-6.94748222	1.53707506
6.4018758	-0.34259586
-7.03437542	-2.20195065
-6.88522356	1.69216214
6.36273605	-0.20646747
-7.04873068	-2.01833187
-6.91592549	1.84438429
6.38168181	-0.0171662
-7.04714596	-1.92758351
-6.9372978	1.94940956
6.34660843	0.05789125
-7.08160752	-1.77200337
-6.91627269	2.07418057
6.37106443	0.25413522
-7.05446044	-1.58767792
-6.95186025	2.24046788
6.348456	0.36149409
-7.0539438	-1.47074906
6.39641207	0.49051521
-7.05386478	-1.3651268
6.37075878	0.65549525
-7.05398432	-1.20309592
6.37936994	0.7722998
-7.01390658	-1.07789722
6.41930225	0.92691065
-7.08025576	-0.91940407
6.3379022	1.11992934
-7.04936772	-0.73144186
6.39399015	1.20500674
-7.06209362	-0.6631041
6.50832549	-2.48404172
6.35578928	1.34570014
-7.02761256	-0.48526101
6.54847122	-2.31241472
6.38419999	1.52399449
-7.0532358	-0.35872591
6.47771608	-2.16698699
6.40658532	1.61917136
-7.03544871	-0.18757919
6.4814858	-2.09342195
6.35293414	1.78348731
-7.01320125	-0.06863153
6.5585959	-1.87170939
6.39617119	1.95161993
-7.09565674	0.11555352
6.55703779	-1.73892013
6.3517805	2.0961879
-7.01179304	0.23894026
6.50919672	-1.64680206
6.33096752	2.20388227
-7.03545738	0.34310718
6.4793206	-1.46670966
6.33010749	2.39926465
-7.07562869	0.5508942
6.53723178	-1.32979086
6.40604799	2.54312977
-7.03413943	0.65146686
6.47940266	-1.18447492
-7.0107498	0.77384168
6.49497268	-1.09022975
-7.08691273	0.90822683
6.50521754	-0.90389508
-7.02653577	1.08583959
6.53593478	-0.7825299
-7.06792711	1.21800145
6.55724293	-0.62402931
-7.09735255	1.41912116
6.55768016	-0.47773098
-7.03378681	1.48898476
6.52551682	-0.36939584
-7.03786153	1.68570284
6.55906065	-0.1504504
-7.21006218	-2.03740447
-7.05990563	1.78794393
6.53690362	-0.0498563
-7.23748094	-1.87923624
-7.04514574	1.91456513
6.48483522	0.0866148
-7.22892783	-1.76996573
-7.06790124	2.06590562
6.52679397	0.22725647
-7.18772659	-1.6571529
6.553697	0.41205023
-7.16127879	-1.47021509
6.51904823	0.55490895
-7.21297737	-1.3408608
6.54769852	0.63378744
-7.15060295	-1.20402266
6.51474843	0.79825656
-7.18579494	-1.05336355
6.51139402	0.93044063
-7.17547047	-0.95385803
6.53140551	1.07135089
-7.21992539	-0.77327704
6.51904592	1.26577444
-7.20006985	-0.59657646
6.67706697	-2.46029186
6.53968998	1.37597701
-7.21835185	-0.52573372
6.68701646	-2.33383032
6.51601108	1.51051046
-7.20494979	-0.36096645
6.49488231	1.62510478
6.69383657	-2.17545273
-7.19311755	-0.22475154
6.68984676	-2.09614031
6.55440553	1.79511079
-7.18387732	-0.09492117
6.66412845	-1.89296341
6.48771458	1.93507802
-7.16793816	0.0890243
6.54691792	2.05312692
6.664462	-1.77892974
-7.21516835	0.23769422
6.68341061	-1.6177243
6.49071055	2.24584037
-7.16467365	0.41990515
6.62030877	-1.52959055
6.53116315	2.37341764
-7.17078553	0.50952433
6.61090561	-1.37745018
-7.23410957	0.66204858
6.62945238	-1.16843291
-7.15717434	0.78810422
6.62776194	-1.09996963
-7.20499494	0.90882002
6.68700533	-0.90137557
-7.15306725	1.04647561
6.63842459	-0.74608728
-7.18991452	1.19813459
6.68767132	-0.59080177
-7.20636982	1.34409575
6.62124299	-0.46426737
-7.17069167	1.47591739
6.63768958	-0.32755386
-7.20714779	1.62476347
6.68815578	-0.23102915
-7.21685603	1.80135615
6.65900532	-0.09676952
-7.22877598	1.95244468
6.69753305	0.06997524
6.63294085	0.21081112
-7.35454342	-1.91412044
6.62388677	0.35194013
-7.36609891	-1.75685304
6.64842157	0.4876249
-7.30554981	-1.65044649
6.61691909	0.65550703
-7.38736835	-1.44597286
6.63743055	0.82940834
-7.34513298	-1.38121895
6.6333391	0.95615885
-7.35809674	-1.16078987
6.65750709	1.12883261
-7.31664835	-1.07062653
6.62630918	1.22891951
-7.34246708	-0.92779409
6.69608246	1.3580732
-7.35829485	-0.79674731
6.63244395	1.52084647
-7.32522444	-0.58261466
6.65871783	1.62326059
-7.33849323	-0.45435575
6.69264331	1.78996767
6.80248445	-2.30007599
-7.38337401	-0.36534314
6.6585833	1.93840619
6.78208726	-2.19310417
-7.33392701	-0.17078453
6.68894264	2.07956343
6.81343485	-2.08896506
-7.33704933	-0.05047758
6.68678772	2.26862339
6.78287764	-1.87646635
-7.31703286	0.11788417
6.66497941	2.33347827
6.76648807	-1.78399116
-7.34464058	0.21129563
6.84199469	-1.59360009
-7.3894581	0.33327481
6.7635691	-1.48983995
-7.34701066	0.50145422
6.78429481	-1.33456735
-7.32848478	0.65824527
6.7790933	-1.2321828
-7.36624505	0.80463342
6.76064474	-1.05705204
-7.32586745	0.97463083
6.78601396	-0.912135
-7.37050804	1.10095726
6.81380175	-0.77653672
-7.36495626	1.21240303
6.82412538	-0.66960577
-7.30945158	1.35168814
6.76168156	-0.50268916
-7.31514929	1.4781274
6.80360195	-0.31405405
-7.33654638	1.69705062
6.79621704	-0.23631165
-7.31535451	1.83199325
6.83586453	-0.03208156
6.79838368	0.09159711
6.78129569	0.21361423
-7.46393031	-1.80883368
6.81780686	0.39046068
-7.51836869	-1.60944026
6.82987476	0.54035607
-7.52376169	-1.52327583
6.81534182	0.69031935
-7.50408642	-1.38732186
6.84538718	0.81980071
-7.45514504	-1.22888841
6.78716972	0.93249197
-7.44043983	-1.03774956
6.82472188	1.05252774
-7.5160099	-0.87851697
6.78175878	1.19409474
-7.46597398	-0.75829293
6.81710226	1.33843396
-7.50286289	-0.64282705
6.82078155	1.51087943
-7.52614705	-0.46867736
6.81999075	1.62725233
-7.4961799	-0.38368816
6.8352872	1.84128514
-7.49306142	-0.20930102
6.94377128	-2.16169458
6.80813658	1.9637658
-7.5217308	-0.09083926
6.94964346	-2.03838481
6.82058603	2.06912472
-7.48270492	0.07598115
6.91213251	-1.87269017
6.76146994	2.22744418
-7.48044968	0.26904492
6.95112149	-1.75475451
-7.49875637	0.38049855
6.97309	-1.64599885
-7.47416328	0.52796022
6.98341442	-1.50320398
-7.44456712	0.64800763
6.97615782	-1.33277656
-7.44412299	0.82936287
6.9884642	-1.19837
-7.51278478	0.9457989
6.94141287	-1.06059926
-7.51343413	1.08367311
6.93027017	-0.91871857
-7.47904883	1.24309557
6.96136047	-0.77532967
-7.51857024	1.38730666
6.91752341	-0.62598309
-7.51312895	1.47701425
6.92878351	-0.48295195
-7.48529769	1.63532418
6.94433938	-0.31136026
6.96784354	-0.22606057
6.91952305	-0.02617009
6.97827546	0.06255024
6.94028636	0.27240686
6.97454867	0.3614756
6.93740632	0.49856097
-7.63099886	-1.50857143
6.92625209	0.68684338
-7.65183624	-1.36621004
6.92781411	0.8194557
-7.63657905	-1.19500535
6.96915695	0.96031613
-7.61518022	-1.04622083
6.93446855	1.06555158
-7.62298916	-0.92700596
6.94625896	1.1919624
-7.6180908	-0.7624297
6.92995952	1.3591664
-7.59116475	-0.62137563
6.95648621	1.52524355
-7.62428055	-0.50125246
6.94470343	1.66112686
-7.58561681	-0.36986606
6.91923047	1.78782145
-7.58183308	-0.20467449
6.91934629	1.97065276
-7.62881274	-0.06031815
7.04610306	-2.04702701
6.9499465	2.06737814
-7.65523163	0.0426824
7.06458272	-1.94940936
-7.62654447	0.21220455
7.1292329	-1.73454713
-7.62031166	0.39409379
7.08314504	-1.58122454
-7.66952549	0.51749675
7.10354203	-1.47391783
-7.65704319	0.6618149
7.12281684	-1.33205436
-7.66234741	0.82569254
7.1081853	-1.16303791
-7.63958641	0.96082576
7.10059926	-1.01617269
-7.61004749	1.11391822
7.08593583	-0.94883716
-7.58396326	1.24576055
7.0636939	-0.76444411
-7.62556711	1.39501411
7.09834022	-0.65962735
7.1037239	-0.50468314
7.0462533	-0.38148352
7.08137845	-0.21067503
7.10329408	-0.01639618
7.12357889	0.10910982
7.11206849	0.27011568
7.05942095	0.33774749
7.076171	0.54051704
7.11634652	0.62530201
7.04589191	0.76935632
-7.80851227	-1.2020669
7.08232562	0.92673387
-7.78648936	-1.02986316
7.11424756	1.10337997
-7.7905929	-0.90770856
7.09771434	1.19503772
-7.76638106	-0.76800952
7.12407873	1.3611136
-7.73980566	-0.60566254
7.04070144	1.53232103
-7.72722541	-0.46769459
7.10146611	1.62034315
-7.80902695	-0.38595972
7.05034964	1.77208076
-7.72318347	-0.2053855
7.12644768	1.91258395
-7.77604413	-0.02846407
-7.7849941	0.04426065
-7.76424525	0.2321352
-7.74192324	0.34042406
7.27084218	-1.91096788
-7.79945696	0.48725604
7.22185277	-1.80314901
-7.80671254	0.68862629
7.22364267	-1.66254678
-7.73437766	0.83996335
7.27695955	-1.44364157
-7.77792514	0.9436556
7.22791414	-1.3356441
-7.73633207	1.1136293
7.23079298	-1.16768712
7.21934953	-1.09896032
7.25712236	-0.90859927
7.22244513	-0.72307318
7.20679777	-0.65951023
7.20171957	-0.51028948
7.23187911	-0.31759393
7.23165363	-0.18553215
7.21120565	-0.01500898
7.23557571	0.07885665
7.25834288	0.21519876
7.21613683	0.40099159
7.2722814	0.51455716
7.21349706	0.68182828
7.25426224	0.79279548
7.22182928	0.95846366
7.27825924	1.07538645
-7.89263011	-0.93276279
7.22403999	1.26814548
-7.87728738	-0.77679818
7.26064659	1.39381772
-7.88626989	-0.58498803
7.21483918	1.48937127
-7.87236767	-0.44424651
7.2439526	1.64128087
-7.9407755	-0.34467594
7.23144773	1.81022301
-7.87874279	-0.19587521
-7.87924038	-0.04938512
-7.95263586	0.12951525
-7.90782621	0.20087024
-7.90813181	0.3379218
7.38985718	-1.79655701
-7.88572184	0.50282425
7.38060826	-1.66791986
-7.88983988	0.62651764
7.33994136	-1.47367966
7.38592668	-1.38553624
-7.94051283	0.84893241
7.35275218	-1.15477966
7.3467659	-1.05283354
7.4134227	-0.94668199
7.39359834	-0.76529682
7.36028023	-0.6099308
7.40306071	-0.4481034
7.39675015	-0.33532768
7.39267211	-0.23338467
7.37279664	-0.05777899
7.3402163	0.11947436
7.34391364	0.23444259
7.3466411	0.3840723
7.40076937	0.54863367
7.39959499	0.65428266
7.34307323	0.80908644
7.34879674	0.96085494
7.36069977	1.09486567
7.40200853	1.21433682
7.35693989	1.39581526
7.39802852	1.49147191
7.38452095	1.6830154
-8.04011615	-0.0206183
7.47430377	-1.49718954
7.53533065	-1.32205869
7.49540884	-1.21572222
7.49262469	-1.08609966
7.53214702	-0.90849251
7.53870863	-0.74942277
7.50878371	-0.63554044
7.55789844	-0.48316406
7.47863145	-0.37271924
7.50880414	-0.17407126
7.53921018	-0.04162407
7.52074954	0.04110163
7.48264515	0.22060992
7.48407788	0.33269674
7.48103208	0.49573842
7.52067692	0.6688908
7.55651267	0.76954047
7.5501123	0.96296548
7.51420616	1.11077273
7.48925056	1.2111124
7.50051069	1.40310095
7.62116085	-1.18614139
7.61618164	-1.0838199
7.6650655	-0.9356451
7.6134717	-0.73958867
7.61278569	-0.63801937
7.65258676	-0.47518325
7.69164327	-0.32404672
7.61932133	-0.23525575
7.68387419	-0.01362055
7.69448466	0.11438044
7.68706744	0.26669709
7.68992844	0.35150192
7.68180459	0.48666423
7.63642606	0.69736318
7.67491812	0.83938538
7.64063313	0.9021344
7.63901464	1.05686766
7.83916021	-0.91217928
7.83406249	-0.78041818
7.78854247	-0.6281146
7.77256672	-0.4977023
7.76280221	-0.37994757
7.80034219	-0.19056085
7.80731559	-0.02163226
7.76130955	0.08178222
7.78330325	0.25499735
7.81851775	0.34546873
7.82685905	0.48180046
7.7953675	0.63579807
7.84365221	0.84246985
7.9471592	-0.09988585
