-0.23231073	-3.83094432
-0.41993514	-3.86286576
-0.01405129	-3.84507796
-0.22681875	-3.67185421
-0.47237187	-3.62816701
-0.04307778	-3.64180832
-0.24286208	-3.43582524
0.11788315	-3.85548371
-0.66668818	-3.67115871
-0.45364966	-3.48465325
-0.07193693	-3.49185995
-0.23378439	-3.26444585
0.16778616	-3.66188797
-0.67155899	-3.47008609
-0.44794105	-3.25081432
-0.05502173	-3.27403778
-0.84861947	-3.68676385
-0.27819502	-3.0250832
0.16834596	-3.47098029
-0.64835773	-3.27509824
-0.47860843	-3.03781128
0.34077902	-3.85675997
-0.08626482	-3.07044944
-0.87017523	-3.46706573
0.11522038	-3.28823398
-0.26762803	-2.85922739
-0.63567063	-3.08140421
0.34966472	-3.6293022
-0.41309593	-2.88747909
-0.0922274	-2.81035246
-0.29608471	-2.62768747
-0.81919106	-3.29827427
0.1183466	-3.07905991
-0.61738382	-2.89315032
-0.41767925	-2.63991833
0.38244633	-3.4705112
-0.02888326	-2.69676524
-0.24884777	-2.46834751
-0.89406004	-3.07344721
0.1499516	-2.89249375
-0.6592181	-2.66154428
0.31257903	-3.28297948
0.56236437	-3.83747044
-0.42385191	-2.43637079
-1.03587951	-3.45155458
-0.06645554	-2.42695025
-0.23384308	-2.25193598
0.13164958	-2.66370938
-0.85285942	-2.89005013
0.53609263	-3.66231358
-0.64209737	-2.44151954
-0.46678243	-2.29685682
0.36596381	-3.05934833
-1.05096536	-3.22368955
-0.04050657	-2.28815884
-0.81101465	-2.65144018
-0.22937495	-2.05892748
0.16433655	-2.44755994
-0.61532396	-2.28325554
0.53889506	-3.42378847
-0.4383177	-2.09779482
0.36598902	-2.84870595
-1.02904849	-3.02228024
-0.09672761	-2.08003225
-0.84828822	-2.42295112
0.11492215	-2.225214
-0.28984886	-1.89360674
0.51827289	-3.22045006
-0.61862178	-2.02585834
-0.4515468	-1.86274287
0.30177774	-2.62672258
-0.02890645	-1.84234648
-1.03778436	-2.85074925
-0.26774105	-1.6130879
0.12387516	-2.09928257
-1.22568576	-3.48513274
-0.87860398	-2.28986654
0.72249278	-3.83534973
-0.63838619	-1.8236009
0.55922401	-3.01847354
-0.42905517	-1.69904541
0.38168858	-2.45185253
-1.07758853	-2.65747547
-0.0698691	-1.66345474
-1.23193847	-3.22308518
0.18825284	-1.87250563
-0.28240425	-1.48967338
-0.84505445	-2.06518124
0.72401821	-3.64843974
-0.65812987	-1.61506441
0.37776149	-2.2238904
0.54540301	-2.81890264
-0.46059315	-1.4787266
-1.08047705	-2.46102123
-0.05744668	-1.41764707
-1.23285473	-3.06405875
0.13499557	-1.68994476
-0.8151413	-1.89750654
-0.29741053	-1.2855691
0.72580645	-3.46987109
0.58673711	-2.69612536
-0.64758978	-1.44839911
-0.43612333	-1.25514592
0.3133122	-2.04993301
-1.0785922	-2.29943762
-0.07242361	-1.27541466
-1.21417415	-2.82464706
-0.81036576	-1.68300789
0.70517187	-3.21635738
-0.21563306	-1.09616587
0.13089115	-1.45168206
-0.66457209	-1.26025389
0.50479818	-2.41578048
-0.41635612	-1.01722352
0.38960353	-1.83395833
-1.09159065	-2.05745403
0.94997302	-4.07016599
-0.0829772	-1.01136372
-1.29114094	-2.61565747
-0.81592162	-1.46091274
0.73221561	-3.05929514
-0.21431893	-0.85103713
0.17413683	-1.22843705
-0.68972854	-1.03248784
0.58603014	-2.27153731
0.33559528	-1.65596803
-0.4275039	-0.83826991
-0.04669139	-0.83304709
-1.08476431	-1.82678985
0.91348091	-3.88863845
-0.26335518	-0.6699347
0.18031827	-1.03370006
-1.26026855	-2.49399237
-0.86297553	-1.28264544
0.78786082	-2.82217448
-1.42563092	-3.23321327
-0.63003959	-0.89064984
0.54402546	-2.03465729
-0.48720817	-0.63047731
0.37027122	-1.48482188
-1.07532333	-1.6504085
0.96154956	-3.65212996
-0.07192959	-0.67031397
-1.25020336	-2.29903243
-0.25565035	-0.44662225
0.16080347	-0.89424374
-0.89571984	-1.03602552
0.77161657	-2.64213503
-1.44758694	-3.02593036
0.5388	-1.86424365
-0.62753653	-0.63910433
-0.49638612	-0.47008619
0.35258966	-1.22126435
-0.03841331	-0.42818339
-1.06467179	-1.48281103
0.91107127	-3.46345506
-1.22999982	-2.08011924
-0.24099719	-0.22408298
0.12612555	-0.62455704
-0.88444	-0.82922959
0.71591791	-2.41086248
-0.65850957	-0.42773325
0.56693198	-1.66427583
-0.42513572	-0.21638533
0.31282601	-1.07095924
-1.49270781	-2.8244631
0.95741115	-3.29896361
-1.04463615	-1.25961412
-0.05735863	-0.25600485
-1.28072602	-1.85124637
-0.22483667	-0.05754354
0.17065751	-0.43356534
0.77385446	-2.25042707
-0.86074225	-0.67361852
-1.41187282	-2.63355504
-0.63759853	-0.23764254
0.51418328	-1.49563736
-0.46526723	-0.02074847
0.37805794	-0.88961238
-1.09184814	-1.02498541
0.97167591	-3.01055728
-0.01987794	-0.03474726
-0.29270956	0.1574094
0.11541318	-0.23623961
-1.27468526	-1.63132337
-0.81204452	-0.43597509
0.78013461	-2.07278687
-1.49364105	-2.44853655
-0.6792331	-0.08954519
0.53625979	-1.29155004
-0.47554067	0.11575935
0.32108929	-0.69988065
-1.07977024	-0.87375096
-0.04626822	0.11260985
0.96639202	-2.83980668
-0.29461086	0.31166301
0.16966338	-0.08175555
-1.29370731	-1.49427582
1.12281808	-3.83136276
-0.83828629	-0.2126095
0.72684893	-1.82702557
-1.48259506	-2.29993464
0.52238615	-1.08118382
-0.62450377	0.1210616
-0.47035724	0.36879346
0.30037535	-0.49875779
-1.69597096	-3.26741737
-1.09342084	-0.69147682
0.92315864	-2.65687474
-0.03219739	0.34815155
1.12910453	-3.67192516
-1.27163724	-1.23899643
-0.24325919	0.50580332
0.13142433	0.15190023
-0.8245993	-0.0549485
0.70945356	-1.69404012
-1.43727586	-2.0206435
0.5348328	-0.83531324
-0.6216503	0.34654974
0.30743117	-0.29639634
-0.42706283	0.58303485
-1.62782749	-3.06932305
-0.020048	0.57544335
-1.09512324	-0.48875621
0.93940029	-2.47197117
-1.21596127	-1.08716734
1.12857715	-3.46746732
-0.89496054	0.12993702
-0.28688748	0.71029516
0.12359679	0.38559004
0.70691857	-1.49644355
-1.45599529	-1.81201525
-0.66209743	0.55775172
0.54675177	-0.63046211
-0.41852228	0.70901359
0.33762167	-0.02488924
-1.626259	-2.83182165
0.97600336	-2.22545054
-1.01314962	-0.23352461
-0.02897687	0.72351757
1.10681552	-3.27860635
-1.22504634	-0.83174223
-0.28498608	0.93638118
0.11254428	0.58253294
-0.83977532	0.34884414
0.78594584	-1.23188505
-1.4187488	-1.61418245
0.56329241	-0.41101026
-0.65793744	0.76580957
-0.48106676	0.97773541
0.38738622	0.17425958
-1.67387396	-2.65885875
-1.04891454	-0.09089398
0.91156913	-2.02057791
-0.08923705	0.96895547
1.13382886	-3.04716684
-1.28937296	-0.61881822
-0.88550667	0.5172998
-0.27393416	1.17020605
0.10088247	0.73162983
0.76510144	-1.02280054
-1.46879132	-1.4509248
0.58043926	-0.24360051
-0.64172009	0.93735445
0.31450013	0.33205093
-0.47304775	1.10654885
-1.68195176	-2.47733665
-1.07439651	0.15186959
0.95205507	-1.84227457
-0.0393607	1.12866377
-1.2704338	-0.46426151
1.13858409	-2.86188233
-0.28487486	1.30383282
0.10021995	0.97869431
-0.83245112	0.77796198
0.75474691	-0.86762062
-1.41036831	-1.23253438
-0.62514247	1.15111605
0.58357533	-0.02962969
-0.44938909	1.37228055
0.38728384	0.5891474
-1.63534966	-2.28099099
-1.02361664	0.34267073
0.90657067	-1.63087294
-0.0654	1.35468456
1.16791036	-2.67735704
-1.28626373	-0.21180253
0.10711418	1.15588298
-0.82871286	0.96395089
-0.21218166	1.50677044
0.75936716	-0.61049005
-1.46829805	-1.0983637
1.35642976	-3.81071433
-0.61741236	1.30418156
0.57398989	0.12397905
-0.49416143	1.56529887
0.37106519	0.70784059
-1.63650265	-2.02498782
-1.09600406	0.56737966
0.94437501	-1.48689232
-0.09341342	1.51373003
-1.25590937	-0.05843158
1.16567655	-2.46872134
0.17030967	1.31173718
-0.82814504	1.1058216
0.73467975	-0.48869914
-0.24013933	1.78352139
-1.81797067	-3.01384559
1.33102196	-3.67866307
-1.45623201	-0.83526133
-0.69269694	1.58966545
0.51654115	0.30198832
-0.48447843	1.7459124
0.37085924	0.9405319
-1.63626318	-1.81493702
-1.06554061	0.71461502
0.94794675	-1.26492974
-0.01719131	1.77021576
1.13236962	-2.21783556
-1.26080312	0.18733293
-0.814152	1.37074952
-0.21470153	1.97190316
0.15608642	1.53494953
0.76289764	-0.23337201
-1.87612781	-2.81568324
-1.48406441	-0.66337344
1.36764747	-3.42474535
0.58826201	0.52636812
-0.67957356	1.7347025
-0.41459923	1.97853022
0.30857393	1.17557502
-1.6699806	-1.65452944
-1.0289002	0.90630784
0.9634255	-1.03699234
-0.01353783	1.94870991
-1.8326751	-2.62163473
-1.26530109	0.32631033
1.15965846	-2.06057264
-0.86334434	1.55526725
0.73634653	-0.02822246
-0.25721646	2.13921951
0.13211195	1.71074159
1.37559671	-3.25559621
-1.44846098	-0.414447
0.55618234	0.75832263
-0.66985134	1.96038555
-0.44346028	2.1401064
0.3591029	1.32361319
-1.67359677	-1.41629053
-1.02449659	1.1136392
0.91853328	-0.82764654
-0.05767862	2.10006302
1.13188485	-1.86019807
-1.29070209	0.51728109
-0.22009226	2.34655707
-1.84182397	-2.46931073
-0.86329394	1.71562171
0.76441652	0.18674215
0.11678522	1.94584495
-1.41953384	-0.26745958
1.37919218	-3.07545154
0.52947189	0.98574341
-0.64458787	2.17820967
-0.43158558	2.3744529
0.3246176	1.52448428
-1.66014505	-1.29447048
0.97562744	-0.63703788
-1.07864007	1.37352835
-0.09054912	2.33827845
1.18776902	-1.6602534
-1.25434088	0.72225525
-0.23690036	2.58115246
-1.87241938	-2.21621399
-0.84476084	1.90319592
0.78706862	0.37454926
0.1585856	2.10212533
-1.43875176	-0.01925266
1.37214857	-2.87492172
0.51355584	1.14224817
-0.61636355	2.37762932
-0.45915308	2.58573532
0.37353365	1.75950566
-1.63000984	-1.02769595
-1.05434709	1.56509571
0.973953	-0.47443261
-0.08125706	2.58686763
-1.29849186	0.90372605
1.14119025	-1.41974823
-0.22648443	2.7765302
0.76012432	0.54849262
0.17506081	2.35234929
-1.85753223	-2.05830719
-0.81533225	2.16885831
1.38635003	-2.69379305
-1.43506546	0.1052768
-0.68760977	2.52971459
0.52414595	1.37240872
-0.49461091	2.78862845
0.38411396	1.9373334
-1.67553441	-0.87271602
-1.06135811	1.75310554
0.90142337	-0.25656164
-0.08307644	2.72905083
-1.25049718	1.17177494
1.12434661	-1.26474956
-0.86783382	2.38379312
-0.26116882	2.98149199
-1.82288714	-1.89074014
0.78730875	0.76678212
0.15221594	2.58614013
-1.42313307	0.34773566
1.33156849	-2.44550976
0.55668701	1.51801972
-0.65331602	2.71117915
-0.45261302	2.92193424
0.30432108	2.11611407
-1.63251144	-0.69523894
1.51586342	-3.82451545
-2.0621057	-3.08765131
-1.011387	1.97345399
0.90727466	-0.01963745
-0.06068974	2.91026745
-1.88399251	-1.67753546
-1.24850853	1.3889318
1.17201242	-1.03991325
-0.86548725	2.57251864
0.75853666	0.97674774
-0.24816424	3.18197396
0.17858464	2.73238662
1.32284817	-2.28542661
-1.44056509	0.57317735
0.50358412	1.72661431
-0.64620875	2.94383721
-0.48580233	3.14357047
0.3030383	2.38103486
-1.69044729	-0.44264181
1.57308293	-3.63759906
-2.0780997	-2.85271901
-1.04166924	2.16176587
0.9487809	0.15481649
-0.03116305	3.18034007
1.1124108	-0.83015325
-0.24610048	3.37385735
-1.81336754	-1.45848626
-1.24841013	1.58417606
-0.86105264	2.76764908
0.71945553	1.13436033
0.17669872	2.95432847
-1.44888939	0.72995654
1.31690727	-2.01373566
0.51513465	1.90692111
-0.63889454	3.12682911
-0.41385663	3.3343483
0.37994696	2.57431959
-1.6513747	-0.2413695
1.56919613	-3.49624216
-1.06293112	2.3574942
0.97812521	0.37144416
-0.09488405	3.38602923
-2.07972463	-2.66184154
-1.2243142	1.71813499
1.13069114	-0.61651758
-0.21526361	3.53344293
-1.85527037	-1.28345194
-0.86112546	2.9177202
0.7534006	1.37651492
0.142007	3.15189827
1.3543805	-1.83768843
-1.46832138	0.9519913
-0.68199539	3.31186197
0.38232152	2.74784552
0.55705134	2.11056525
-0.4506008	3.56392178
-1.62954882	-0.02603402
1.50995742	-3.2413205
-2.0124859	-2.48252793
-1.08365222	2.56444235
0.94904223	0.58824749
-0.0601721	3.5583728
-1.2323779	1.95763059
1.1700384	-0.43986857
-0.2373928	3.70751947
0.17411712	3.34166631
-1.8695662	-1.01691707
0.77971549	1.50892848
-0.81067157	3.18445555
1.32004646	-1.61674763
-1.44655347	1.10700201
-0.67992849	3.51325195
0.50094434	2.33043332
-0.42822183	3.70589705
0.35342523	2.97394793
-1.61259553	0.16720327
1.53887743	-3.07444337
-2.04629792	-2.24894827
-1.06927939	2.78237129
0.90630504	0.74341944
-0.08387232	3.77706874
-1.27808009	2.18986831
1.17792038	-0.29014655
-0.82074753	3.32691711
-0.27683641	3.95507114
-1.86239313	-0.81832714
0.72990315	1.77133084
0.10104984	3.53857351
1.36358497	-1.45069264
-1.44595065	1.32847295
0.50748627	2.54324842
-0.62717211	3.78805516
-0.47891147	3.96541828
0.33438828	3.14179167
-1.67386556	0.33941157
1.55460169	-2.81562108
-2.07419508	-2.09982613
-1.09480532	2.91647339
0.98800426	0.93145131
-0.03973207	3.98255033
-1.81678263	-0.62972633
-1.28339111	2.30440595
1.16784903	-0.02670505
-0.82762847	3.5087605
0.74236074	1.96210025
-0.26640188	4.15036341
0.11656871	3.71944926
-1.49973725	1.57063005
1.31583875	-1.25092724
0.53622218	2.71566728
-0.66837784	3.97524873
-0.4960204	4.16653764
0.32666288	3.31305826
-1.68425357	0.58122668
1.55431513	-2.63527431
-2.01684768	-1.85242665
-1.08103951	3.10188999
0.96498977	1.16387504
-0.06094436	4.14435597
1.15624887	0.15163699
-1.89233384	-0.4279206
-1.24120611	2.52528425
-0.81017041	3.77838524
0.7667549	2.17353603
-0.26959348	4.31054352
0.16543413	3.95048783
-1.46925127	1.73755303
1.34285744	-1.03184787
0.55962932	2.95944529
-0.63659796	4.12862452
-0.4833932	4.32238958
0.36386427	3.51985388
-1.63050353	0.73420142
1.51104645	-2.42483492
-2.079456	-1.61019613
-1.0518942	3.30018034
0.95451136	1.32434824
-0.04605176	4.36146971
-1.25097725	2.72227474
-0.22673031	4.58645858
-1.87600416	-0.28388181
1.78791423	-3.81292286
1.14939464	0.3075029
-0.82843286	3.90542223
0.77603372	2.32400479
0.10242961	4.11221252
-1.4554698	1.92625313
1.35366043	-0.83945236
-0.42049008	4.50447876
0.58019287	3.1032706
-0.68291921	4.33622154
0.36832471	3.72544553
-1.68718743	0.94585091
1.51691853	-2.25958109
-2.01325873	-1.49926689
-1.08104278	3.53193081
0.96597614	1.5010793
-0.09479798	4.55906726
-1.25696958	2.98168955
1.11988849	0.5701649
-0.29535779	4.72943911
-1.8319138	-0.08616097
1.73198578	-3.65883786
0.73766255	2.58338302
-0.89167875	4.12510869
0.14193366	4.38082396
-2.27091888	-2.81329777
1.34803415	-0.68780197
-1.44943187	2.14771081
-0.68488883	4.5009475
0.5719308	3.36317966
-0.48700177	4.76256675
-1.68129442	1.13026775
1.57601922	-2.04568081
0.34900404	3.92208049
-2.02782074	-1.28151837
-1.0714142	3.78829565
0.93978277	1.7192685
-0.03509897	4.75841275
-1.28071703	3.16993965
1.16949463	0.70346621
0.7304427	2.73889223
-0.22186021	4.92623235
0.16870645	4.5507442
-2.294055	-2.69246087
-1.89701032	0.15900938
1.73336907	-3.45525039
-0.89210576	4.31711244
1.35481863	-0.4414862
-1.44219375	2.32576263
0.58537693	3.54604741
-0.62270474	4.77689165
-0.49377426	4.92309711
1.57794968	-1.87952773
-1.69676032	1.34807816
0.31886296	4.12922718
-2.0944825	-1.09686508
-1.01738711	3.90123204
0.9396663	1.90601784
-0.06727102	4.91728804
-1.880959	0.37673776
1.72042515	-3.23012453
-1.26443961	3.37187643
1.15580229	0.95752451
-0.84669536	4.5706392
0.73001253	2.93493069
-0.23054018	5.1710733
0.11028055	4.72733018
-2.25665735	-2.48238669
-1.45095413	2.54592301
1.32039194	-0.25498043
0.53366316	3.78763127
-0.61457217	4.91092853
-0.43231699	5.14768719
-1.64616621	1.53049458
1.58462745	-1.69883753
0.31763607	4.32871161
-2.09328099	-0.85804265
-1.04040525	4.13667578
0.9319868	2.17084769
-0.02704007	5.10499554
1.13112493	1.14574705
-1.8812053	0.50614405
1.71412187	-3.07659818
-1.23149275	3.55915963
-0.89557106	4.73707015
0.76015585	3.16374101
0.15104678	4.92390896
-0.28118412	5.36938448
-2.25720804	-2.25997316
-1.41104147	2.74093172
1.30799778	-0.0851333
0.56926822	3.91254886
-0.64055195	5.15201914
-0.47088719	5.33510537
0.37286085	4.54641841
-1.66644031	1.73361356
1.55288696	-1.44214867
-2.09078957	-0.62637007
-1.07243068	4.34407669
0.92189854	2.31967693
-0.02622682	5.31778777
-1.29250223	3.74946246
1.13814636	1.32814265
-0.2976888	5.51610928
-1.85395742	0.78876036
1.78026317	-2.84579515
-0.89509312	4.94891583
0.745357	3.38208993
0.10023844	5.17412008
-2.21120394	-2.05903373
-1.41583851	2.93434212
1.36197994	0.13940454
0.55183352	4.15189868
-0.47501906	5.50123092
-0.67603733	5.35249392
0.33291261	4.72761944
-1.61323667	1.95093846
1.56676765	-1.23523519
-2.0863076	-0.49679931
-1.08300625	4.50104309
0.91412334	2.54079418
-0.03078616	5.53092196
-1.29494759	3.90304897
1.1362861	1.58704412
-0.23097528	5.72721063
-1.89682752	0.9294843
1.74799803	-2.61806431
-0.81487932	5.12843638
0.72701916	3.55994404
0.1301416	5.3467969
-2.28392404	-1.84514766
1.38407595	0.31178718
-1.4424035	3.14073674
-0.64412523	5.52316122
0.52763191	4.36972654
-0.43911177	5.707274
-1.63501438	2.13447621
1.54140931	-1.04776666
0.37060541	4.96578884
-2.05111583	-0.24445005
-1.08659068	4.75898959
0.9828876	2.71831153
-0.0582665	5.76551892
-1.28654807	4.15161566
1.17974294	1.72814503
0.7547199	3.70715369
0.11175511	5.50899884
-2.281568	-1.68533985
-1.87943351	1.12988672
1.74358001	-2.46696962
-0.83620504	5.35924705
0.53825526	4.54316699
-1.44224308	3.37039718
1.37975689	0.56216142
-1.66555105	2.33832977
1.56386001	-0.89951823
0.38023066	5.17603678
-2.08823425	-0.05400361
-1.08636438	4.95198125
0.95741431	2.92002719
1.72729487	-2.27897067
-1.86651084	1.34889147
-1.24721453	4.30249558
1.15041159	1.91490772
-0.81863412	5.56824187
0.7232704	3.98914637
0.1775869	5.77870711
-2.23033177	-1.4463102
-1.49963509	3.54694809
1.36305357	0.7641098
0.5458448	4.77350499
-1.61632052	2.58886943
1.56029674	-0.66267035
0.36171479	5.38971703
-2.06670883	0.10834957
1.97359894	-3.82646244
-1.03480604	5.18523271
0.97277293	3.10721196
-1.28244013	4.51545465
-1.82509115	1.5628527
1.76710817	-2.01232189
1.17077638	2.11034413
0.75515383	4.12750964
-2.22164498	-1.25396661
-1.44895432	3.74790404
1.30548267	0.98961999
0.5077998	4.96436377
-1.68928383	2.73144531
0.3645009	5.56735634
1.52621797	-0.45652891
-2.05855678	0.36203783
1.94267472	-3.62284359
-1.06241452	5.36996854
0.94784109	3.37774542
-1.27770435	4.70524332
1.15058672	2.3526998
-1.87929503	1.70591329
1.76914871	-1.84397402
0.70495263	4.30036913
-2.23065615	-1.04056565
-2.45921544	-2.62025772
-1.49830056	3.95009698
1.30381386	1.15121677
0.52052385	5.12242734
0.38019045	5.77799811
-1.64075285	2.98595212
1.54092408	-0.21796662
-2.01371145	0.50776469
1.97815021	-3.49910096
0.92973729	3.54766819
-1.22825565	4.95115091
1.16509243	2.5796867
0.7239351	4.57134523
-1.85019675	1.95350716
1.71975936	-1.63544087
-2.22129297	-0.83037453
1.34094688	1.33874125
-2.48021504	-2.44119793
-1.495811	4.13918496
0.53560203	5.31744814
-1.61025534	3.10489362
1.50927047	-0.01564463
-2.07644591	0.7692822
1.97275018	-3.25714633
0.91386309	3.78619352
-1.22541372	5.10186477
1.1882905	2.72448852
0.72821173	4.76917708
-2.21927394	-0.69401731
-1.81121451	2.14328483
1.78977713	-1.46924127
0.52679486	5.50234253
-2.4582709	-2.27755769
-1.48009391	4.33411403
1.30546946	1.58308374
-1.69111398	3.33244081
1.55181487	0.13859655
-2.08185367	0.93254833
1.91180846	-3.09656265
0.92330621	3.95210854
1.71922026	-1.26582488
-1.81361235	2.30403815
-1.26070442	5.36269473
1.12759896	2.95682941
0.77421836	4.94963359
-2.28515949	-0.4221497
-2.46744747	-2.09873262
-1.48402346	4.51259295
1.35370017	1.7166063
0.51082697	5.75462104
-1.64879955	3.51052811
1.54048284	0.37772227
-2.06375844	1.17040345
1.93462258	-2.83607035
0.983347	4.10299834
-1.85101753	2.5406553
1.70424354	-1.06618698
1.12801231	3.10201903
0.7688949	5.12866348
-2.27997293	-0.2571163
-2.44968847	-1.89552904
-1.43466945	4.71482588
1.30181844	1.94851791
-1.64442625	3.73433542
1.58670774	0.50153276
1.91040042	-2.66961868
-2.05539227	1.3040961
0.97465586	4.37923691
1.113567	3.34540905
-1.85077666	2.75095497
1.73150197	-0.82697415
0.77193224	5.30272582
-2.28857222	-0.07038316
-2.45262468	-1.68379927
-1.48527163	4.9495818
1.38166232	2.16913326
-1.63128538	3.93709093
1.54450078	0.73102207
-2.09354107	1.55325642
1.95947999	-2.47898839
0.90404237	4.52015003
1.11855395	3.51273363
0.72632193	5.55592564
-1.83748992	2.93608271
1.70966531	-0.6418971
-2.26801916	0.14217787
1.34479168	2.3812147
-2.48553219	-1.41321956
-1.48449924	5.18044577
-1.68478718	4.14435881
1.53523298	0.93281203
-2.04652397	1.704914
1.92545074	-2.2846133
0.90347397	4.73746992
1.11938486	3.73187691
0.75077074	5.73200851
-2.22477454	0.36865694
-1.87919622	3.15262345
1.75828009	-0.43781213
-2.46135444	-1.23175424
1.35325791	2.57497919
1.53538865	1.14038092
-1.61613666	4.33183331
-2.07366717	1.94388168
1.98287407	-2.01915414
0.9006904	4.98688151
1.73208536	-0.21273664
-1.87101778	3.33743823
1.12047821	3.92672949
-2.2317798	0.54103658
2.18544237	-3.89702117
-2.46073183	-1.08855898
1.31829066	2.71144847
-1.6367894	4.50725566
1.57682265	1.3170513
-2.08769184	2.13357563
1.98620868	-1.8991234
0.91445789	5.16471571
-2.25124311	0.75327536
2.12570984	-3.65667497
-1.83638542	3.55403596
1.77424406	-0.09292004
1.14640072	4.14689474
-2.47032367	-0.82317654
-1.63337796	4.77122677
1.58286433	1.55433348
1.30163326	2.97237247
1.97217152	-1.62884129
-2.04937861	2.37186371
0.91437421	5.35117572
-2.2741757	0.93176259
-1.85479719	3.72489731
1.71211653	0.1387523
1.10720393	4.38921369
2.12690478	-3.41878935
-2.4717944	-0.68686687
1.36416912	3.18262168
-2.67801414	-2.45385318
-1.63210567	4.91718853
1.52824925	1.70799256
-2.02305248	2.58992412
1.96192851	-1.46442934
0.96859928	5.52296155
-1.87820696	3.94936401
1.73528608	0.3514305
1.18241464	4.58725474
-2.25905097	1.18751096
2.14035535	-3.29296832
-2.41760759	-0.47590799
1.30648653	3.3085223
-2.65833258	-2.24094538
-1.6386771	5.14005682
1.57147668	1.98612738
-2.06012636	2.75895046
1.92194564	-1.23186487
0.96745214	5.72864343
1.14891031	4.77291482
-2.21803358	1.34418997
-1.8862801	4.11822469
1.72538423	0.55365877
2.15398947	-3.06762196
-2.42220597	-0.24299732
1.33227331	3.58025543
-2.61451001	-2.08858008
1.56721988	2.12548273
-2.06784248	2.92129274
1.93942052	-1.01369897
0.94720659	5.95705691
1.72801176	0.70130443
1.18981941	4.90385303
-2.22321636	1.54384257
2.10623989	-2.87348421
-1.8922594	4.36149648
-2.49958721	-0.09228267
1.37917941	3.78735888
-2.68262244	-1.8425065
1.50595791	2.34343164
-2.09241193	3.1849107
1.91583186	-0.86349862
-2.25259698	1.72161964
2.13882117	-2.68117249
-1.81023854	4.51980199
1.7220407	0.98476806
1.17337118	5.10024114
-2.697854	-1.62351239
-2.45054349	0.16791062
1.56357372	2.55253443
1.38047539	3.95933211
-2.06765433	3.32297882
1.94192597	-0.6327225
-2.2300035	1.95989644
-1.82046212	4.70101398
1.7068552	1.15491437
1.16233356	5.30830151
2.14923207	-2.48837265
-2.49488686	0.37783463
1.33648285	4.10029677
-2.65529109	-1.44335304
1.56592317	2.74417672
-2.05339434	3.53116537
1.9667751	-0.42240782
-1.82918348	4.97473317
1.7548244	1.34097308
1.1393391	5.55551765
-2.24970157	2.11310408
2.1775336	-2.2938892
-2.45503322	0.51570171
1.51282642	2.95422833
1.31490107	4.30794246
-2.67668817	-1.29887657
-2.03186859	3.71669671
1.90641596	-0.27133266
1.11304488	5.75685197
-2.28875072	2.37975559
1.70443659	1.55501585
2.13751534	-2.02179634
-2.4863389	0.72533805
1.30629954	4.50673813
-2.62758027	-1.09886092
1.52788059	3.18008538
-2.03028168	3.91154843
1.95545524	-0.01128813
1.73778943	1.78226658
-2.21752346	2.58696006
2.12536673	-1.83583911
-2.45296647	0.98509526
2.31953864	-3.82599968
1.36560493	4.73131189
-2.6170096	-0.84447707
1.54968563	3.30253052
-2.09582916	4.11733872
1.95728931	0.15947655
-2.24185949	2.75949016
2.14004649	-1.68653564
1.70850834	1.93305163
-2.66361548	-0.65633149
2.37060396	-3.65234347
-2.48496103	1.13097336
1.50701956	3.58694614
1.32045572	4.94975696
-2.07684994	4.38099786
1.90192875	0.33006046
-2.22657902	2.94909521
1.70766649	2.1099311
2.13792745	-1.49597974
2.33541865	-3.46044074
-2.46130921	1.30620351
1.35274477	5.14319568
-2.69825692	-0.43570773
1.58577217	3.7217817
-2.02411338	4.53317662
1.92809693	0.58700217
-2.81697833	-2.26363577
1.73813882	2.35948208
-2.29581416	3.12531587
2.1068598	-1.234122
-2.46159625	1.5182981
2.31466372	-3.25053764
-2.64078569	-0.22195857
1.57917165	3.95029688
1.37761216	5.30873538
-2.02925462	4.76843737
1.93235006	0.77813635
-2.87945999	-2.05918138
-2.29101163	3.31624749
1.74442087	2.55141085
2.10479424	-1.05309738
-2.44322082	1.74733138
2.32023433	-3.08253201
1.38586049	5.56870234
-2.68934595	-0.01786793
1.50745689	4.16185941
-2.07106608	4.93478535
1.93051285	0.94797775
-2.8641696	-1.87306797
1.78696523	2.76224642
-2.23567933	3.56239731
2.18330832	-0.81191401
-2.45780206	1.94179366
2.31148945	-2.8417923
1.35641855	5.72436016
-2.65071949	0.11633213
1.50665208	4.3811962
1.98611108	1.16210648
-2.83880849	-1.65739796
-2.2599088	3.77718136
2.15259862	-0.66696548
1.72344263	2.92303125
-2.64174184	0.38154019
2.31789669	-2.61865221
-2.47000517	2.11380035
1.51676399	4.5515973
1.96139467	1.34275924
-2.8163292	-1.47468735
-2.23855527	3.9101386
1.7025046	3.16070272
2.16338137	-0.47114892
2.37326354	-2.42596576
-2.42473738	2.37202296
-2.63072703	0.57289253
1.58935114	4.72113276
1.92244468	1.52491683
-2.83315935	-1.26334175
1.78250983	3.36232921
-2.25983182	4.15753609
2.10070862	-0.21764841
-2.41875655	2.51224041
2.30888612	-2.26446526
-2.65028447	0.76044334
1.51793951	4.92690123
1.92238744	1.71009888
-2.87909156	-1.09973831
1.76623089	3.5030077
-2.2537408	4.30718116
2.17419808	-0.04224811
-2.41460176	2.73090733
2.36103741	-2.03815605
-2.68259095	0.92216323
1.51239471	5.1007268
1.94127982	1.93716266
-2.86693915	-0.82257261
1.73736877	3.7590255
-2.26037259	4.53120765
2.13826598	0.11415771
2.31433272	-1.86109076
-2.42456479	2.97858913
-2.61635344	1.18692564
1.58013814	5.33633034
1.91807519	2.16554392
-2.88634547	-0.67262703
-2.26864329	4.78727905
2.10845025	0.33236842
1.7345127	3.91958093
-2.66072671	1.31810696
2.35603129	-1.67076527
-2.43660594	3.1060281
1.56768199	5.5057559
1.95065835	2.33166108
-2.89658306	-0.47079748
1.78020605	4.13763807
2.17326927	0.58923355
-2.42457151	3.38856541
2.35479572	-1.46266089
-2.66523431	1.56025187
2.56859994	-3.61005776
1.52630858	5.78143654
1.96089585	2.53067241
-2.81123533	-0.23941094
1.7002069	4.30069668
2.1295825	0.74487605
-2.46091232	3.56113683
2.32786796	-1.23403158
-2.62167043	1.77508638
2.58676061	-3.44187259
1.90395319	2.75004203
-2.84759395	-0.0226295
1.78711647	4.57755135
2.12894634	0.98961514
-2.44570996	3.75578502
2.3737557	-1.07545321
-2.69616504	1.90137092
2.52915894	-3.26667759
-3.09101785	-2.07029679
1.92878756	2.92993371
-2.8450589	0.15585786
1.76076146	4.75453053
2.15365777	1.17821515
-2.41026674	3.92542793
2.31545467	-0.82041106
-2.67514311	2.16882462
2.56524452	-3.07180076
-3.01065149	-1.84787814
1.94352222	3.15659793
-2.88057012	0.33419991
2.1716772	1.33151913
1.75975569	4.94013787
-2.67006131	2.30100864
2.31783154	-0.69915951
-2.49707253	4.15500136
2.50700178	-2.88686793
-3.09494164	-1.68444697
1.90591575	3.34566138
-2.83372958	0.51344413
1.77247226	5.16530996
2.15004146	1.58927331
-2.41980228	4.34676607
2.30257902	-0.45174604
-2.65113803	2.58881535
2.52902573	-2.63818016
-3.05404535	-1.42253404
1.94937275	3.54637957
-2.84788025	0.75526254
1.78534443	5.34629519
2.11126657	1.77664237
-2.42405152	4.53803149
2.37806043	-0.29647996
-2.63773023	2.74391344
2.54068462	-2.4569968
-3.07057388	-1.25246356
1.91753131	3.73046583
-2.87170088	0.94315875
1.7383816	5.57091827
2.10389586	1.94838456
2.35523325	-0.05786609
-2.66696835	2.9290299
2.54886593	-2.24433077
-3.09070945	-1.04679551
1.97223611	3.93869856
-2.89577678	1.16687357
1.73134367	5.75823149
2.14012418	2.16434703
2.37382575	0.10559031
-2.62700663	3.11366672
2.55538835	-2.01613933
-3.07035196	-0.83733241
1.95451503	4.13290697
-2.82647032	1.32180539
2.11192619	2.31088268
-2.61507111	3.34153325
2.3322182	0.36573079
2.58201556	-1.89939269
-3.09304963	-0.65401029
1.95752098	4.37640567
-2.81771134	1.57794394
2.10799506	2.53446583
2.36448531	0.52315139
-2.67401456	3.5190759
2.58045354	-1.61631163
-3.08723227	-0.48985145
1.94326155	4.51061995
-2.835981	1.77919489
2.1261759	2.70509461
2.35531036	0.70281994
-2.6598315	3.75401733
2.57256312	-1.46410556
-3.04540076	-0.28635088
1.9215185	4.76588153
2.75402835	-3.69548495
-2.8233704	1.94185269
2.18810451	2.94038898
2.37688133	0.95232767
-2.64004787	3.94968061
2.52856597	-1.28513823
-3.0757943	-0.05685157
-2.09416142	8.90512087
1.96421085	4.90314964
2.74604906	-3.49559054
-2.87877644	2.1460917
2.10709062	3.13071569
2.31462861	1.14238174
-2.69968278	4.12217188
2.53259269	-1.0925243
-3.02704811	0.15364212
1.9776152	5.11032864
2.78778357	-3.23002458
-2.84702017	2.3165622
-2.22131083	7.70275469
2.1636404	3.33611178
2.35712915	1.319122
-2.65296969	4.37429685
2.5372013	-0.83728833
-3.09436003	0.33415458
1.93043803	5.35474839
2.71506991	-3.02806139
-2.85978978	2.5426109
-2.21525605	7.90546205
2.11344092	3.52438949
2.32629245	1.56241016
2.51479348	-0.66250528
-3.09257712	0.56082451
1.98316313	5.51965759
-2.82379102	2.74816091
2.71132024	-2.86121238
-2.27536454	8.1012156
2.18234266	3.70818341
-3.26719783	-1.64917357
2.30590106	1.70619591
2.54851755	-0.48459015
-3.05606082	0.78290922
1.93490234	5.75249608
2.73880649	-2.64339289
-2.83600407	2.94740933
-2.24825218	8.34369071
2.12436066	3.98289282
-3.21661602	-1.43321463
2.33236316	1.9281875
2.58011449	-0.21278585
-3.01823247	0.91449735
2.74718803	-2.43073697
-2.86914386	3.13959532
-2.29572813	8.57327241
2.1794786	4.1491856
-3.21568902	-1.23032532
2.30175917	2.17749651
2.54272783	-0.05061394
-3.04800274	1.16206831
2.74448482	-2.26606586
-2.83751694	3.33522227
-2.21372929	8.72128322
2.16397182	4.37483983
-3.22754809	-1.01679126
2.56906915	0.14132675
2.37200334	2.34118647
-3.0731564	1.35468624
-2.86273829	3.54659234
2.73835426	-2.02554376
-2.25746656	8.93492094
2.13002796	4.54962109
-3.2280011	-0.86348788
-2.41843143	7.33390765
2.38777882	2.54238921
2.51394379	0.38659738
-3.06869028	1.51598926
2.75015564	-1.89530302
-2.84456457	3.78315682
-2.25753235	9.11264975
2.12147418	4.76085496
-3.28396922	-0.61046455
-2.41239117	7.56717204
2.35514342	2.76717151
2.50105721	0.56003811
-3.07563984	1.71553782
2.78887756	-1.65067454
-2.83273223	3.92054699
-3.28271032	-0.48442881
-2.21215327	9.31108947
2.11250052	4.97873515
2.54615267	0.74998602
-2.49431588	7.78722185
2.38384425	2.96682115
-3.0293822	1.92631311
-2.85212715	4.15640162
2.71132598	-1.41802341
-2.26749678	9.51688991
2.15148504	5.17196439
-3.27931558	-0.28548916
-2.48388128	7.9383571
2.37899977	3.11198889
2.58214514	0.94800787
-3.0394925	2.10233807
2.72367263	-1.22608239
-2.2719795	9.76652362
2.11969957	5.33626781
-3.27818382	-0.02954369
2.58331484	1.18365137
-2.48789995	8.11924348
2.32116907	3.33000534
-3.04325091	2.30532554
2.78863123	-1.01554423
-2.22653629	9.90721193
2.11094865	5.51479742
-3.23221484	0.16714168
-2.45692817	8.34647021
2.32719802	3.55443799
2.53113916	1.36601007
-3.06761994	2.53814432
2.96954887	-3.48524556
2.7821406	-0.87619268
-2.22779296	10.15665593
2.11172688	5.71670173
-3.2354695	0.37611393
-2.48668024	8.54609999
2.30827112	3.76474723
2.53756062	1.52847502
-3.05483605	2.77423896
2.93480514	-3.2355166
2.72666716	-0.62404724
-3.2282128	0.58441062
-2.63554667	6.91369786
2.56013176	1.7470943
-2.47431033	8.77912458
2.32446071	3.9890514
-3.02822596	2.93659641
2.94921492	-3.05540749
2.70876006	-0.41765113
-3.28457055	0.72390076
-2.42813367	8.92773331
2.33755303	4.17109573
-2.6350228	7.11803154
2.5097277	1.97920474
-3.06055159	3.10556411
2.90714918	-2.86914409
2.73825406	-0.2291839
-3.24486499	0.94656673
-2.66338893	7.30316635
2.50467288	2.170777
-2.44261191	9.13001993
2.31258477	4.32464559
2.94248813	-2.67593733
-3.02976291	3.35761028
2.74894036	-0.06062601
-3.26630472	1.12729849
-3.45346226	-1.21649375
-2.4275795	9.30635893
2.33711796	4.57096036
-2.61912417	7.54277764
2.54807547	2.34231771
-3.0342613	3.58639751
2.94775389	-2.48585319
2.72435074	0.17865709
-3.25529474	1.34136186
-3.45631913	-1.02642015
-2.61556483	7.77695999
-2.42323736	9.57117906
2.35810936	4.74506985
2.56643228	2.53473586
-3.04610506	3.77633633
2.91550966	-2.29181654
2.78292867	0.33956851
-3.28788362	1.54785751
-3.43185457	-0.85743046
-2.66401145	7.93898367
2.56129292	2.71356876
-2.44691056	9.73854322
2.30771821	4.93409056
-3.09336284	3.90624767
2.91307409	-2.07192997
2.76783295	0.52965168
-3.24345195	1.75398283
-3.43037747	-0.63106483
-2.49829526	9.98044832
2.3691704	5.18663405
-2.65533219	8.18294804
2.53424468	2.91592928
2.91184904	-1.87470613
2.71109019	0.72728702
-3.2678591	1.93616337
-3.49679703	-0.49012251
-2.69733041	8.3434284
2.53847321	3.15645445
-2.48972488	10.15921517
2.31682045	5.32660618
2.91664618	-1.63376236
2.74249151	0.92994289
-3.28857142	2.17141456
-3.4740571	-0.2376041
-2.4713374	10.3314792
2.3430278	5.58132293
-2.69327983	8.57686269
2.54225929	3.38749516
2.97060123	-1.48023311
2.76029055	1.13926548
-2.87231046	6.76195812
-3.21773394	2.3054767
-3.42527511	-0.09108109
-2.45495627	10.54408451
2.3159687	5.7191679
2.58798911	3.53991305
-2.66084771	8.72820375
2.93077538	-1.2664904
2.72128429	1.38088668
-2.86309301	6.91582936
-3.24040698	2.50420447
-3.42930558	0.13559389
-2.69628572	8.97498389
2.55579822	3.77831292
2.94541351	-1.06350999
-2.87031045	7.14341443
2.71043926	1.50679539
-3.29084732	2.78294698
-3.49942627	0.31395039
-2.65408858	9.18470861
2.51461867	3.91420516
2.9562397	-0.83843603
2.74946164	1.73613854
-2.85525728	7.30857894
-3.23536669	2.97728467
3.12542661	-3.44762301
-3.47720115	0.52151017
-2.62146746	9.33779085
2.58990894	4.1799263
2.98632869	-0.69363704
-2.87604464	7.54927073
2.73977805	1.98204923
-3.28553462	3.1506614
3.10532197	-3.27787631
-3.48162733	0.75324673
-2.67740267	9.57888238
2.52496696	4.38140165
2.9217298	-0.49047671
-2.83963992	7.73245109
2.76474081	2.16368968
-3.29780646	3.30235886
3.10099826	-3.08940108
-3.45558684	0.95396565
2.53101848	4.50196616
-2.63635153	9.73569757
2.90974716	-0.29802832
2.76313058	2.3058779
-2.82855761	7.93681764
-3.2755697	3.52266827
3.12926664	-2.82979817
-3.41455732	1.17472154
-2.61158434	9.95136484
2.51738905	4.7141256
2.92647596	-0.07651921
-2.81095733	8.13139257
2.78456785	2.53118599
3.18010882	-2.68871019
-3.42572022	1.35717231
-2.67398319	10.18110613
2.58392961	4.98368865
2.97360953	0.11111879
2.7862237	2.75942723
-2.85333512	8.35201921
3.16233497	-2.44971752
-3.43315428	1.56417816
2.55669714	5.16526551
-2.65138864	10.37788344
-3.01011413	6.35438037
2.95380309	0.30370286
-2.82337603	8.58858373
2.71762623	2.96118539
3.13394076	-2.21317794
-3.47855632	1.70956622
-3.66541153	-0.88774951
-2.69306381	10.56427903
2.51556842	5.34355551
-3.02665732	6.51335516
2.96387533	0.52237311
-2.877363	8.73467135
2.78351083	3.12108085
3.11667605	-2.04456807
-3.42619445	1.92767441
2.53118296	5.52940487
-3.69569677	-0.67852585
-2.69829131	10.75569081
2.9683025	0.73179311
-3.07322207	6.74580667
2.70011224	3.33705499
-2.85054985	8.96896677
3.105943	-1.85720365
-3.46433835	2.14360679
-3.6299301	-0.47075247
-2.6460351	10.9861842
-3.06147557	6.95283977
2.92592697	0.97079365
-2.87181272	9.17542273
2.72100425	3.54840209
3.13697628	-1.67732363
-3.43581755	2.37044566
-3.65547939	-0.24200471
-3.0675288	7.10211737
2.92758598	1.12581136
2.74100748	3.78763557
-2.83635263	9.33747706
3.14779001	-1.43207281
-3.45010175	2.52932365
-3.66049508	-0.03725723
-3.0589394	7.37289508
2.90367837	1.30599454
-2.86921921	9.53131013
2.76143087	3.94252392
3.10345863	-1.29001119
-3.44186857	2.7645218
-3.67797712	0.1563174
-3.03877988	7.50253094
2.97966175	1.51077952
-2.84927268	9.74611063
2.70651516	4.11128162
3.18220489	-1.04922305
-3.43685145	2.90157588
-3.63609637	0.32099759
2.90119027	1.7102099
-3.05956377	7.76298255
-2.87365972	9.91555288
2.70838349	4.34096647
3.18183506	-0.8235942
-3.48475303	3.18510014
-3.69420241	0.51106153
-3.02950985	7.91504984
2.91868851	1.96324171
-2.87018141	10.18709133
2.71394983	4.55527372
3.13420335	-0.68576382
-3.66322586	0.76485962
-3.06337591	8.16230828
2.92436266	2.17640467
2.71633969	4.73110832
-2.88332776	10.34977953
3.10484333	-0.42470026
3.34624057	-3.21968203
-3.68954119	0.96696954
-3.0372522	8.36022879
2.905823	2.37169587
-2.88529008	10.5850104
2.74468041	4.96364919
-3.28815793	6.1013643
3.10204968	-0.23658941
3.36534484	-3.05064844
-3.67686356	1.10315773
-3.03343834	8.5186192
2.95566153	2.5171974
-2.83058072	10.71496053
2.73394799	5.15690175
-3.27182612	6.35314931
3.18857335	-0.01215884
3.36809446	-2.85458142
-3.64649525	1.32322086
-3.011702	8.76356918
2.93435897	2.77420345
-2.82049525	10.9642126
2.71656197	5.31306185
-3.22210009	6.50609547
3.16498215	0.17278395
3.35851219	-2.68162485
-3.69172838	1.50489765
-3.0634316	8.97726496
2.93911505	2.9854248
-2.86004617	11.10332392
2.71228848	5.51703649
3.14023198	0.35578357
-3.25979201	6.73000612
3.3399511	-2.42295332
-3.67448857	1.7012103
-3.01334537	9.18291829
2.9896407	3.10865081
-3.24604548	6.95445243
3.11675868	0.5197991
3.38329015	-2.24192453
-3.64164379	1.90719018
-3.05453226	9.37274301
2.90396534	3.36811195
-3.261035	7.16800364
3.10561999	0.72451839
3.36363841	-2.05929825
-3.68251063	2.10999967
-3.01602407	9.57541734
2.95990968	3.50168425
-3.87589047	-0.42429518
-3.27728696	7.32327561
3.15220261	0.98820429
3.326028	-1.81214722
-3.66805913	2.30875928
-3.02953868	9.7771433
2.96116336	3.74220894
-3.85683793	-0.28334844
-3.2333511	7.55529301
3.17452909	1.13732148
3.36564957	-1.62255231
-3.64172356	2.50290246
-3.09648086	9.95205769
2.98156532	3.95381231
-3.84965074	-0.07301106
-3.21170288	7.76000187
3.12027014	1.32249698
3.30878384	-1.44810895
-3.68403318	2.74795001
-3.08722541	10.15764608
2.92594224	4.1006977
-3.87546493	0.16873774
-3.26757692	7.97455253
3.1626811	1.56441022
3.3565022	-1.27948924
-3.07228385	10.38950769
2.97393569	4.35651249
-3.83830409	0.31465922
-3.23699525	8.14047892
3.11153967	1.73136665
3.36892656	-1.01578384
-3.0687567	10.51363303
2.94273888	4.57181372
-3.85933146	0.50943622
-3.26401477	8.35733109
3.102493	1.98654946
-3.42361523	5.908203
3.36976741	-0.87192725
-3.06533745	10.76863677
2.91301511	4.78488099
-3.89989041	0.78389692
-3.23095722	8.514285
3.10104225	2.12710811
-3.41823298	6.1060711
3.3793536	-0.63463148
-3.08714262	10.91215092
2.97304281	4.91288837
-3.83166406	0.91056482
-3.22799589	8.70118259
3.12821494	2.32939673
-3.46004092	6.31367425
3.31271325	-0.44093183
-3.07049347	11.11624224
2.94728733	5.11424443
-3.86219607	1.15998647
-3.22692072	8.94834909
3.18908476	2.55299874
-3.4463988	6.50818803
3.31597907	-0.23430139
3.57994809	-3.24385133
-3.01357167	11.36296673
2.91850408	5.33064953
-3.82315066	1.34730065
-3.22269563	9.14799601
3.15957196	2.73711937
-3.48536966	6.72035698
3.34655155	-0.04216314
3.54500372	-3.02697779
-3.06035471	11.57201575
-3.86821694	1.52882605
-3.29696708	9.33848917
3.11771954	2.91629145
-3.48053153	6.92677414
3.38095342	0.10393463
3.5499219	-2.85618328
-3.86922958	1.76587462
-3.26044223	9.56930341
3.11787533	3.10417361
-3.49886055	7.16668715
3.36140601	0.31001796
3.51567289	-2.62723422
-3.87821152	1.90991645
-3.29960553	9.77961414
3.18448235	3.34306145
-3.45087653	7.32491881
3.34053701	0.55949542
3.55162111	-2.43807142
-3.86069084	2.13972472
-3.24949276	9.94497337
3.1042137	3.56025318
-3.4379432	7.53188228
3.35744466	0.78383433
3.54097801	-2.29029897
-3.82924497	2.38267673
-3.22451664	10.1220061
3.13314696	3.72999701
-3.48523778	7.75300835
3.37798111	0.93817029
3.5873146	-2.01089177
-3.26239424	10.36312636
3.17008762	3.91965847
-3.49100449	7.98011007
3.35947791	1.17374695
3.54468788	-1.88611871
-3.24602434	10.50444158
3.13371838	4.11522246
-3.42587676	8.14984425
3.37739342	1.30023874
3.57086827	-1.69708408
-3.25298332	10.7677202
3.11079842	4.30674524
-3.43311801	8.30252971
3.32198631	1.57608319
3.53952713	-1.46750971
-3.66352685	5.76644301
-3.24675436	10.9415273
3.12262539	4.58292561
-3.44039383	8.5694462
3.38693875	1.77572296
-3.69824554	5.90608978
3.5887176	-1.29480592
-3.29616105	11.12953258
3.10698674	4.70818556
-3.47638728	8.72392155
3.36944332	1.95848433
-3.61861293	6.1149232
3.56882507	-1.08772229
-3.22172866	11.38807787
3.16647184	4.91059388
-3.48678805	8.97516458
3.30715656	2.12950026
-3.64675096	6.34908878
3.535134	-0.87864837
-3.27872057	11.5491935
3.11340286	5.11402624
-3.43850464	9.1176284
3.34141577	2.31746829
-3.63672496	6.5320303
3.52303934	-0.6122003
-4.07802989	0.95245102
-3.27425202	11.71344314
3.17781079	5.38014566
-3.46665089	9.37632493
3.37186899	2.57079806
3.57067357	-0.46023263
-3.64841198	6.74437257
-3.42981467	9.57324461
3.33739606	2.73475566
-3.63256283	6.91917525
3.57489868	-0.29914167
-3.4697664	9.76568785
3.36947569	2.98775413
-3.66909461	7.13730742
3.51985437	-0.03046171
3.70377552	-3.06803352
-3.43273641	9.91949446
3.3832697	3.13186303
-3.6374842	7.3477146
3.50993228	0.18057887
3.74204365	-2.87442262
-3.46813019	10.11874701
3.31797271	3.36537699
-3.61917245	7.56012627
3.55012117	0.30657831
3.77322525	-2.66531731
-3.45786593	10.36873137
3.34386231	3.55720173
3.55262871	0.56712041
-3.67534972	7.70179792
3.7826701	-2.42281254
-3.48904441	10.56005055
3.3259794	3.71725695
-3.65747764	7.90628209
3.57197621	0.72552052
3.74030715	-2.27293832
-3.45321121	10.7323924
3.32427884	3.92715665
-3.63683062	8.14241549
3.55189279	0.97858684
3.70309621	-2.057264
-3.46296443	10.93776367
3.30538605	4.1741716
-3.67343041	8.38102056
3.52749408	1.11152572
3.70510351	-1.86064583
-3.83744126	5.78597325
-3.42192925	11.11534889
3.30594435	4.30501736
-3.62752835	8.53805365
3.55252953	1.37744896
3.75660393	-1.65561777
-3.87740901	5.9284185
-3.48008452	11.38254361
3.34200299	4.54358424
3.55908799	1.55016214
-3.64725996	8.75214936
3.75114681	-1.46169264
-3.85701169	6.11545422
-3.4792783	11.54121254
3.35024913	4.7392145
-3.63955281	8.98026703
3.51455836	1.74224829
3.78267636	-1.21475546
-3.85658648	6.34399225
-3.48051262	11.7335685
3.31887857	4.90963571
-3.67260676	9.11334894
3.53239475	1.90599705
-3.8725367	6.52454356
3.76229238	-1.06300478
-3.46219592	11.9142533
3.34765957	5.12462317
-3.65240014	9.33509676
3.55918827	2.17186141
3.71810373	-0.86478015
-3.83598551	6.78644697
-3.68458405	9.55584324
3.54958186	2.31781579
3.76676706	-0.66213722
-3.83161165	6.91483802
3.55504667	2.56034316
-3.66901867	9.75958063
-3.88228419	7.16669104
3.73970305	-0.4952408
-3.64722072	9.96216735
3.54620653	2.76665422
3.71597508	-0.2759673
-3.83567716	7.33228195
-3.61644445	10.10121526
3.55198302	2.94965487
-3.82826515	7.58693327
3.74694679	-0.01415874
-3.68343218	10.30605621
3.55490693	3.16060069
3.70659053	0.18233682
-3.8452681	7.70009449
-3.66557678	10.5648334
3.52389505	3.34916702
3.98456401	-3.02686808
3.75571957	0.30559116
-3.8848669	7.96628879
3.57992753	3.5571398
-3.6376745	10.78353151
3.95923041	-2.84324589
-3.82521947	8.17506087
3.7288512	0.52571879
-3.69347126	10.94904513
3.57747775	3.72340342
3.97879505	-2.62443108
3.70811457	0.77438097
-3.8507231	8.38456627
-3.69700613	11.1467262
3.54998782	3.95191683
-4.05683411	5.53341483
3.93250765	-2.43773062
-3.88699178	8.55699542
3.78171084	0.96357665
-3.65137653	11.3274194
3.50314854	4.16164966
3.93983281	-2.25744153
-4.01392819	5.71653997
3.75838394	1.15240226
-3.87851818	8.74292807
-3.68317778	11.54296157
3.51053766	4.32153625
-4.04013271	5.93440188
3.91951611	-2.04983779
-3.89507914	8.90148529
3.7881726	1.34340482
3.52808271	4.5545366
-3.68121158	11.77108451
-4.07842097	6.13178123
3.91237522	-1.82634002
-3.83549077	9.13515928
3.71476837	1.56716371
-3.66908757	11.92891926
3.50771218	4.75482006
-4.0109367	6.35192179
3.96730224	-1.64099359
3.74316585	1.71291384
-3.87293125	9.31690355
-3.68506665	12.1052802
3.57540363	4.98832916
-4.01884108	6.51735179
3.9765485	-1.43604903
-3.85113444	9.53932717
3.71106959	1.97155265
3.571654	5.1135675
3.98719403	-1.26905834
-4.06702762	6.73763257
3.78639418	2.11980128
-3.87705508	9.72500354
-4.05400686	6.91438185
3.93190722	-1.07310432
-3.87480458	9.90502802
3.70080515	2.31576267
-4.06265364	7.16509049
3.9421103	-0.82660189
-3.85498444	10.15246389
3.72536318	2.56996897
-4.0769459	7.34042997
3.93875403	-0.64958415
3.72828899	2.7431537
-3.8851974	10.3150575
-4.06279624	7.58528667
3.9687241	-0.44227904
-3.88896463	10.53534801
3.70976555	2.96265637
3.98175756	-0.21295037
-4.01742229	7.71618959
3.72135408	3.13833718
-3.8199538	10.75254525
-4.09625268	7.96717378
3.96500348	-0.02174671
-3.81227663	10.90435677
3.75400184	3.3256299
-4.01110701	8.18294454
3.98502194	0.11974198
-3.83765346	11.16617054
3.71720815	3.50161962
-4.03924032	8.33630692
3.92521645	0.3604148
3.75142258	3.71416392
-3.8777381	11.38352958
-4.06405127	8.51477051
3.97772662	0.55622622
-4.25125026	5.56198574
4.12161525	-2.84409358
-3.82225557	11.5457679
3.76207351	3.97467891
3.91161264	0.76369897
-4.01565334	8.76780902
-3.86829695	11.73976478
3.78341919	4.12913298
4.18302635	-2.61878747
-4.25804839	5.70018402
-4.05389724	8.98717319
3.90397712	0.96726883
-4.23381791	5.93937498
4.13641732	-2.41633611
-3.86689187	11.95929251
3.75752984	4.38579262
-4.02958797	9.10023914
3.96745625	1.11543299
-4.21170417	6.1501575
4.18593537	-2.27263505
-3.8871122	12.15996798
3.75431302	4.54877841
-4.05593603	9.34043074
3.9892569	1.30055206
3.7385572	4.78803944
-4.21306058	6.34573313
4.10303054	-2.02997915
-4.09707141	9.58518093
3.97190753	1.50112662
-4.24150379	6.58819043
4.17457705	-1.86551855
3.72785349	4.94191065
-4.05519368	9.78731671
3.98677945	1.71161743
4.17114557	-1.64250319
-4.25623048	6.75514809
-4.07836743	9.90291691
3.9215308	1.91371646
-4.24364181	6.98928152
4.15547224	-1.4462361
-4.01578989	10.12629475
3.92829686	2.15620427
-4.21250534	7.13481474
4.12110573	-1.29513058
-4.01668821	10.34778869
3.92283117	2.33728039
-4.2521007	7.36521004
4.14257256	-1.09834614
-4.03954717	10.58139619
3.97541238	2.52704503
-4.29330667	7.56521189
4.10940856	-0.85869825
-4.05080597	10.70159451
3.95396231	2.78544506
4.13113898	-0.65763902
-4.24638735	7.72681292
-4.05749105	10.9316991
3.9363374	2.92134938
-4.25949009	7.95321032
4.18031521	-0.48476313
-4.07561426	11.10520786
3.96315839	3.17943313
-4.29573741	8.14451489
4.10990631	-0.28327567
-4.02374095	11.36212997
3.91766748	3.3662999
-4.29433959	8.33757788
4.17343737	-0.03463644
-4.06024347	11.55463142
3.93780975	3.50706
-4.24372946	8.51135386
4.14621047	0.15397596
-4.47350469	5.34460105
-4.09099464	11.75726298
3.98808284	3.72156649
4.15558845	0.37665785
-4.29437582	8.77253899
-4.42098596	5.53472437
-4.06533699	11.96518615
3.9053537	3.98782063
-4.2476291	8.9878619
4.10066477	0.5477067
-4.43013097	5.7398688
-4.04870585	12.18064319
3.93867049	4.10972175
-4.22619043	9.11889864
4.14913402	0.76214892
-4.43011769	5.98754928
-4.02766573	12.35251564
3.97388574	4.33248751
-4.28648917	9.33634374
4.11640226	0.93040396
-4.45224396	6.14303149
4.35485194	-2.67439657
3.98432453	4.55480725
-4.26574041	9.52596157
4.1744385	1.15591551
-4.45716093	6.32287806
4.32427787	-2.48761539
3.91548411	4.77949149
-4.2596876	9.7186544
4.10490417	1.3267664
-4.46034965	6.56523848
4.35952671	-2.24605155
3.95411313	4.913144
-4.27120774	9.91489956
4.12098652	1.57759532
-4.48399964	6.72884935
4.3367226	-2.05011892
-4.27006438	10.18660017
4.12719136	1.73627559
-4.47432332	6.96924848
4.30750674	-1.89808722
-4.25247545	10.31668942
4.16015067	1.96019812
-4.41461321	7.14762496
4.35902027	-1.69143509
-4.24104055	10.56079643
4.1284936	2.15276713
-4.42090325	7.37262937
4.38632419	-1.43353713
-4.24158359	10.75720579
4.14258896	2.38951112
-4.47867083	7.53967742
4.34406767	-1.26655535
-4.22664536	10.93011716
4.14446549	2.58210082
-4.46209522	7.77727637
4.37413586	-1.09046121
-4.23862967	11.15755854
4.11988584	2.7359273
-4.46838676	7.98462686
4.3398571	-0.81268445
-4.23104197	11.36187601
4.11016161	2.97029751
-4.41250905	8.14928887
4.37087741	-0.6380614
-4.22928975	11.5112911
4.18998147	3.14376585
-4.41295102	8.34128783
4.3252783	-0.43249163
-4.26312938	11.75146004
4.12486951	3.37785598
-4.4937504	8.5016795
4.37995242	-0.227406
-4.25482678	11.98910886
4.16556645	3.56015462
-4.69435329	5.33641205
-4.44052264	8.76209899
4.33748307	-0.03138704
-4.2439186	12.12447596
4.15212008	3.7664058
-4.65625051	5.5899087
-4.4943545	8.96745053
4.36642087	0.17394807
-4.22615892	12.38584944
4.10175751	3.9137684
-4.65109674	5.71271956
-4.46763526	9.14018759
4.30952673	0.38985946
4.11043233	4.17136764
-4.63736358	5.94234844
-4.48434417	9.36371735
4.37807303	0.53471733
4.18525896	4.37026269
-4.62331405	6.11042396
-4.48303765	9.55296392
4.33128237	0.75856242
4.10869824	4.53747797
-4.63202279	6.32660732
-4.44438843	9.77848215
4.31964089	0.97744394
4.10113945	4.73815751
-4.65953331	6.54616599
-4.48450235	9.90874802
4.32640464	1.18971101
4.50089037	-2.47063186
-4.61477821	6.71605093
-4.43669726	10.14797273
4.31033499	1.34438835
4.56190427	-2.25135132
-4.68145221	6.92569151
-4.46176033	10.32078567
4.36298142	1.51106516
-4.69375409	7.17776714
4.53686701	-2.09186928
-4.48047148	10.56665433
4.32360791	1.75540492
4.50880535	-1.8357673
-4.61733078	7.35838593
-4.41054763	10.70612229
4.32408057	1.90810447
-4.66506384	7.52003612
4.52452485	-1.67001414
-4.48413307	10.92692138
4.37268654	2.16786137
4.54913955	-1.43862849
-4.64775853	7.72331614
-4.48076614	11.13015637
4.3426491	2.30402836
4.54815716	-1.2564163
-4.61322388	7.95406546
-4.43765041	11.34036706
4.38326386	2.54435292
-4.66835534	8.12521632
4.50505179	-1.05113865
-4.44990639	11.51839371
4.34964428	2.71869221
4.56245821	-0.89027914
-4.62163505	8.36954144
-4.41562813	11.77546108
4.33613794	2.96091607
-4.69117924	8.56049096
4.5146536	-0.65746454
-4.4715844	11.9708255
4.3203872	3.1858062
-4.87655632	5.12754393
4.56914251	-0.44769662
-4.65818357	8.703442
-4.47753777	12.1418561
4.32771968	3.3241132
-4.89535776	5.34984042
4.57287715	-0.21621515
-4.663776	8.92772091
-4.45940199	12.35467546
4.31621835	3.52956695
-4.82686728	5.54407668
-4.64146759	9.1454168
4.58666579	-0.0641874
-4.48414191	12.55723508
4.36007396	3.7773318
-4.87571946	5.78748968
4.5035984	0.14425811
-4.64495719	9.34270085
4.34075429	3.93413922
-4.83035491	5.97823882
-4.64138667	9.57817734
4.50970592	0.38073455
4.36208452	4.15486324
-4.82505485	6.18422028
4.5546174	0.57849269
-4.63280633	9.71771692
4.35203241	4.31933017
-4.81804772	6.31168112
4.50835012	0.76807075
-4.66111687	9.94520143
4.36764368	4.53318322
-4.89887737	6.58954002
-4.67824851	10.11264815
4.56887909	0.94385618
-4.82033922	6.74678637
-4.69774555	10.35449068
4.53435609	1.17388001
-4.84628586	6.90930255
-4.6506091	10.57843673
4.55127269	1.32267634
-4.88725527	7.12601749
4.50673237	1.54681611
-4.65834203	10.71667082
4.71571841	-2.25776372
-4.88747731	7.36084334
4.56293879	1.72730146
-4.62622668	10.97750397
-4.89821557	7.58251802
4.78246949	-2.0330104
-4.61090093	11.14087739
4.57891418	1.98525311
4.76888388	-1.85176478
-4.87437968	7.76052418
-4.6315628	11.32485731
4.54950969	2.11810389
4.71945901	-1.64479813
-4.88346711	7.95287571
-4.64560572	11.58365882
4.51588476	2.38570007
-4.84514283	8.16589655
4.72173165	-1.48075012
4.51398294	2.52263178
-4.61288028	11.73337942
4.75310791	-1.2773499
-4.82778904	8.32794385
4.53501924	2.71084175
-4.65592432	11.96023925
-4.89614557	8.52566348
4.71676092	-1.09171678
-4.6687228	12.10240316
4.54075336	2.92501525
4.70704634	-0.8896018
-4.86514468	8.74745115
-4.6124014	12.33824424
4.52874525	3.15555278
-5.03932407	5.18112638
4.76707777	-0.68215868
-4.85494377	8.95240595
-4.61812921	12.54673303
4.58115455	3.36527764
-5.01373095	5.31494627
-4.88204672	9.17724773
4.78995857	-0.43414774
4.57524437	3.52573182
-5.05544057	5.56433303
4.7309737	-0.27809275
-4.82275023	9.38335886
4.50595367	3.76437809
-5.03619452	5.73622567
-4.85053862	9.52682173
4.73054632	-0.070053
4.51068047	3.9519791
-5.09760284	5.93537294
-4.87978568	9.7118333
4.75515797	0.12221758
4.54382861	4.10310995
-5.0775583	6.11557854
-4.89146601	9.96153431
4.75865916	0.37243889
4.51751762	4.3518754
-5.06528063	6.31445775
-4.84870942	10.16183221
4.70987452	0.56016294
-5.0227973	6.5470105
4.75333457	0.74515528
-4.85328727	10.32554559
-5.0991278	6.77519801
-4.88624732	10.52400896
4.75063401	0.90081262
-5.09438939	6.90434367
-4.88030847	10.73659688
4.78463054	1.11113706
-5.05643492	7.11079231
-4.81049922	10.9196402
4.72587217	1.30268204
-5.0378082	7.34912162
-4.89758473	11.18185797
4.77864095	1.51117983
-5.06570453	7.55902176
4.7574812	1.75226948
-4.85588145	11.34528669
-5.07017433	7.75402267
-4.88268175	11.5215785
4.71870937	1.9056571
-5.04120914	7.95224256
4.91080253	-2.08499196
-4.81662378	11.78480461
4.76297521	2.11239686
-5.07517319	8.14027507
4.91962125	-1.89363847
-4.86762724	11.90220601
4.78426255	2.38333736
-5.03496622	8.3405119
4.96094477	-1.65976969
-4.81419387	12.10196689
4.78020895	2.51511252
-5.03175346	8.5736698
4.92464033	-1.46865586
4.7463861	2.73984254
-4.81203424	12.37380377
4.95348559	-1.23811537
-5.04211424	8.73257706
-4.86787985	12.51807146
4.76624128	2.94603854
-5.03565326	8.95854913
4.9628795	-1.05065316
-4.88963949	12.77549595
4.72184941	3.18228385
-5.25306285	5.10850985
-5.09954364	9.18408393
4.91767711	-0.82992385
4.73763766	3.3631423
-5.29014419	5.30938388
-5.06176362	9.30734887
4.98659046	-0.65499926
4.76294755	3.54302929
-5.23631304	5.53802379
-5.016641	9.54376662
4.96784062	-0.49384682
4.76010951	3.71327882
-5.27955768	5.7365555
4.91207581	-0.22487607
-5.01501242	9.74789812
4.70829773	3.92848707
-5.23100027	5.9269359
-5.054577	9.95090959
4.91488851	-0.07768263
4.76104969	4.16312163
-5.21258562	6.13216829
-5.04413401	10.18248184
4.90264599	0.13250372
-5.24542888	6.38105379
-5.04397177	10.31394487
4.93803355	0.30067689
-5.27481589	6.55836287
-5.01924881	10.56952121
4.96770916	0.50768962
-5.22817362	6.72576918
-5.09242729	10.75098795
4.92698277	0.72574926
-5.29146948	6.92584926
-5.01795637	10.96585278
4.91410378	0.92418147
-5.27612209	7.12266987
-5.05487203	11.16842436
4.9046007	1.10949528
-5.26353163	7.36113346
-5.03033959	11.32065373
4.98529488	1.33597608
-5.23790902	7.51098499
-5.01926769	11.51353243
4.90730539	1.54103037
-5.27399117	7.70494087
-5.08856759	11.77799511
4.90860382	1.7516016
-5.23538312	7.9322321
-5.03605733	11.92337916
4.98311254	1.94798343
-5.24865052	8.11287035
-5.0565009	12.11723878
4.98805857	2.15774717
-5.2449339	8.33157168
-5.02085814	12.31689372
4.90190406	2.31626687
-5.21135345	8.50494115
-5.0588385	12.52909581
4.90273721	2.56392677
5.16255957	-1.62780652
-5.28857041	8.77579757
-5.07871853	12.7576895
4.90437101	2.7823803
-5.28711521	8.91279424
5.1712308	-1.49525516
4.91495909	2.91253417
-5.24739622	9.17282223
5.11885236	-1.25151938
-5.45032273	5.11604838
4.93651209	3.18890959
-5.24679234	9.33283047
5.11712467	-1.09380602
-5.41059551	5.38412521
4.91028213	3.32274025
-5.21971309	9.52880562
5.15835703	-0.85670271
-5.45969196	5.51043232
4.93906347	3.58474019
5.11418941	-0.65444261
-5.28766492	9.76136396
-5.4519631	5.71403832
4.93144028	3.73201348
-5.24620417	9.93348413
5.12978497	-0.45126943
-5.41401351	5.94057873
4.98255631	3.96034688
-5.24825676	10.14824947
5.15642017	-0.27512811
-5.44930777	6.16840101
-5.2926406	10.31341061
5.1470272	-0.07476084
-5.4728102	6.37248729
-5.27416435	10.53481541
5.12586553	0.17192918
-5.47298372	6.56234045
5.11677712	0.37593836
-5.24587374	10.7857815
-5.42504038	6.72259797
-5.22157045	10.95098873
5.17542968	0.50205035
-5.41404801	6.95760296
-5.25532076	11.18819029
5.13604575	0.77389321
-5.48782236	7.18675424
-5.24775295	11.30178862
5.11037809	0.96605599
-5.4569361	7.37118442
-5.21430065	11.51508681
5.14055769	1.18501054
-5.49147251	7.54954593
-5.23803241	11.70515788
5.11286729	1.30630614
-5.42103266	7.72244186
-5.29918726	11.95776729
5.16845673	1.51058725
-5.48954444	7.90599227
-5.2131074	12.15436866
5.12042078	1.74216004
-5.44828624	8.17184138
-5.27238694	12.38238015
5.18068921	1.96002707
-5.44444287	8.38046358
-5.21183105	12.51737096
5.14263631	2.14403448
-5.45615147	8.55179083
-5.27835811	12.78565472
5.15715804	2.30926061
-5.41866093	8.74675179
5.1625734	2.55649627
-5.45127215	8.92278636
5.12065167	2.75391326
-5.48073191	9.11444186
5.16797516	2.95969013
-5.65194895	5.1287888
-5.47101012	9.30083603
5.11423637	3.15713324
-5.61995281	5.37946261
-5.45334064	9.55003054
5.33706998	-1.29423168
5.16173759	3.38073797
-5.61043536	5.5753002
-5.47286711	9.71822421
5.37965243	-1.033917
5.1890162	3.53760978
-5.6764793	5.76658485
-5.45308118	9.91482651
5.3340597	-0.89388999
-5.67355673	5.91703087
-5.44376826	10.17994502
5.32455589	-0.66492738
-5.65546716	6.1818393
-5.46526315	10.34030092
5.36249977	-0.44578125
-5.66938762	6.33019366
-5.47820831	10.50688957
5.3303232	-0.21716723
-5.64164546	6.51236316
-5.42169512	10.70221508
5.30431962	-0.05829466
-5.61064746	6.70702629
-5.45232175	10.92183286
5.38046033	0.15208918
-5.66011832	6.93299341
-5.41571971	11.16477368
5.31416763	0.37322138
-5.65494445	7.11806764
-5.44424373	11.33667416
5.34470346	0.52127855
-5.66722549	7.35391197
-5.43936224	11.57104442
5.37454993	0.78684312
-5.62861081	7.50204655
-5.45171897	11.75178105
5.33756039	0.90964596
-5.67782282	7.78332081
-5.42556295	11.90186329
5.37783698	1.11632542
-5.6367259	7.98070185
-5.47426811	12.12453013
5.3656523	1.30953626
-5.69913417	8.17882543
-5.42337479	12.3088473
5.37811448	1.53391025
-5.61125489	8.38356598
-5.48352237	12.56290001
5.30894306	1.75333537
-5.66150285	8.57925936
-5.45559493	12.76757665
5.38344142	1.92987753
-5.6103134	8.77613184
5.31748117	2.14857841
-5.66320468	8.91741424
5.37162318	2.34674395
-5.64616907	9.12009252
5.3798727	2.5472797
-5.6122775	9.37174685
5.38056507	2.74723766
-5.82664176	5.16569261
-5.62550876	9.54416408
5.32651294	2.94833292
-5.88901393	5.38558482
-5.62661329	9.73346365
5.38848508	3.11379633
-5.81258258	5.56742114
-5.63860914	9.90684818
-5.81652627	5.75627619
-5.65993876	10.12885906
-5.84644361	5.94532338
5.51522651	-0.88284611
-5.63278324	10.37100133
-5.8876997	6.11018317
-5.63250443	10.58063271
5.52984229	-0.64006825
-5.88566028	6.37397567
5.56350604	-0.41148052
-5.644249	10.78144301
-5.87345663	6.51402614
5.51429951	-0.25130382
-5.681012	10.94653498
-5.89196369	6.78651581
-5.67303005	11.13547487
5.51957107	-0.01602014
-5.89161024	6.92961486
-5.66733671	11.30629524
5.50495372	0.10459758
-5.86213162	7.12542857
-5.67312115	11.55671351
5.53424602	0.34218433
-5.86221298	7.32855716
5.56409739	0.51204832
-5.62799003	11.74004397
-5.87388361	7.50373605
5.51461961	0.70869249
-5.6340561	11.9467557
-5.82461735	7.7586534
-5.62063099	12.13096773
5.56226975	0.93069066
-5.88817207	7.98531863
-5.69492368	12.33412684
5.52269627	1.12554336
-5.89074839	8.18772321
-5.62310959	12.5881331
5.57748579	1.31562801
-5.83549901	8.35364106
5.55814762	1.55691635
-5.6352346	12.74390854
-5.81284837	8.5859682
5.56588353	1.76091305
-5.82651775	8.78027936
5.57464552	1.90502933
-5.88791755	8.98175455
5.55782353	2.18712701
-5.83363913	9.1024093
5.53386135	2.35965821
-5.84953629	9.38686845
5.54670196	2.51374711
-6.06894267	4.96369618
-5.88694646	9.57264157
5.50372978	2.78318355
-6.02207242	5.15938788
-5.87064859	9.76500996
-6.04734859	5.3681943
-5.87167233	9.98886849
-6.07996573	5.51485558
-5.88542295	10.18110235
-6.0622986	5.74831348
-5.89102162	10.37027294
-6.04834137	5.94651978
-5.86957827	10.55610895
-6.06999427	6.1072165
-5.81173232	10.75227921
-6.04011581	6.34936137
-5.84797084	10.96168489
-6.01709462	6.54959105
-5.84492144	11.15789034
5.72159153	-0.44147899
-6.08006885	6.75034151
5.78689091	-0.23747565
-5.83036295	11.33132095
-6.09484316	6.94972959
-5.83264878	11.50220152
5.77923564	-0.03661634
-6.05377457	7.15712106
-5.87572868	11.7195064
5.71057529	0.17728226
-6.0505511	7.38188723
-5.86485001	11.91365928
5.70550761	0.35882469
-6.05167416	7.51630164
-5.82490863	12.14638593
5.73780237	0.57569918
-6.06852302	7.78118416
5.75066705	0.7681142
-5.81578659	12.3434434
-6.01536263	7.9401339
-5.83453692	12.53147529
5.77418254	0.91906884
-6.04654479	8.18002952
-5.86330682	12.71966275
5.77082946	1.1343271
-6.04322311	8.34287851
5.73686307	1.34723463
-6.03270459	8.54320074
5.77875436	1.5328239
-6.05677145	8.74201989
5.70241121	1.78206451
-6.07486148	8.9186835
5.74380076	1.98621378
-6.03099318	9.13138165
5.77702874	2.12721534
-6.09438426	9.35914607
5.72889421	2.38167685
-6.05291522	9.53869884
-6.07297118	9.73285274
-6.24860945	5.15067969
-6.02489058	9.95455163
-6.21124799	5.31519583
-6.01930517	10.12764853
-6.28750351	5.55513144
-6.0915439	10.35413992
-6.28810713	5.77987227
-6.04998173	10.54509652
-6.25466675	5.94874879
-6.01785051	10.74977211
-6.25535591	6.16643943
-6.01152584	10.96494377
-6.265676	6.35912319
-6.01637418	11.14838099
-6.28524637	6.5401431
-6.06520955	11.35295516
-6.28601891	6.72073483
-6.01692037	11.52213915
-6.24524883	6.96399279
-6.01819837	11.78289758
-6.29371979	7.16746848
-6.05272007	11.91315912
-6.23208161	7.37197373
-6.02367285	12.10907892
-6.28504919	7.53256415
-6.0396645	12.33093804
-6.2916771	7.71265143
-6.05440494	12.50665939
-6.26414733	7.94722191
-6.08961803	12.73565845
-6.22394944	8.13488976
-6.02549919	12.98630869
5.91494697	0.96279776
-6.25947289	8.31490889
-6.22622366	8.56995678
-6.23629427	8.73513277
-6.26811734	8.95807103
-6.29842818	9.1511122
-6.27919073	9.3050683
-6.2528893	9.52068156
-6.21532377	9.74471954
-6.22627923	9.98809898
-6.45572744	5.12688588
-6.26672494	10.10479706
-6.46635533	5.34410766
-6.22324905	10.31017922
-6.43273339	5.5360688
-6.26439755	10.54353562
-6.44463007	5.73060404
-6.21520863	10.71707208
-6.48278652	5.94335554
-6.22168697	10.90704406
-6.4192959	6.12625853
-6.21640931	11.14957864
-6.46003785	6.34119105
-6.22875399	11.30248096
-6.49975801	6.56633125
-6.25729116	11.54944588
-6.49780056	6.75027672
-6.21117833	11.77234501
-6.45783607	6.94017989
-6.2384813	11.90050713
-6.4264548	7.12780574
-6.24248659	12.17324569
-6.41402093	7.37676128
-6.26506471	12.34868914
-6.47709441	7.55724273
-6.28563977	12.58936757
-6.49414207	7.70437911
-6.24383641	12.78144212
-6.42028796	7.93205495
-6.46058732	8.18638773
-6.49401218	8.38259509
-6.47619704	8.5166323
-6.48442862	8.77216898
-6.4459198	8.91604296
-6.47325423	9.14208899
-6.45472644	9.30743384
-6.45577496	9.53264165
-6.49424118	9.75240826
-6.41539684	9.98833275
-6.69522306	5.17915086
-6.44519075	10.14843692
-6.68791454	5.33703024
-6.4328397	10.32948994
-6.62200297	5.50888788
-6.44975454	10.51003673
-6.66246655	5.77938789
-6.46087025	10.70287835
-6.6661793	5.95489794
-6.4841162	10.93076017
-6.67875391	6.11049403
-6.41675932	11.10805175
-6.62779696	6.3895244
-6.47762493	11.31993665
-6.63914056	6.52373589
-6.42213263	11.52341806
-6.66958105	6.74111327
-6.48585407	11.76302152
-6.64797629	6.96246026
-6.48142018	11.98566436
-6.62109013	7.16213215
-6.43634242	12.18209943
-6.63914546	7.36389973
-6.46541858	12.31372995
-6.64851169	7.50176666
-6.46808608	12.56228417
-6.66131994	7.75919796
-6.43107133	12.77107821
-6.61465713	7.95255381
-6.68849041	8.13742984
-6.66148947	8.32117671
-6.62837796	8.50566465
-6.65111516	8.74887947
-6.68219761	8.97801863
-6.61508009	9.12141677
-6.64367929	9.38254876
-6.66688222	9.55841224
-6.68566845	9.73300892
-6.6138265	9.98060047
-6.68498079	10.15160957
-6.82604372	5.12247507
-6.63956287	10.30818797
-6.84872864	5.3106675
-6.63185702	10.51055852
-6.84154765	5.56503913
-6.64475067	10.76263526
-6.86556421	5.73031895
-6.65232936	10.95089713
-6.85224154	5.91262753
-6.67820139	11.17051884
-6.86510222	6.12336404
-6.69348454	11.34279335
-6.84305874	6.35340436
-6.69437392	11.51604343
-6.86667116	6.5711207
-6.69372312	11.72058815
-6.81030624	6.75519155
-6.61327996	11.94475887
-6.89439082	6.92393227
-6.69630577	12.1601632
-6.8117292	7.17028073
-6.61161554	12.34106766
-6.82134397	7.34660205
-6.64127549	12.56826225
-6.82242586	7.52643928
-6.65964087	12.75112581
-6.83312457	7.76998481
-6.84949588	7.94561944
-6.85951975	8.18804703
-6.84037058	8.3493672
-6.8481212	8.5389807
-6.88785893	8.73045949
-6.88622395	8.91910157
-6.85531833	9.16925616
-6.87239741	9.38123796
-6.89055673	9.56849115
-6.8609905	9.71227669
-6.8428982	9.93956103
-6.89231148	10.15096475
-6.863847	10.3363889
-7.09661471	5.17036071
-6.84334354	10.57671418
-7.05706407	5.33988316
-6.86255052	10.73312709
-7.05163909	5.52874823
-6.82641395	10.9467638
-7.06212022	5.78963243
-6.88535706	11.11899957
-7.08381926	5.95834214
-6.83865385	11.33491029
-7.03595011	6.1133349
-6.89531427	11.53389087
-7.03855446	6.31090914
-6.83367937	11.70069344
-7.09125601	6.52794023
-6.82332309	11.90216935
-7.0767339	6.78047119
-6.81925551	12.10545835
-7.02153086	6.96323269
-6.84185143	12.30242904
-7.0221863	7.15563698
-6.88316321	12.54079498
-7.01544673	7.34337268
-6.81105519	12.76739396
-7.06623938	7.51190834
-7.07175284	7.76798839
-7.02399632	7.98772363
-7.07872747	8.1235448
-7.08011944	8.37989201
-7.07049125	8.5441346
-7.04422769	8.72896545
-7.09411755	8.92128869
-7.04860499	9.12252848
-7.02005676	9.38235054
-7.09838086	9.51406895
-7.0688003	9.71568328
-7.05054429	9.97023166
-7.09060934	10.17245537
-7.06460713	10.31422527
-7.04682942	10.52002079
-7.26814467	5.10806513
-7.09940375	10.7121469
-7.25386248	5.30281984
-7.08242245	10.91312605
-7.23679677	5.54295316
-7.0381398	11.13285758
-7.21939858	5.75290962
-7.09219408	11.38834927
-7.2999674	5.98369296
-7.03513956	11.50183945
-7.24950574	6.12091339
-7.09168877	11.71089601
-7.297958	6.3840494
-7.05857334	11.98239593
-7.28101661	6.56912675
-7.06293663	12.15671618
-7.22450514	6.7508851
-7.09504583	12.38102435
-7.23133156	6.97283296
-7.03414791	12.5836335
-7.24619112	7.16770634
-7.05247155	12.75073624
-7.28860395	7.32540424
-7.22234334	7.51300424
-7.2271371	7.73561367
-7.24943018	7.91813222
-7.28322181	8.15053899
-7.29731077	8.38364258
-7.21120817	8.56322879
-7.29197959	8.70043074
-7.23342263	8.95386214
-7.28882018	9.11423248
-7.2901328	9.32192927
-7.23104116	9.54861198
-7.23396954	9.77917104
-7.24451096	9.94546822
-7.2449635	10.1094967
-7.2881656	10.36559368
-7.28765036	10.5299434
-7.27773168	10.71331074
-7.26334543	10.91227552
-7.447359	5.36999064
-7.24047443	11.16397553
-7.41814135	5.50253061
-7.25291016	11.30280685
-7.47945331	5.78925041
-7.22937661	11.55496687
-7.44998927	5.92198629
-7.27057046	11.73476643
-7.43517544	6.10841509
-7.29030141	11.97612965
-7.44463602	6.34965749
-7.24059738	12.14251816
-7.43517817	6.5256323
-7.28015009	12.38785044
-7.47239053	6.70459093
-7.2943088	12.5730898
-7.46809173	6.9301862
-7.26959621	12.7339049
-7.44199152	7.14085039
-7.41637249	7.31814859
-7.44692369	7.56727448
-7.48267737	7.76449734
-7.49446085	7.98832123
-7.45785687	8.10663698
-7.45227531	8.30976599
-7.45834688	8.53926946
-7.45236095	8.74333243
-7.48304832	8.98366521
-7.48328722	9.14736587
-7.42345396	9.3420754
-7.44516146	9.56433678
-7.45232782	9.77000889
-7.42967612	9.90098742
-7.48576184	10.16996086
-7.4494349	10.33491146
-7.46781013	10.51432481
-7.46815608	10.78883994
-7.42551403	10.93675107
-7.66673449	5.33568411
-7.43030086	11.14467082
-7.62519684	5.56330382
-7.43340455	11.36491868
-7.64523498	5.70903793
-7.47261668	11.57142156
-7.6427613	5.95276502
-7.43609302	11.77640918
-7.61935909	6.15493474
-7.420247	11.90944098
-7.68433894	6.3882093
-7.45729574	12.17585738
-7.67446389	6.50265738
-7.41774954	12.34591028
-7.68280386	6.7204879
-7.42685826	12.54063653
-7.67702719	6.98469533
-7.61078769	7.18187835
-7.68555155	7.34899717
-7.66095554	7.56974937
-7.69140972	7.72892605
-7.6137302	7.98006845
-7.66068532	8.17415246
-7.6110833	8.30047767
-7.62582641	8.52490371
-7.63049639	8.70722819
-7.62126564	8.97137568
-7.64252471	9.183639
-7.67205483	9.31709759
-7.62311585	9.5660208
-7.66321004	9.74393703
-7.62429976	9.94284993
-7.6422379	10.12150376
-7.66890912	10.33168195
-7.61142914	10.51547081
-7.69799872	10.78349695
-7.63243564	10.95847259
-7.6557329	11.11429473
-7.69142124	11.31182839
-7.81101301	5.54919772
-7.62530321	11.56012625
-7.82675887	5.76584813
-7.61197898	11.75464022
-7.84377733	5.90470227
-7.65130034	11.98576702
-7.85828777	6.16611118
-7.63119812	12.16101776
-7.86943935	6.30484981
-7.67962759	12.33255943
-7.88226771	6.58550508
-7.68540314	12.54421791
-7.84630844	6.78264383
-7.84231858	6.94737448
-7.83832128	7.14378793
-7.870556	7.30975143
-7.81672264	7.51362957
-7.87633823	7.71782696
-7.83807578	7.94114081
-7.89329055	8.15739726
-7.86809399	8.37326285
-7.83655779	8.57863401
-7.87233194	8.7828957
-7.81827662	8.9329663
-7.8219087	9.14606516
-7.870505	9.3414188
-7.89826877	9.52986943
-7.88704083	9.76157499
-7.82026058	9.90643379
-7.81888008	10.11745427
-7.89235614	10.35922609
-7.88958618	10.56079989
-7.87304696	10.71527146
-7.81365044	10.9460593
-7.84321436	11.11219721
-7.81888649	11.34239545
-7.85527396	11.55124817
-8.01370359	5.52566068
-7.81270921	11.74207891
-8.07154184	5.77135296
-7.8206615	11.91905927
-8.03383756	5.98760253
-7.82417249	12.13742637
-8.06370434	6.12842442
-7.82475589	12.38762471
-8.07302159	6.3104588
-8.07277001	6.5057885
-8.09903582	6.73751882
-8.08195617	6.9420433
-8.05534433	7.16232658
-8.02266637	7.30978726
-8.09383694	7.54472407
-8.03713962	7.75771375
-8.0447059	7.93766357
-8.09490763	8.14443377
-8.04982594	8.3021553
-8.02505668	8.5758112
-8.08116723	8.73439824
-8.02387268	8.98544511
-8.09411539	9.13620989
-8.03874501	9.3178887
-8.02651358	9.54938151
-8.02742441	9.73826343
-8.02684564	9.97245023
-8.02072814	10.10385524
-8.05693542	10.30328538
-8.05508283	10.57403455
-8.04218009	10.74226024
-8.01414068	10.95324709
-8.07192036	11.15109122
-8.07896832	11.34579418
-8.01367006	11.57593092
-8.08272238	11.71346782
-8.0586798	11.96389944
-8.28510725	5.71939057
-8.0709993	12.10560628
-8.2515705	5.93724684
-8.06665019	12.30094185
-8.28476093	6.11909529
-8.26857272	6.33669533
-8.26212339	6.56654777
-8.28236304	6.74116473
-8.21421354	6.90753099
-8.22513339	7.18508053
-8.29903914	7.37057375
-8.24972072	7.50250232
-8.25347373	7.7391202
-8.29073829	7.92140827
-8.29070037	8.16376017
-8.26763471	8.38478708
-8.23069934	8.54773283
-8.29276505	8.73932408
-8.21977081	8.92443955
-8.29659858	9.12917701
-8.2672256	9.35907152
-8.23171829	9.54637062
-8.2792978	9.7823237
-8.26430922	9.97666693
-8.23748595	10.11345051
-8.2155887	10.31479397
-8.29822802	10.51213494
-8.26073055	10.7727988
-8.29530868	10.93802476
-8.29429594	11.17884664
-8.24004832	11.32830333
-8.24387627	11.57703295
-8.21990292	11.71114582
-8.22219507	11.93037484
-8.25064276	12.11090613
-8.47463575	5.98306305
-8.43805491	6.15214016
-8.42668911	6.37830739
-8.47183898	6.51710604
-8.41990023	6.7504843
-8.48028072	6.96971585
-8.47488144	7.1407963
-8.41561011	7.35764727
-8.44128828	7.51291383
-8.47571602	7.72630178
-8.41555793	7.93735262
-8.46117214	8.12241433
-8.45864592	8.37998767
-8.49787602	8.58479573
-8.41841064	8.7065229
-8.44319194	8.91988288
-8.47253055	9.17414857
-8.42174051	9.30941098
-8.49673288	9.53897628
-8.49599685	9.71740157
-8.41937659	9.91113346
-8.425965	10.1612213
-8.41759243	10.3762722
-8.4626285	10.54551663
-8.4581895	10.78914819
-8.4625503	10.95958405
-8.46689527	11.13786844
-8.49173454	11.30591233
-8.43102881	11.50547447
-8.45262634	11.73736299
-8.4629428	11.9702344
-8.48476076	12.10511773
-8.64659599	5.95009915
-8.64150289	6.17666774
-8.64727042	6.36557121
-8.62776708	6.50957362
-8.65536138	6.78124422
-8.63638944	6.93226898
-8.61062892	7.10330471
-8.63211949	7.36003587
-8.61762184	7.54808413
-8.68282917	7.7819402
-8.68585693	7.90185249
-8.62621087	8.14600765
-8.62455065	8.38589262
-8.69231417	8.51596844
-8.6960899	8.71575116
-8.67684713	8.93170853
-8.61564454	9.15648987
-8.64100496	9.36021733
-8.67684212	9.52396633
-8.65280803	9.70839711
-8.67715118	9.98889751
-8.67028453	10.14807428
-8.63727446	10.31972443
-8.61114583	10.52198826
-8.65472681	10.76343755
-8.66839184	10.91727527
-8.61381006	11.17465764
-8.68236028	11.34975085
-8.65585306	11.58548287
-8.68760214	11.76206685
-8.65654768	11.92548543
-8.89279117	6.15078572
-8.853923	6.35527571
-8.81337161	6.54788876
-8.82614135	6.77148039
-8.84225935	6.92644907
-8.82347092	7.10911077
-8.81946314	7.35418369
-8.8364211	7.57254557
-8.8132807	7.75928118
-8.85090514	7.9480489
-8.86272917	8.18335819
-8.85972307	8.33724782
-8.84786735	8.51452469
-8.87639731	8.73250848
-8.81262699	8.98493471
-8.84865165	9.15894166
-8.82702651	9.31136593
-8.83788706	9.52883278
-8.83672673	9.76192739
-8.81280527	9.90257802
-8.82845605	10.1068149
-8.86928637	10.35925841
-8.81832654	10.58450481
-8.85593907	10.75188464
-8.86576513	10.97548266
-8.85581392	11.14498332
-8.86944847	11.33195207
-8.82273313	11.5195577
-8.89690217	11.74844444
-9.02731242	6.37998043
-9.02354958	6.54166252
-9.05036143	6.75150004
-9.09516335	6.98182201
-9.03069513	7.10662612
-9.07150752	7.36585191
-9.07080291	7.55092876
-9.01764523	7.74284301
-9.0565502	7.97696809
-9.04962101	8.10761932
-9.07144822	8.36211522
-9.08394388	8.57440497
-9.08329508	8.77891993
-9.0976791	8.97644625
-9.02976675	9.14619402
-9.0138293	9.38810865
-9.05172397	9.55594224
-9.03559613	9.77898877
-9.05451652	9.95669398
-9.07965809	10.12317781
-9.03158992	10.33349288
-9.08172222	10.50930153
-9.03219237	10.77535259
-9.07319886	10.95311565
-9.07983471	11.16880746
-9.05359058	11.34292603
-9.01744541	11.53898901
-9.28304891	6.55147063
-9.21449578	6.71339586
-9.26116703	6.93043035
-9.29212302	7.13058157
-9.25297816	7.34450775
-9.28605024	7.50003777
-9.23663193	7.73025925
-9.25296391	7.94950325
-9.23310942	8.13364453
-9.29822321	8.30332712
-9.21106715	8.51137991
-9.29136185	8.72739143
-9.27012948	8.93208705
-9.28941343	9.12720218
-9.25673479	9.33481325
-9.27418866	9.56150634
-9.24527491	9.7534939
-9.28148392	9.96742264
-9.2361512	10.14143184
-9.24249869	10.37078584
-9.26075938	10.54743702
-9.27433632	10.76529169
-9.2661295	10.94762966
-9.29175987	11.17597605
-9.23445947	11.36856774
-9.42304031	6.98766865
-9.42040688	7.16848514
-9.45255433	7.31492834
-9.4484161	7.54646303
-9.49275993	7.76299955
-9.44394751	7.95117034
-9.49290431	8.11869381
-9.48677478	8.30021066
-9.42941421	8.58410706
-9.43132034	8.73300803
-9.43351589	8.98512358
-9.43893416	9.18798786
-9.46812531	9.32349833
-9.45477391	9.51416521
-9.43780716	9.70054471
-9.43663741	9.98426929
-9.46660668	10.10036216
-9.47660527	10.38293308
-9.42990692	10.56864989
-9.47469489	10.7382376
-9.46178403	10.94605579
-9.64942219	7.35193353
-9.64066237	7.55840806
-9.68106117	7.76589617
-9.67524958	7.9714433
-9.65534749	8.1897405
-9.62941618	8.32256333
-9.66606331	8.58265076
-9.62161237	8.7129956
-9.62519561	8.90853552
-9.68323228	9.11506485
-9.64542139	9.33874068
-9.64108525	9.57053808
-9.67390036	9.78486838
-9.63530935	9.9084339
-9.65776069	10.17257862
-9.65145183	10.35861916
-9.65857346	10.56114092
-9.81342032	7.70736657
-9.89660709	7.90359609
-9.83258077	8.12101985
-9.88353475	8.32384974
-9.84961612	8.55627965
-9.89583511	8.70025283
-9.87248882	8.91926055
-9.86934215	9.10629522
-9.84119012	9.31497294
-9.86274026	9.56353811
-9.83531908	9.75996253
-9.85610634	9.92076637
-9.86928934	10.1440933
-10.0656991	8.94579509
