-4.0 -5.0
-7.5 -4.0
0.0217391 0.0842105
-0.2 -0.0108696
0.0111111 0.3269231
-7.4606742 -6.7027027
-0.0674157 -0.1
0.0163934 0.4536082
-2.0470588 -4.8888889
-0.3571429 -0.025
-0.6428571 -0.015625
0.0117647 0.9464286
-7.9156627 1.2619048
0.0879121 0.1311475
-0.3823529 -0.03125
-0.9482759 -0.0126582
0.0108696 1.2121212
-1.3297872 -0.0107527
0.15 0.1066667
0.0163934 0.984127
0.047619 0.3608247
-8.4901961 -5.8913043
-0.5517241 -0.0333333
0.0106383 1.7525773
0.0212766 0.9081633
-7.5555556 -6.6202532
-8.2063492 1.2159091
-0.1111111 -0.1979167
-6.7608696 -2.9615385
-1.5185185 -0.0151515
-1.39 -0.0166667
0.0153846 1.7078652
-8.6981132 -4.6020408
-2.4880952 -4.0319149
-5.3098592 -5.65625
-5.0769231 1.962963
-6.8367347 4.3829787
-0.8051948 -0.0434783
-0.8095238 -0.0434783
-1.5072464 -0.0238095
-4.3023256 -2.3333333
-5.1 1.953125
-0.0895522 -0.46
-0.2096774 -0.2
-3.6444444 -2.7560976
0.0842105 0.5777778
-0.1805556 -0.2777778
-1.8481013 -5.4383562
-1.7692308 -0.0294118
0.3918919 0.1333333
0.2222222 0.2428571
0.030303 1.7857143
-3.9333333 5.0705882
-5.7674419 3.4578313
-2.3764706 -4.234375
-5.0517241 -7.9310345
0.0816327 0.8493151
-0.4444444 -0.15625
-3.9795918 -5.0441176
-1.6630435 -0.0454545
0.1546392 0.5
0.443299 0.1818182
-3.91 -5.1363636
-5.6056338 -3.5833333
-4.2923077 2.3092784
-0.5913978 -0.1492537
0.097561 0.9342105
-3.8865979 -7.7428571
-0.41 -0.2317073
-0.325 -0.2947368
0.1111111 0.88
-0.0618557 -1.5869565
-4.6233766 2.1413043
-7.4848485 -6.6935484
-0.0631579 -1.6176471
-3.0833333 -6.52
-6.7708333 -7.4
-5.6842105 3.5
-6.3571429 4.702381
0.7125 0.1509434
-0.0612245 -1.7777778
1.1971831 0.091954
-5.6621622 -3.5531915
-3.3181818 -3.05
-0.4354839 -0.2777778
-6.2888889 -3.2
-6.1428571 -6.5319149
-0.6666667 -0.19
-3.3647059 -3.010101
-6.4880952 -7.7261905
-5.4769231 -1.8494624
-4.5076923 -8.902439
-0.1153846 -1.1388889
0.0879121 1.505618
-0.2020202 -0.6597938
1.4883721 0.0909091
-6.6027397 -6.0786517
-8.84375 3.3768116
-0.4545455 -0.3043478
0.1666667 0.8333333
-0.1052632 -1.3333333
-3.14 3.14
-3.1666667 -3.2025316
-5.7045455 -1.7777778
-6.0909091 1.6181818
0.5294118 0.2736842
-5.0727273 -2.0
0.6285714 0.2328767
-3.15625 3.1212121
0.1666667 0.8989899
-4.21875 -2.40625
-1.9789474 -5.1304348
-5.8780488 -1.7272727
-8.8636364 2.2391304
-4.7108434 4.2121212
-0.1354167 -1.1851852
1.2941176 0.125
0.1875 0.8627451
-0.6428571 -0.2533333
0.969697 0.17
-5.6326531 1.745098
1.7096774 0.1
-6.4625 -6.2162162
-6.9782609 2.8412698
0.1290323 1.3559322
-4.2352941 -4.7636364
-0.0857143 -2.0923077
0.2716049 0.6666667
-4.9454545 -6.1029412
-1.7040816 -5.975
-5.1764706 -5.8307692
-4.2597403 -4.7380952
-4.9215686 -8.1647059
-5.9354839 -1.7157895
1.0597015 0.173913
2.3191489 0.0808081
-7.62 2.6
1.0 0.1888889
-0.3820225 -0.5
-5.8666667 -8.5555556
-5.8350515 -1.746988
-5.8358209 -6.8876404
-3.8351648 -7.8732394
-5.2033898 -5.8035714
-7.212766 5.5180723
2.5068493 0.0833333
0.6785714 0.3090909
2.6 0.0816327
-0.4788732 -0.4457831
-4.6896552 -6.4428571
-0.0759494 -2.8428571
0.7894737 0.2736842
-0.4358974 -0.5
-6.5473684 -6.1428571
0.1923077 1.1666667
-6.804878 -5.9111111
-2.5555556 -7.9146341
-7.6 5.2333333
-3.9295775 -7.6923077
-0.4141414 -0.5522388
-1.8301887 -0.1265823
-0.0631579 -3.7755102
-3.2333333 -3.1666667
-1.5769231 -6.4933333
-0.2777778 -0.8723404
2.4923077 0.097561
-5.9558824 -8.4358974
-0.5393258 -0.4516129
-1.0377358 -0.2375
-6.137931 1.5888889
-3.484375 -2.9411765
-7.5074627 5.2948718
-7.9764706 1.2222222
0.6923077 0.3636364
1.325 0.1910112
-3.0188679 -6.7096774
-5.4583333 -3.7111111
-3.4166667 2.8510638
-1.6233766 -6.32
-0.9090909 -0.2857143
0.3493976 0.7457627
-6.6428571 -3.05
3.125 -3.1149425
0.5319149 0.5
-6.2828283 -3.2258065
-3.5652174 -8.4901961
-6.8933333 -1.4897959
-0.1176471 -2.2933333
-6.09375 4.8787879
0.8148148 0.3333333
1.5227273 0.1789474
-1.2626263 -0.2183908
2.6909091 0.1025641
-0.1710526 -1.6210526
-5.0847458 -2.0212766
-3.7373737 -2.75
2.203125 0.1269841
1.2959184 0.2179487
-1.7 -6.0526316
2.5698925 0.1126761
-1.8333333 -0.1587302
1.2417582 0.2361111
-7.6071429 2.5903614
-2.0779221 -4.9545455
-0.3469388 -0.8541667
0.5070423 0.5866667
-6.6808511 -1.5416667
-6.57 -6.1340206
-0.9574468 -0.3146067
-6.0515464 1.6025641
1.0454545 0.2888889
-4.1071429 2.3611111
3.287234 0.0930233
-1.5396825 -6.6935484
-5.0 -4.0612245
1.5 0.2048193
-0.1604938 -1.915493
-6.4047619 3.0746269
2.516129 0.1230769
0.59375 0.53
-5.8513514 -5.1808511
-6.0897436 -6.6202532
-5.4305556 -1.9
0.3673469 0.8688525
-4.68 -4.3417722
-0.1052632 -3.0421053
-6.0806452 -8.2755102
-4.3333333 -4.6896552
-6.9878049 -5.7704918
0.3409091 0.9538462
1.0289855 0.3207547
-3.5490196 -2.9107143
-0.3389831 -0.9784946
-2.8705882 -7.0833333
-6.6086957 4.4888889
0.2142857 1.5686275
-3.1052632 -6.5490196
-4.7553191 4.1348315
-8.2380952 4.814433
0.3142857 1.0808081
2.4363636 0.1403509
-0.2702703 -1.2674419
0.9102564 0.3768116
-1.7391304 -0.2
-7.8736842 -5.125
-6.1538462 -4.9333333
0.704918 0.5098039
-8.1212121 -7.4324324
-6.6666667 -3.0540541
0.5272727 0.6842105
-0.974359 -0.3703704
-0.84375 -0.4307692
-1.2826087 -0.2835821
-0.212766 -1.7340426
-5.1265823 5.779661
-7.2597403 -6.9384615
2.0714286 0.1808511
0.375 1.0
-0.6612903 -0.5714286
1.2222222 0.3095238
-1.5483871 -6.7027027
-0.5581395 -0.6790123
-1.6829268 -6.1684211
-4.1707317 -2.4897959
-0.6969697 -0.5522388
-0.5625 -0.6865672
-5.5 -5.525
-0.6043956 -0.6470588
-2.5227273 -8.0833333
-0.1578947 -2.4942529
0.234375 1.6811594
-6.6813187 4.4303797
-2.0232558 -5.14
-6.9714286 -2.9264706
-0.442623 -0.91
2.3 0.1752577
-4.8333333 -2.1525424
3.05 -3.1460674
-3.2982456 2.9090909
-0.5666667 -0.71875
3.2560976 -2.9438202
-1.2235294 -0.3392857
-0.7407407 -0.5606061
-5.6818182 -1.8333333
-0.125 -3.3333333
-2.2894737 -4.55
-0.9880952 -0.4222222
-0.34 -1.2307692
-5.6621622 -8.9047619
-0.3214286 -1.3092784
-8.4367816 3.5057471
1.8 0.2361111
2.3571429 0.1808511
-4.1486486 4.7179487
-1.0543478 -0.4057971
3.637931 0.1176471
-6.1935484 1.5454545
-1.7586207 -0.2435897
-4.6458333 -4.3974359
-1.52 -0.2828283
-5.2352941 1.827957
0.7346939 0.5862069
-6.4193548 -1.625
2.0816327 0.2073171
-3.0972222 -6.5970149
-6.9058824 2.8333333
-4.7763158 -4.2783505
-2.5753425 -7.9347826
-8.7395833 2.2386364
0.8196721 0.5365854
0.6170213 0.7142857
-8.5051546 -5.9315068
-1.8196721 -5.7424242
1.122807 0.4022989
-1.1684211 -0.3888889
-6.5606061 1.4545455
0.3372093 1.3586957
-7.13 -7.0769231
-7.3417722 -6.8730159
-5.3098592 -3.8536585
-0.3157895 -1.48
-0.1666667 -2.8045977
-0.2727273 -1.7162162
-8.4375 3.5
-5.2837838 5.5888889
2.7619048 0.1702128
-2.6 -7.8734177
-0.1621622 -2.9056604
0.2650602 1.7882353
-6.0957447 -5.0
-5.5058824 -1.9032258
-0.3939394 -1.2166667
2.46 0.195122
0.7619048 0.6309524
-4.6153846 4.2285714
-4.4716981 -6.8170732
-1.8764045 -5.5873016
-0.7126437 -0.6829268
-0.3 -1.6268657
-0.1666667 -2.9285714
-1.6388889 -6.4
-0.1935484 -2.5277778
3.0307692 -3.137931
-1.8469388 -5.68
-4.0 -2.6236559
-8.1 -6.2340426
-0.954023 -0.5211268
0.9275362 0.5365854
-6.4691358 -7.8059701
-4.091954 4.765625
-5.2931034 -7.6515152
-0.7407407 -0.6785714
-3.6266667 -8.4111111
0.3859649 1.3088235
0.8928571 0.5666667
-5.6666667 -8.9130435
-5.1728395 3.7681159
-0.1511628 -3.3617021
-4.597561 -4.4606742
0.4343434 1.1717172
0.7977528 0.6391753
3.1860465 -2.978022
-1.04 -0.4933333
-4.78125 1.984127
-7.2 -7.015873
0.5806452 0.8875
0.9090909 0.5714286
-3.8461538 -2.7358491
-5.4375 5.4210526
-7.6833333 -6.5757576
-0.2407407 -2.18
2.5 0.2105263
-5.5087719 3.5348837
-0.1688312 -3.1234568
-0.1830986 -2.8947368
-7.5106383 -6.7288136
-0.2985075 -1.8282828
-3.2647059 2.8958333
3.0102041 0.1827957
1.2266667 0.4489796
1.4705882 0.3768116
-0.6043956 -0.9240506
0.3809524 1.4683544
-7.6956522 2.525641
-4.3645833 -2.4210526
-0.7113402 -0.8
0.86 0.6666667
-2.8850575 -7.1315789
-2.576087 -4.1060606
-3.8648649 -2.7373737
-0.5294118 -1.1010101
-1.4516129 -0.4021739
-5.1728395 -3.98
-0.5882353 -1.0
-4.61 4.2105263
-4.7 -8.6363636
-6.6506024 -4.6
-4.75 4.0857143
-5.2967033 -2.0
-2.3 -4.606383
-6.8297872 2.8409091
-6.2083333 -8.15
-1.7375 -0.345679
-8.7804878 -5.7628866
3.3389831 0.1808511
-0.9183673 -0.6597938
0.7244898 0.8412698
-0.2061856 -2.9726027
2.9340659 -3.1960784
-4.5227273 2.0731707
-5.4415584 1.7228916
-3.9722222 -7.7105263
-7.2857143 -2.8313253
-7.3417722 -5.5340909
-3.9354839 -2.7011494
-0.6938776 -0.9125
-8.4857143 -3.61
0.3548387 1.7888889
-5.9259259 4.9552239
-4.8367347 -4.2666667
-3.9746835 4.8714286
-6.0930233 3.1772152
-4.6804124 -4.4102564
-8.6222222 3.4047619
-6.9047619 -4.4385965
-0.2063492 -3.137931
-4.2043011 -4.9117647
1.7966102 0.3645833
-6.025 3.2105263
-5.2929293 3.654321
-1.5277778 -0.4307692
-7.6896552 -7.8888889
-0.3214286 -2.0645161
-2.7714286 -3.85
1.0 0.6708861
1.9204545 0.35
-3.825 -2.7901235
-5.6071429 3.4461538
1.0625 0.6391753
0.7826087 0.875
-3.6862745 -5.6122449
0.8658537 0.7954545
-7.84375 3.7368421
-3.9354839 4.9066667
-7.06 -5.7638889
-6.4505495 4.5432099
-1.8367347 -5.8222222
-3.0 -6.8979592
-7.4823529 3.9166667
-5.375 -5.7111111
2.0119048 0.3469388
3.4 -2.7358491
3.0405405 0.2297297
-0.3506494 -2.0
-5.9152542 -3.5
-4.8076923 -2.2264151
-8.4040404 -6.0333333
-3.4285714 2.7093023
2.9340659 0.2424242
-6.5662651 -4.6774194
-7.3703704 -6.8809524
-2.9189189 -3.671875
-2.2 -4.8730159
-4.6896552 -4.4186047
-7.4141414 2.6
-5.5050505 -7.3974359
-7.2173913 -4.2571429
-6.3670886 1.4565217
-4.8607595 3.9651163
2.3917526 0.3058824
-3.2195122 -3.3333333
-7.7755102 -2.6666667
-1.3571429 -0.5428571
-6.3714286 -1.6851852
-7.8088235 -5.2168675
-6.2098765 4.7118644
-4.72 -8.6315789
2.7471264 -3.3703704
1.1612903 0.6391753
0.5494505 1.3611111
-6.7317073 -4.5679012
-3.8961039 4.94
1.6315789 0.4631579
-7.5925926 -6.6853933
-5.5396825 3.4731183
-7.1666667 -5.6875
-5.4179104 -1.9863014
-7.1538462 2.6888889
-0.2142857 -3.5697674
2.8888889 0.2653061
-7.6 -2.7325581
-0.34 -2.2631579
-5.862069 3.2804878
-1.5444444 -6.9733333
2.8787879 -3.2058824
-0.3655914 -2.1111111
-4.7058824 -4.4146341
0.7142857 1.0853659
-3.0 -3.5918367
-2.016129 -5.345679
-0.5061728 -1.54
-1.2653061 -0.6166667
-7.5666667 -6.7111111
-2.804878 -7.4090909
-0.83 -0.9425287
-3.6987952 -5.6190476
3.1886792 -2.89
-5.8 -5.3088235
-0.3068182 -2.5824176
-5.2197802 3.6794872
-5.8229167 -3.5714286
-5.1860465 -4.010101
-5.2608696 -3.953125
-0.2363636 -3.3731343
-0.5612245 -1.4216867
-7.2083333 -4.2727273
-4.6804124 -4.4444444
3.1774194 -2.8947368
-7.85 -6.4716981
1.4634146 0.55
-4.96 3.8695652
-0.7192982 -1.122807
-3.5294118 2.6041667
-7.509434 -6.7666667
-1.6494845 -6.5568182
-0.25 -3.3010753
-5.3770492 -3.8730159
-6.2926829 -3.3098592
-6.7272727 -7.5555556
-7.6136364 -7.9896907
-6.7692308 -1.6
2.0526316 0.4069767
-6.6979167 2.8611111
-5.8358209 -5.2857143
-1.7627119 -0.4827586
-7.5913978 -2.7468354
-4.12 4.6470588
-6.0659341 3.1549296
0.7936508 1.0877193
-0.9677419 -0.9010989
-6.0 1.5212766
2.8541667 -3.1979167
-5.8857143 -1.8474576
-6.0447761 -6.7619048
-7.5 -8.1166667
2.85 -3.2
0.5 1.7631579
0.5238095 1.6896552
-3.2597403 -3.34
-1.8909091 -0.4693878
-4.0980392 -5.0978261
-1.0212766 -0.8767123
-8.4057971 2.2727273
-5.4390244 -3.8421053
-4.35 -4.8043478
0.6666667 1.3484848
-5.3152174 -5.8135593
-6.9803922 1.3033708
-3.0666667 -6.8170732
-4.5789474 1.9861111
-0.3513514 -2.5833333
-2.9795918 -3.6621622
-8.1688312 -2.56
3.0215054 0.3023256
0.744186 1.2298851
-1.0704225 -0.859375
-4.5396825 -6.8111111
0.5238095 1.76
0.5584416 1.6511628
-0.8414634 -1.1
2.2093023 0.4193548
-6.1034483 -5.0674157
-4.2840909 -4.8852459
0.5747126 1.6212121
-5.9793814 -5.1733333
-3.06 2.962963
-6.78 5.7619048
-2.6774194 -4.0842105
-6.4109589 -4.8255814
-0.5555556 -1.6860465
-4.0754717 4.6770833
2.5862069 0.3636364
-6.0714286 -8.3908046
-0.4545455 -2.0810811
-1.0 -0.9480519
0.877193 1.0810811
1.7333333 0.5483871
-8.3529412 -6.1
-5.6907216 1.5897436
-1.65 -0.578125
-0.2783505 -3.443299
-4.8833333 -6.3404255
1.2666667 0.7647059
-5.1594203 5.6266667
-6.3294118 1.4266667
-1.5 -0.6470588
-1.3333333 -0.73
-4.8205128 -8.5
-3.9761905 -7.7901235
-4.1058824 -2.6734694
-4.025641 -7.695122
-3.6477273 -3.010101
-0.6575342 -1.4925373
-1.7222222 -6.3780488
-4.0169492 -2.7358491
-0.3802817 -2.6071429
-4.4415584 -4.7261905
-6.25 -3.3589744
-7.4505495 5.2352941
-0.8 -1.2432432
-5.4347826 -7.5434783
2.9146341 -3.0886076
-3.6507937 -3.0128205
-5.1428571 1.75
-6.8596491 -3.0615385
-5.7171717 -7.172043
1.4615385 0.6875
-4.6538462 -4.5135135
-3.3076923 -6.3521127
-5.3235294 3.5666667
1.2075472 0.8387097
-2.8780488 -3.8269231
3.3076923 -2.7166667
-6.7317073 2.8202247
3.2857143 0.3095238
-8.7191011 -3.557377
-2.4683544 -4.4639175
1.3333333 0.7654321
-7.8378378 -7.7857143
-2.2321429 -4.9393939
3.185567 -2.8172043
0.9892473 1.0392157
-4.9666667 3.8196721
3.6481481 0.2826087
1.6263736 0.6341463
-6.183908 -8.253012
0.688172 1.5064935
-3.9692308 -5.3
-6.4117647 1.3975904
-5.7755102 -7.1058824
-0.3571429 -2.9152542
0.9148936 1.1382979
0.8 1.3020833
-0.2934783 -3.5652174
-3.5810811 2.5
2.9117647 -3.0744681
1.1927711 0.8791209
-6.9864865 -3.0128205
-4.2923077 2.0851064
-7.8493151 -5.23
2.2317073 0.4731183
-1.6756757 -6.5979381
-0.3714286 -2.8461538
-1.5714286 -7.0365854
3.5762712 -2.5
-4.9795918 -4.2291667
-4.7721519 -4.4130435
-7.3714286 -6.9268293
-2.4938272 -4.4363636
-0.3068182 -3.4705882
-6.0138889 -6.8285714
-4.8 1.8611111
-5.923913 -6.9333333
-1.1923077 -0.9010989
-7.1969697 5.4086022
0.5494505 1.9589041
-5.5402299 -2.0
-7.7948718 2.4270833
-7.7835052 5.0
-1.8604651 -0.5822785
0.6195652 1.7525773
-2.5416667 -4.362069
-8.4074074 -6.0769231
-0.5762712 -1.8955224
-3.2394366 -3.4242424
-7.7840909 2.4285714
-8.2682927 -6.1797753
-0.9 -1.2195122
2.9387755 -3.0277778
-8.0 -5.137931
-2.4583333 -4.5166667
-3.2658228 -3.4
-6.9120879 -5.9473684
-1.9277108 -5.7628866
-4.0632911 -5.1956522
3.44 -2.5833333
-2.8888889 -7.3095238
-7.9620253 -2.6521739
-4.2807018 -4.9333333
1.3902439 0.8051948
-5.4418605 3.4693878
-6.3191489 -3.3424658
-6.3372093 -1.755102
-3.4444444 -6.1333333
1.56 0.7244898
-8.6 -3.62
-1.537037 -0.7368421
2.4078947 0.4727273
-5.2352941 -2.1276596
-5.5 -7.48
-6.4487179 -3.28
1.9058824 0.6046512
-3.4888889 2.5353535
2.2903226 0.5057471
1.6060606 0.7222222
-0.9782609 -1.1875
-5.2631579 1.6792453
3.3956044 -2.6027397
-3.4090909 2.5921053
3.6321839 -2.4328358
0.8125 1.4324324
-5.5463918 -3.8157895
-6.027027 -5.1707317
-1.0641026 -1.0989011
1.7121212 0.6842105
-3.4891304 -3.2025316
-5.5277778 -3.8305085
1.4105263 0.8333333
0.8571429 1.3793103
-5.0 -8.2365591
0.7333333 1.6144578
1.7608696 0.673913
0.7802198 1.5212766
0.7191011 1.6521739
-2.3684211 -4.7261905
3.1139241 -2.8275862
-4.6197183 -8.9183673
2.1052632 0.5714286
-6.8769231 -3.0833333
-7.9761905 -2.6588235
-1.247191 -0.9680851
0.6825397 1.7692308
-3.3010753 -6.4246575
-7.8 1.1269841
2.2333333 0.5432099
-5.0 -8.2428571
-0.6307692 -1.9255319
-4.7755102 -8.6304348
-4.7288136 3.9722222
3.0238095 0.4022989
-3.7307692 -5.6875
-2.1052632 -5.3295455
-5.9242424 -5.2708333
3.296875 0.3723404
-2.5263158 -4.4444444
-5.3977273 1.625
-8.4864865 3.3902439
-1.1527778 -1.0666667
-5.8055556 -8.8247423
3.2359551 0.3809524
-3.2794118 -3.4252874
-5.5344828 -2.0298507
-8.6842105 -5.9
0.95 1.3066667
-3.9784946 -5.3409091
-4.8333333 1.8095238
1.8369565 0.6842105
2.4090909 -3.6285714
-1.2093023 -1.0428571
-1.8863636 -5.9705882
-1.76 -0.7179487
-6.4183673 2.9186047
-8.3529412 -4.9404762
-8.5277778 -4.8392857
-3.0606061 2.8522727
-0.4183673 -3.05
-4.7910448 -8.6153846
-0.8645833 -1.4767442
-6.6627907 4.3103448
-1.4390244 -0.8902439
-5.0857143 -4.1851852
2.2210526 0.5789474
-6.5857143 -3.2321429
-4.0309278 -2.8
-0.4939759 -2.6082474
-4.3857143 -7.1354167
-0.82 -1.5797101
2.6296296 -3.3076923
-7.0606061 5.4805195
-6.890411 -1.6410256
2.8181818 -3.0833333
-1.5454545 -0.8488372
-0.8518519 -1.54
-6.8297872 -3.1206897
-6.6857143 -1.6923077
-5.0 3.7368421
-6.109375 -6.7631579
-6.295082 4.5555556
3.1789474 -2.7291667
-1.7627119 -0.7534247
-4.4814815 -2.5277778
-5.6666667 3.2941176
-0.3970588 -3.3604651
-8.6190476 3.3255814
-7.6760563 3.7333333
-6.8170732 1.2698413
-7.1428571 4.0117647
-8.6326531 2.1609195
-0.4255319 -3.1627907
-7.4193548 -4.2258065
1.4387755 0.9411765
-4.8469388 -8.5333333
2.4482759 -3.5287356
1.3766234 0.989899
-3.4307692 -6.2268041
-8.5243902 3.359375
-3.2063492 -6.6630435
-6.3333333 -3.3733333
-3.1851852 2.7105263
-1.7878788 -6.3578947
1.4888889 0.9253731
2.3846154 -3.6153846
-5.2580645 -4.0659341
-6.7659574 -3.16
-8.5243902 3.3571429
0.9193548 1.505618
-4.05 4.5952381
-0.6949153 -2.0
1.2531646 1.1125
1.375 1.0142857
-1.8481013 -6.1666667
-1.0 -1.4
-6.1341463 -1.8589744
-4.625 -4.6282051
-3.0833333 -6.9425287
-7.4096386 -5.5882353
-7.3506494 2.5294118
-2.7666667 -7.7380952
-8.2597403 -6.2241379
1.9859155 0.71
-5.952381 4.8028169
-5.9821429 -1.9078947
-4.6233766 -6.7945205
-7.5454545 -6.8139535
-4.7108434 3.9444444
-3.0769231 -3.7123288
1.4431818 0.9876543
-3.2333333 -6.626506
-5.5555556 3.3432836
-4.6896552 1.827957
1.4487179 0.9876543
2.0555556 0.6984127
-0.6969697 -2.0606061
-3.6666667 -8.5737705
-6.9012346 -7.4533333
-8.2424242 -5.0277778
-7.3695652 -5.6233766
-6.9230769 5.5689655
-1.7765957 -6.4428571
-1.0333333 -1.4047619
-1.2333333 -1.1774194
-5.1276596 -6.1340206
3.2045455 0.4536082
1.1219512 1.2962963
-5.6049383 1.5243902
0.88 1.6571429
-7.1428571 -5.8045977
1.1530612 1.2747253
2.25 0.654321
0.7802198 1.8873239
-6.0273973 1.4146341
-5.9634146 4.7833333
-0.6526316 -2.2638889
-3.484375 -3.2941176
-5.0294118 5.6710526
-3.5510204 -6.0487805
-3.2222222 -6.6666667
-2.943662 -7.297619
0.7916667 1.872093
-4.4942529 -4.78
3.3076923 0.4489796
2.3809524 -3.5757576
-6.4242424 -4.9012346
-4.4166667 -4.8651685
-6.9880952 -7.3684211
3.175 0.4705882
-7.2 -7.1521739
-4.020202 -2.8596491
-4.8214286 -2.3846154
-8.1428571 -5.0967742
-0.5396825 -2.7901235
-3.4117647 -3.372549
3.5463918 0.425
3.3263158 0.4536082
-4.0786517 -7.7261905
-2.3939394 -4.8125
3.02 0.5057471
-4.3146067 -2.6721311
3.3088235 0.4631579
-5.6818182 -3.79
-2.02 -5.7111111
-3.8 4.8588235
-5.7380952 -3.7538462
-6.0833333 1.390625
-5.325 -5.9230769
-5.2 -7.9886364
-6.9139785 5.5625
-6.8314607 -6.0816327
-4.3645833 -4.9375
-6.9090909 2.6702128
-6.4666667 -6.4255319
-3.5555556 -3.25
-1.7582418 -0.8870968
-6.902439 5.5689655
-2.6666667 -4.3376623
-3.742268 4.925
1.260274 1.245614
1.2183908 1.2898551
-7.9324324 1.0625
-1.8333333 -6.3142857
-5.5070423 -2.1025641
-7.6119403 3.7333333
-4.6037736 4.0
2.15 0.7391304
-2.8372093 -7.609375
-6.9855072 2.6352941
-0.55 -2.8933333
-0.5517241 -2.8863636
-5.2395833 -2.212766
-0.5263158 -3.030303
-6.4123711 -4.9272727
-6.3191489 -5.0
-1.8965517 -0.8421053
-4.7108434 1.7833333
2.4 0.6666667
-8.4137931 -6.1333333
-3.6941176 -8.5555556
-4.2075472 -7.5119048
-7.6111111 -5.4666667
2.9142857 0.5520833
-3.125 -6.9148936
-7.2363636 -5.75
-4.3917526 1.9101124
-4.3625 -2.6617647
1.4888889 1.0833333
-3.9784946 4.6212121
-5.6097561 -3.8539326
-6.3943662 4.4382022
-7.96 1.0526316
-1.725 -6.7368421
-7.8645833 3.6082474
-6.0779221 -5.2033898
-3.3095238 2.5294118
-6.9139785 -6.0222222
1.8552632 0.8833333
-0.4848485 -3.3863636
-8.4102564 -4.9516129
-4.5689655 -4.7377049
2.0 0.8247423
-8.7076923 -4.7831325
-2.7866667 -7.7692308
-8.7142857 3.2527473
-1.5384615 -1.0784314
-0.53125 -3.125
-5.6346154 -7.3939394
-6.7 -6.2183908
1.4767442 1.1272727
-7.3421053 -4.3134328
-3.6304348 -8.7234043
-1.6868687 -6.9186047
-6.6944444 5.7252747
-0.4823529 -3.4761905
-7.7407407 -5.3846154
3.3272727 -2.5
-0.95 -1.7717391
-1.1515152 -1.4642857
-3.9178082 -8.0882353
-3.1967213 2.6
3.0 0.5638298
-5.8350515 4.8513514
-3.1428571 -3.7205882
-6.9891304 -3.1041667
3.1886792 -2.6027397
-1.515625 -1.1232877
-3.4210526 -3.4210526
-4.3733333 -2.6764706
-4.0857143 -7.76
3.516129 -2.3586957
-8.32 -3.8111111
-5.2929293 -2.212766
3.3661972 0.5116279
-3.8863636 -3.0166667
0.9873418 1.75
-3.8095238 -8.3291139
-4.9787234 5.6781609
-6.5520833 -3.3166667
-7.6538462 -4.1458333
-7.6470588 2.3888889
2.5425532 0.6813187
-6.2727273 -3.4651163
-1.25 -1.3888889
-7.8208955 -6.6153846
-3.8 -8.3529412
-5.75 -7.2608696
-1.88 -6.255102
-2.4 -4.9
3.5227273 -2.3387097
-6.0227273 -3.6133333
-6.09375 -6.8541667
2.344086 -3.5102041
-5.3854167 -2.1868132
-3.2197802 -6.7638889
-2.8988764 -7.5151515
-7.2739726 3.8783784
-0.7051282 -2.54
-0.5 -3.5882353
-4.8586957 -8.6022727
-0.5964912 -3.0138889
-8.7386364 -4.7831325
-8.39 -3.7901235
-7.8961039 3.5714286
-1.8082192 -6.5277778
-0.6966292 -2.5918367
-6.9896907 4.0337079
-2.5632184 -4.606383
-6.6043956 1.2405063
1.015873 1.7818182
-3.2716049 -6.6666667
-6.2653061 -1.8854167
-0.5333333 -3.4098361
-7.952381 -2.744186
-7.2247191 -7.1734694
-7.1326531 -5.8648649
-7.3023256 -7.0983607
-4.125 -5.2933333
-8.4477612 3.3333333
-0.6111111 -3.0133333
-1.9897959 -5.9512195
1.25 1.4761905
-3.7040816 -3.1979167
-3.8674699 -8.2352941
-2.4558824 -4.8255814
-6.6590909 -4.7831325
-4.7714286 -4.5797101
-3.5810811 -3.3098592
-0.6136364 -3.0196078
-7.4533333 -4.2736842
-4.5421687 -7.0138889
-6.2282609 -6.7209302
1.3731343 1.3544304
-6.6052632 5.7738095
-5.6666667 -5.6233766
-4.0454545 4.48
-6.24 -8.3137255
2.1530612 0.8732394
-2.7073171 -8.0824742
-6.3333333 -8.1919192
-4.893617 -2.4285714
-6.3043478 4.4583333
-3.7380952 -5.8571429
-6.462963 5.8955224
3.556962 -2.2777778
-5.59 1.4489796
0.9565217 1.9888889
3.0238095 -2.6764706
-6.7457627 -4.7301587
-1.4050633 -1.36
-4.9569892 -2.4042553
-4.89 1.6521739
-4.7777778 -4.5901639
-6.4047619 -6.5473684
-6.6153846 -6.3404255
2.2619048 0.8602151
-6.765625 4.1463415
-8.3661972 4.5479452
-7.5555556 1.0652174
-4.0192308 -2.9736842
-4.8607595 -2.4594595
-2.8888889 -7.6
-6.4642857 -6.4912281
-2.525 -4.7375
-1.40625 -1.3956044
-3.0188679 -7.2771084
-3.8051948 -5.7733333
-0.6391753 -3.08
1.2266667 1.6065574
-0.8717949 -2.2647059
-5.9468085 -2.0138889
-5.7567568 -2.0804598
1.7297297 1.1428571
-3.4880952 -3.4347826
-4.8961039 3.68
-0.6111111 -3.25
2.8481013 0.6973684
-5.875 -8.8490566
-5.1827957 -8.1020408
-7.3953488 -2.9736842
1.1648352 1.7096774
-5.45 -4.0352941
-6.9375 -7.4947368
2.53 0.7888889
-1.7222222 -1.1595745
3.1666667 -2.5268817
-3.72 -5.9139785
-0.8947368 -2.2365591
-3.14 -3.8222222
-3.8860759 -3.0886076
-3.8510638 -8.3111111
-5.7804878 3.1122449
-4.6296296 1.7258065
-2.95 -7.4615385
-6.3555556 -8.1836735
-4.4166667 4.0727273
-4.0869565 -2.939759
-6.4666667 4.3275862
3.7291667 -2.1397849
-5.6438356 -5.6744186
-2.2352941 -5.3809524
-0.6075949 -3.3384615
-7.075 -7.3538462
-7.3695652 -4.3461538
-4.7808219 -4.6078431
-2.5353535 -4.75
-7.8888889 -4.0625
-6.1234568 -8.5
-1.0 -2.0515464
-4.0625 -5.4285714
-7.9310345 -4.0416667
-6.6190476 2.7105263
-5.2210526 3.4358974
-7.0810811 -4.5277778
-4.7 1.6888889
-3.6666667 2.1648352
-6.4210526 4.3505155
-5.1914894 3.4545455
-6.0 -2.0111111
1.7966102 1.1505376
-0.8051948 -2.5684211
-7.8125 -2.825
-4.2043011 -7.6282051
-1.7333333 -6.9659091
-3.1010101 2.5555556
-2.6125 -4.6222222
3.4615385 -2.2891566
3.44 0.6046512
-4.9347826 -8.5272727
-1.7714286 -6.8205128
-1.027027 -2.0277778
-3.8865979 -3.109375
-5.15 -8.171875
3.4657534 0.6027397
-1.7076923 -7.0816327
-1.7386364 -1.2048193
3.010989 -2.6236559
-3.787234 -8.4761905
-8.59375 3.2463768
-4.2948718 -2.8196721
1.0879121 1.939759
-4.5820896 -4.8255814
-5.6219512 -7.490566
1.7959184 1.1764706
1.1038961 1.9142857
-5.8125 -5.525
-8.1428571 -6.4
-1.4880952 -1.4222222
-3.7640449 4.75
-4.5263158 3.95
1.1530612 1.8421053
-7.3571429 3.7887324
3.3125 -2.3770492
2.5416667 -3.097561
-8.7222222 -3.6842105
-2.6043956 -4.6593407
-7.6969697 -4.175
1.4181818 1.509434
-1.6888889 -7.1898734
-5.754386 3.1025641
-5.195122 3.4358974
2.4141414 -3.25
-1.4680851 -1.4677419
-8.46 2.1090909
-1.53 -1.4102564
-1.0526316 -2.0515464
-2.75 -4.4222222
2.1666667 1.0
-6.5294118 4.2626263
3.4615385 0.6262626
-3.9230769 -8.2
-4.7356322 -8.9047619
-5.1764706 3.4444444
2.16 -3.625
3.05 -2.5671642
2.1395349 -3.6595745
-3.5714286 -3.4081633
2.9066667 0.7473684
-1.0576923 -2.0555556
-3.6153846 -6.1333333
-3.2321429 -3.7666667
-7.4255319 3.7468354
1.9655172 1.109375
-4.4363636 -5.0
-4.6823529 -6.8730159
2.3191489 -3.3703704
-0.7868852 -2.7755102
-4.9565217 -6.4933333
-7.6391753 1.0229885
-8.3043478 -5.08
-0.6626506 -3.3030303
-5.15 3.4583333
-4.5053763 1.7333333
-2.6226415 -4.6486486
3.3375 -2.3387097
-1.7021277 -7.1666667
-5.0 3.56
-7.1625 -1.7037037
-4.0263158 -8.0
-6.5135135 -4.9452055
-6.5588235 -7.9607843
-8.5625 4.4126984
-2.79 -4.3793103
-2.4285714 -5.0327869
1.4565217 1.5263158
-3.8865979 -3.1460674
-6.7333333 2.6393443
-3.1649485 2.4520548
2.8387097 0.7888889
-1.2164948 -1.84375
3.7126437 -2.0879121
-5.94 1.304878
-3.8068182 -3.2183908
-4.2051282 -5.2916667
2.4814815 -3.1206897
2.9893617 0.7553191
1.5 1.5084746
-5.7222222 3.0987654
-8.8730159 -4.7640449
-4.8235294 -8.7647059
2.0338983 -3.7971014
-7.5510204 -5.6
-7.8730159 -2.8313253
3.44 0.6666667
-6.4705882 -1.9
-4.6533333 -6.94
-5.1304348 -4.345679
-6.6588235 -4.85
-1.0147059 -2.2631579
-4.3728814 4.0483871
-5.7368421 -7.3737374
2.0178571 1.1410256
-6.0769231 -8.6067416
-6.1578947 1.25
-7.2469136 -1.6976744
-4.6197183 -4.8282828
-0.6962025 -3.3166667
-4.9493671 5.59375
-3.712766 2.0697674
-7.7126437 3.5894737
-5.6705882 -7.4623656
-4.2307692 -2.9111111
3.5584416 -2.1587302
-4.6101695 -2.6721311
-6.4193548 4.3116883
-3.8469388 -5.8035714
1.9333333 1.2033898
-4.1573034 -7.7758621
-4.175 -2.9534884
-6.9833333 -3.1979167
-6.6271186 5.6829268
-8.3866667 2.1058824
-2.3483146 -5.2545455
-8.6428571 3.2
-7.7209302 3.5818182
-4.9393939 -2.5
-1.5333333 -1.5324675
-3.5979381 2.125
-5.8095238 1.3157895
2.1752577 -3.5138889
-6.1794872 -2.0
1.4125 1.6703297
-4.8051948 1.5892857
-1.2626263 -1.8717949
-6.6944444 4.1282051
-5.4893617 1.390625
-0.9222222 -2.5666667
-0.7321429 -3.2380952
-4.9074074 1.5543478
1.5740741 1.5070423
-4.7466667 1.6065574
-5.7333333 -2.1590909
-3.6144578 -3.4252874
-5.835443 -3.8356164
-4.4942529 3.92
-7.8 -5.4337349
2.1967213 1.0853659
-3.9767442 -3.1142857
-1.1176471 -2.1348315
-5.5 -4.0704225
-2.2352941 -5.5428571
-7.4354839 -4.3563218
-5.2941176 1.4367816
3.4 -2.2365591
-7.7209302 0.984127
-4.5053763 3.9058824
-1.4747475 -1.63
-4.4492754 -2.7884615
-6.5945946 -4.9142857
-8.8656716 3.1122449
-4.8111111 -8.8152174
-6.3943662 1.1866667
-4.8550725 -4.6162791
-1.9381443 -6.4057971
2.2280702 1.0853659
-8.3478261 -3.8837209
-8.375 2.0987654
-0.746988 -3.2435897
-4.9565217 1.5285714
-1.9512195 -1.2421053
2.8550725 -2.6533333
-8.0 0.9466667
-6.8314607 -6.2105263
-4.2692308 -2.9111111
-6.2647059 -8.3690476
-6.3263158 -5.1263158
-6.5588235 4.2025316
-2.1428571 -5.8045977
-7.4358974 -4.3626374
-2.7882353 -4.4623656
-1.8 -1.358209
-6.255814 1.2068966
-1.972973 -1.2424242
2.472973 -3.05
-6.4897959 -8.0833333
-1.5757576 -1.5609756
-3.8860759 -8.3529412
-6.0444444 -8.6792453
2.2352941 -3.372549
2.9090909 -2.5892857
-7.0882353 5.2948718
-2.1714286 -5.7424242
-4.5319149 1.6610169
-4.8367347 -6.7142857
-5.1025641 1.4742268
-7.525641 -4.3157895
-4.4482759 3.9387755
1.6285714 1.5243902
-6.2537313 -8.3928571
-6.2142857 1.2083333
-8.1428571 0.9220779
-8.6166667 4.3529412
-7.5125 -5.65625
-8.8043478 -5.9622642
-5.3571429 -6.0655738
-7.2040816 -4.5106383
-4.3529412 -7.4655172
2.0555556 1.2156863
-5.2395833 -4.2941176
-6.25 -2.0
-4.7078652 3.7169811
-5.35 -2.3370787
-2.3205128 -5.3888889
3.2903226 -2.2777778
-6.4098361 -3.5111111
-6.1341463 4.4821429
-1.6404494 -1.5277778
-4.5747126 -7.1060606
-4.9268293 -2.5393258
-6.40625 -3.5138889
3.2888889 0.7634409
-1.5510204 -1.6190476
2.626506 -2.8478261
-0.8095238 -3.1149425
2.9666667 -2.5185185
-4.1212121 -3.0408163
-3.9473684 -3.175
2.5 1.0142857
1.3043478 1.9444444
1.6493506 1.5402299
-6.393617 2.7307692
3.2888889 0.7727273
-6.8961039 -7.6190476
-5.7352941 -2.1868132
2.7647059 0.9210526
-6.7837838 5.5208333
-6.3207547 -8.3137255
-6.8051948 -4.7831325
-3.8983051 -8.35
-8.5789474 -4.96
-5.3469388 3.2631579
-6.3589744 -1.974359
2.0795455 1.2298851
-7.4642857 -5.7017544
-2.1860465 -5.7454545
-7.3225806 3.7472527
-8.18 -6.4255319
-3.4505495 -6.5384615
-0.9382716 -2.7301587
-6.5274725 -1.925
-6.3555556 -3.5505618
3.358209 -2.212766
-3.9295775 4.4352941
2.9830508 0.8627451
-5.1923077 -4.3478261
-1.7826087 -1.4473684
-3.9552239 -3.1818182
-6.6071429 4.1492537
-7.4146341 1.0
-3.75 1.9767442
-5.1 5.375
-4.372093 -5.1666667
-6.2692308 4.372093
-8.7040816 2.0
-4.7692308 -4.7377049
-1.8604651 -1.3956044
-7.9482759 -5.359375
-2.1410256 -5.8842105
-8.5698925 2.030303
-6.4642857 -1.9493671
-8.6666667 -3.7619048
-4.1029412 -3.0721649
-7.2096774 2.4126984
-7.0821918 -6.015873
-4.9795918 -6.5479452
2.5 1.0425532
-2.5842697 -4.8783784
-5.72 -5.7037037
1.902439 1.3814433
-5.6486486 3.0746269
2.7894737 0.9466667
-6.3214286 -2.0
2.7640449 0.9565217
-5.52 -5.9139785
-8.6323529 -3.7818182
-5.1011236 -6.4
-5.4583333 -2.3170732
-8.4339623 2.0574713
-7.9183673 -5.3859649
2.3191489 -3.1666667
-5.7073171 -3.969697
2.5921053 1.025641
-8.6 -6.1234568
-7.3636364 5.0705882
-5.0140845 3.4578313
-8.6233766 4.3294118
-3.6 -3.5185185
-5.4772727 -5.9642857
-5.6842105 -5.7472527
-6.625 -3.4222222
-3.0740741 2.3833333
-6.8367347 -4.7794118
2.2048193 1.2156863
-1.2933333 -2.0729167
-5.3924051 -2.3518519
3.1886792 0.8412698
-6.5972222 -1.9230769
-3.1071429 2.3535354
-1.8977273 -1.4166667
2.3142857 -3.1587302
-5.1052632 -6.4032258
-4.15 -5.4680851
-1.3469388 -2.0
-7.7058824 3.5432099
-3.6507937 2.0
-3.6923077 -6.1489362
-5.1323529 -2.4772727
-0.9714286 -2.8045977
3.2777778 -2.2195122
-6.989011 3.9021739
-1.8989899 -6.7037037
1.8974359 1.4459459
-0.9285714 -2.9591837
3.1780822 -2.28125
-1.6105263 -1.7083333
-4.5555556 -2.8
2.5918367 -2.7941176
-2.893617 -4.4090909
-6.2828283 -8.3972603
-7.5189873 0.962963
2.7777778 -2.6060606
-6.75 2.5535714
3.1458333 -2.3
-6.1333333 -5.3421053
-5.925 1.2210526
-2.4385965 -5.2365591
-2.9027778 -4.4
-6.0851064 4.4736842
-7.3469388 -5.8225806
-1.1707317 -2.3737374
-1.3661972 -2.0344828
-2.8627451 -7.9574468
-5.7179487 -7.4827586
2.8510638 -2.5294118
-1.7777778 -1.5689655
-6.4791667 -5.0612245
-6.9814815 -4.6979167
-4.8571429 5.6
-6.8148148 2.5238095
-2.5932203 -4.9368421
-6.2537313 1.1505376
-5.5277778 4.9193548
-3.9642857 -5.7553191
-1.2222222 -2.3050847
-4.9444444 -6.6388889
3.4590164 -2.0729167
-7.5616438 -3.0196078
-4.1315789 -5.5268817
2.4142857 -2.9672131
-7.4722222 3.6351351
-6.4230769 -3.5555556
-8.5529412 -6.1780822
-5.8571429 1.2222222
2.5223881 1.1272727
-6.9090909 5.3777778
-1.5903614 -1.7887324
-6.7731959 -3.3728814
-6.0823529 -3.7560976
-6.9863014 -7.5645161
-1.7575758 -7.3108108
-7.5125 3.6140351
-4.140625 -7.9347826
-4.9090909 -2.6190476
-7.5217391 2.2790698
-4.0106383 -3.2058824
-3.6969697 1.9318182
-7.2564103 5.1182796
-6.625 -7.9791667
-4.3846154 -5.2142857
-6.546875 -8.0746269
-4.8474576 5.5974026
2.0119048 1.4255319
-6.2564103 -5.2537313
-2.0875 -6.1666667
-7.5694444 3.5833333
-6.0779221 -7.0545455
-7.0625 2.4242424
-6.0823529 2.8148148
3.1038961 0.9302326
-2.8421053 -8.0540541
-5.1714286 -2.4927536
-3.6144578 1.9661017
-5.9375 1.1958763
-4.7040816 -4.8684211
-1.3714286 -2.1170213
-1.1481481 -2.5294118
-5.9315068 1.1958763
-1.0 -2.9111111
-0.9375 -3.1052632
-4.2884615 -3.0111111
-6.05 -5.4411765
-8.3287671 -3.953125
-1.2790698 -2.2891566
-4.1641791 -7.9076923
3.2235294 0.9090909
-5.2903226 3.2247191
-3.8 1.8571429
-7.2407407 -5.9310345
-5.3181818 3.2051282
3.2537313 0.9081633
-6.9814815 -7.5853659
-4.7466667 1.4833333
-3.8133333 -6.0208333
-3.2142857 -4.0319149
3.2298851 0.9166667
-7.3953488 2.3030303
-6.24 1.1264368
-7.7432432 -4.258427
-4.969697 -2.6111111
-7.8734177 3.4320988
-4.7333333 1.4833333
-2.9186047 -7.8734177
-4.7763158 1.4683544
-5.057971 -2.5679012
2.32 -3.0222222
2.1052632 1.4204545
-6.8431373 -7.7435897
-3.6233766 -3.5862069
-5.1666667 3.2911392
-5.0344828 3.3768116
-5.2727273 -6.2588235
2.4666667 -2.8372093
-6.7948718 5.4444444
-4.5384615 -5.0701754
-4.75 5.6818182
3.3263158 -2.1010101
-7.6458333 -3.0104167
-6.0985915 -5.4142857
-3.5857143 4.7352941
-5.7804878 4.6666667
1.8955224 -3.6790123
2.2959184 1.3181818
2.7159091 -2.5652174
-5.987013 -2.1772152
-7.8469388 0.8875
-7.6966292 -4.2926829
-5.0412371 -4.5714286
-6.8644068 5.3833333
-1.5977011 -1.9069767
-0.9310345 -3.2753623
-2.4242424 -5.3829787
-5.0612245 5.3243243
-4.483871 3.7789474
-2.6767677 -4.877551
-6.7708333 -7.8360656
2.4363636 -2.8493151
-8.7575758 -4.9166667
3.4705882 -2.0
-7.7105263 -6.8813559
-6.0196078 -8.8152174
-6.6133333 -5.0
-6.972973 5.2962963
-5.3653846 -8.0273973
-1.28125 -2.3962264
-7.9897959 -5.3908046
-5.3220339 -2.4576271
-7.4878049 -3.0823529
2.030303 -3.4057971
-1.4210526 -2.1764706
-3.5490196 1.9444444
-4.5636364 -7.2528736
-6.037037 -3.8269231
-6.4313725 1.0722892
-4.8108108 5.5901639
-5.2777778 -4.3787879
-6.8 -7.8108108
-2.9047619 -4.5147059
-8.11 -4.0833333
-5.984127 -5.5340909
-1.7123288 -1.8222222
-3.25 -4.037037
-6.5217391 -8.1451613
-3.75 -3.5
-5.1590909 -8.3608247
-8.5 4.3370787
-5.5463918 -2.3692308
-5.7333333 2.9402985
-3.8787879 1.7674419
-5.4166667 -6.1190476
-1.1896552 -2.6458333
-7.3333333 -3.1566265
-8.4285714 4.372093
-5.3469388 -6.2
-4.7619048 -6.9620253
2.0506329 -3.3384615
-3.6756757 -3.5789474
-6.6326531 -3.4912281
1.9733333 -3.4680851
-6.6666667 -4.974359
-5.5070423 3.0568182
2.9310345 1.0833333
-5.3370787 -6.2162162
2.1525424 -3.1688312
-1.3225806 -2.4042553
-6.4912281 4.1315789
2.0 -3.4081633
-4.4651163 -7.4329897
2.4680851 -2.7578947
-5.8351648 -2.2613636
-3.8541667 -6.0185185
2.7678571 -2.4571429
-3.8 1.7894737
-5.8205128 -2.2678571
-7.4347826 0.9137931
-6.4819277 -2.0375
-6.0153846 1.1290323
-5.5 3.0526316
-2.0967742 -6.3012048
3.3289474 -2.037037
1.7789474 -3.8111111
-6.9833333 5.2666667
-2.1186441 -6.2413793
-7.6626506 -6.9459459
2.3917526 1.3488372
2.9047619 1.1111111
-1.2575758 -2.5671642
2.6666667 -2.5393258
-3.6 -6.452381
-1.9487179 -6.7945205
-6.278481 4.2619048
-7.2934783 -4.5578947
-5.2210526 -2.5365854
-1.24 -2.6190476
-7.4642857 -3.1149425
2.5384615 -2.6585366
2.1529412 1.5106383
-6.0724638 -7.122807
-5.6097561 2.984127
-1.7590361 -1.8554217
-2.3174603 -5.7307692
-3.3369565 -3.98
-6.1714286 -8.6338028
-1.4831461 -2.2142857
-4.6037736 -7.2307692
-6.516129 -5.1086957
-7.5324675 -5.7472527
-3.030303 -4.3870968
-1.1304348 -2.9193548
-7.3461538 -1.8105263
-1.5205479 -2.173913
-4.2592593 -5.4719101
-2.2444444 -5.9342105
-6.9047619 2.4157303
-8.6222222 -6.1842105
2.4788732 1.34
-3.3709677 -6.9191919
3.0666667 -2.1764706
1.7857143 -3.7373737
-4.74 5.6271186
-7.5670103 2.2028986
-4.3291139 -3.08
-6.7142857 3.9714286
-6.6947368 -3.4857143
-6.2297297 4.28
-5.6603774 -2.3561644
1.8 -3.7
-3.9166667 -5.96
-7.5396825 -7.0752688
-6.1111111 -5.4567901
-1.1923077 -2.8076923
-5.3962264 -2.4736842
-5.0 1.3297872
-7.6526316 -3.0519481
-1.2258065 -2.7373737
-5.3037975 -2.5185185
-3.5342466 1.8787879
-3.5697674 -3.7439024
-4.9493671 -4.7209302
-6.1702128 -7.0294118
-4.7631579 -2.8076923
-4.33 3.8392857
-6.7 -6.474359
2.0731707 1.6296296
-4.9310345 -6.7692308
-6.0416667 2.75
-2.4337349 -5.5
-3.0416667 -7.6911765
-3.3787879 -3.9649123
-6.6363636 -5.0327869
-7.7272727 2.1481481
-4.8888889 -2.741573
-1.1182796 -3.0481928
2.6914894 -2.4479167
-5.4255319 -6.1587302
-4.3396226 3.8214286
-7.3170732 3.6329114
-4.8888889 1.3461538
-3.5625 4.654321
-7.6842105 -6.9518072
-7.2222222 -6.0119048
-6.24 -6.9583333
-5.925 -5.640625
1.942029 -3.3863636
-6.5671642 -5.0897436
-5.5050505 -7.8888889
-6.721519 -3.4857143
-5.6315789 1.1666667
-8.537037 -6.2588235
2.2417582 1.5344828
-7.984127 -4.1884058
-5.9361702 2.7888889
3.9090909 -1.6769231
-1.6976744 -2.0298507
-2.1956522 -6.125
-1.734375 -1.99
-4.0434783 -5.8
2.9333333 -2.2318841
-7.48 0.875
2.9807692 1.1594203
3.6111111 -1.8117647
3.6785714 -1.7777778
-3.9459459 1.6571429
-2.7321429 -4.9278351
-1.3287671 -2.6071429
-1.8658537 -7.2181818
-8.3857143 -5.183908
-6.4625 4.1041667
-4.4146341 -7.5833333
-1.4230769 -2.4459459
-2.6 -5.1851852
-2.3229167 -5.8045977
-2.195122 -6.1428571
2.2553191 -2.8888889
-3.6857143 4.48
-3.3283582 -4.0526316
-5.02 -6.6712329
-4.0151515 -3.3617021
-8.0227273 4.5492958
-6.9879518 -1.9325843
-8.7321429 1.8888889
-8.1176471 -6.5913978
-3.6666667 -6.4111111
-4.8730159 -6.8762887
-1.2125 -2.8974359
-5.6666667 -4.1494253
-2.2 -6.1428571
-7.675 3.4505495
-6.4883721 -3.625
-4.9821429 5.3148148
-3.4117647 -6.8947368
-5.8378378 -5.7424242
-1.3 -2.7111111
1.9767442 -3.2758621
-7.9651163 -5.4647887
-5.1111111 -8.5164835
-8.8235294 -6.0666667
-7.989011 -2.9456522
-6.3181818 -3.7254902
-6.2941176 2.6153846
-1.6888889 -2.0961538
-3.4827586 -6.7604167
-1.5368421 -2.3085106
-6.7777778 -3.474359
-4.1833333 -3.238806
-3.9655172 1.6262626
-4.6813187 5.6494845
-5.2142857 -4.5172414
-5.3506494 -6.2711864
-3.2318841 -7.2884615
-3.9130435 -3.4646465
-3.4237288 -6.8813559
-2.2835821 -5.9390244
-4.1612903 -5.6627907
3.7032967 -1.7373737
-6.2727273 5.8080808
-6.6140351 -6.5873016
2.2333333 -2.8787879
-4.3157895 -7.7789474
-1.8333333 -1.9493671
-5.9710145 2.75
-5.1875 -2.6184211
-7.1764706 2.287234
-8.4936709 1.9324324
-6.4252874 -5.2272727
-7.1585366 -7.4857143
-1.7938144 -2.0
-3.4262295 -3.967033
-5.6206897 1.1395349
-7.2941176 -4.606383
-7.2531646 -6.0111111
-3.4893617 -3.8977273
-1.4615385 -2.4666667
-7.5789474 -3.1147541
-4.275 3.8333333
1.9538462 -3.2638889
-5.2361111 -4.5125
3.6885246 -1.7261905
-6.5813953 -8.15
2.4823529 1.4657534
-6.2653061 -5.3690476
2.8974359 1.2571429
-4.6818182 -5.05
2.1052632 -3.0151515
-5.0625 -4.6724138
-7.0631579 -1.9333333
3.0727273 -2.0645161
-2.8522727 -4.7878788
-7.9322034 3.3209877
-5.7625 -4.1060606
-2.2222222 -6.1477273
-8.5773196 -3.9245283
-1.6888889 -2.1690141
-7.8636364 4.6206897
-5.6195652 1.1272727
3.4418605 -1.84
-6.09375 -7.1666667
-7.1547619 3.6794872
2.7457627 1.3396226
-3.7391304 4.3648649
-5.5675676 -2.4571429
-5.78125 -4.0967742
-3.6233766 -6.5384615
1.6987952 -3.7123288
-1.2972973 -2.8478261
-3.3580247 1.8765432
2.2210526 1.6666667
2.9285714 -2.15
-7.375 -7.2820513
-8.8965517 -4.9130435
-6.5671642 -6.6557377
-5.472973 4.8035714
-6.8297872 -6.4
2.16 1.7179487
2.8142857 -2.2337662
-5.0952381 -6.6170213
-6.4342105 -2.1323529
-2.7833333 -4.9302326
2.1948052 -2.8596491
-1.761194 -2.1166667
-2.1973684 -6.25
2.1525424 -2.9111111
-4.7931034 5.48
-7.7391304 -4.36
-7.979798 4.5432099
-8.8289474 -6.0875
3.66 -1.7083333
-6.5735294 -3.6133333
2.8842105 1.3020833
-8.2666667 -5.2931034
-3.3050847 1.8888889
-6.8490566 3.8314607
-7.7746479 2.0888889
-5.097561 1.2241379
-5.015625 -4.7380952
-7.2816901 -6.0104167
-7.1276596 -4.7373737
-6.122807 -3.8817204
-2.3188406 -5.9375
-5.6111111 -6.0185185
-5.1923077 -8.4301075
1.6956522 -3.671875
-5.6078431 -2.4567901
-7.3033708 -4.625
-8.011236 -5.4646465
-7.1477273 -6.125
-7.0769231 -3.3604651
-4.4393939 -3.1044776
-3.5581395 -6.6842105
-2.4794521 -5.5616438
-8.344086 4.3370787
-7.75 2.0888889
-5.5434783 -7.9041096
-5.2 -8.4262295
-8.1149425 -2.9350649
-7.325 -4.6170213
-4.6875 -7.2153846
-4.6896552 -7.2125
-8.53 -6.31
-4.1147541 -8.2205882
-4.5053763 3.59
-3.2631579 -7.3037975
-4.6875 3.4487179
2.974359 -2.0729167
-6.0930233 2.6530612
-3.2258065 -7.3888889
-8.2682927 -2.8829787
-8.5882353 4.2105263
-3.4875 -3.969697
-3.2258065 -7.3934426
-5.6190476 -4.244898
-6.4193548 4.0727273
-4.9761905 -2.7846154
-7.8023256 3.35
-7.6875 -3.1041667
-3.6117647 -6.6071429
-3.8970588 -6.1234568
2.1463415 -2.8571429
-8.5617978 3.0515464
-8.4615385 -5.1851852
-5.94 2.7142857
-7.5978261 -4.4588235
-6.4375 -6.8163265
-3.6578947 -6.5287356
-4.74 -5.038961
-5.6973684 4.5833333
-4.4897959 -5.3205128
-3.7 -6.4567901
2.6271186 -2.3255814
2.4421053 -2.5
-5.4761905 4.7666667
-3.7714286 -3.6851852
-6.1857143 2.6021505
-2.0253165 -6.8656716
-6.122807 -8.8045977
-4.0659341 -5.8804348
1.5862069 -3.8356164
-6.3478261 5.6836735
-5.9897959 -2.3243243
-3.7701149 1.61
-8.5529412 -5.1363636
-7.6315789 -4.4461538
-3.3506494 -4.1587302
-7.4226804 -5.9191919
-6.12 -8.8131868
-8.5205479 1.8846154
2.6785714 -2.2613636
-5.7142857 -4.1904762
2.4042553 -2.5172414
-4.5578947 -7.45
-8.4044944 -5.2307692
-4.1724138 -8.1397849
-5.8513514 -4.0952381
1.902439 -3.1702128
1.8734177 -3.2183908
-4.5 -7.55
-5.7171717 -2.4444444
-6.5396825 2.45
2.6631579 -2.2604167
-6.29 5.7252747
-6.9859155 -3.4347826
-2.2857143 -6.125
-6.0196078 5.9803922
-5.7628866 -5.9
-7.1818182 0.8352941
-4.7560976 3.3625
-3.3571429 -7.1521739
-6.2755102 -7.0138889
-6.1568627 -8.7733333
-4.0666667 -3.4473684
-8.6388889 4.1649485
-3.6774194 -6.5319149
-5.7582418 -7.6455696
-4.7466667 -7.1686747
-2.1621622 -6.4878049
-6.2368421 -3.8529412
-5.9315068 4.3780488
-6.0 -7.3389831
-3.125 -7.6911765
-6.4193548 -8.4175824
-5.0412371 -4.7701149
-4.8108108 -2.92
-5.9130435 4.3888889
-8.0430108 -4.234375
-5.4769231 -6.2183908
-5.1666667 -4.6571429
-3.75 4.25
-5.925 -4.0612245
-5.8105263 -7.5833333
-5.5714286 4.6538462
-4.4363636 -5.4285714
-6.8709677 -3.5058824
-5.3174603 4.8723404
-6.2 5.7916667
1.6315789 -3.62
-8.3684211 -2.8791209
-7.1688312 2.21875
-8.1714286 -6.6202532
-5.1481481 -6.625
-7.7297297 -7.0
-7.5925926 -5.8095238
-5.6813187 -4.244898
-6.5384615 -2.1590909
-4.8271605 -7.0681818
-3.7260274 -3.7901235
-6.2446809 -5.4647887
-3.6557377 1.6060606
-4.6022727 -3.07
2.0561798 -2.8552632
-4.8795181 5.3012048
-6.7608696 -6.5277778
-4.3625 3.6363636
-4.6804124 -5.1571429
-7.1666667 -3.3684211
-6.2195122 5.7654321
-7.41 2.14
-3.8787879 1.509434
2.6603774 -2.2
-4.7613636 -2.9726027
-3.8030303 -6.3513514
3.6428571 -1.6041667
-4.2075472 3.7654321
-6.0 2.6393443
-4.18 -3.3888889
-5.2391304 -8.4301075
-3.8214286 1.5263158
-5.8469388 4.4166667
-6.5662651 -2.1590909
1.5584416 -3.7356322
-5.4157303 -8.1578947
-5.0175439 -6.8125
-8.0 4.4761905
-3.2553191 -7.4313725
-4.7979798 -2.9591837
-3.3814433 -7.1578947
-7.5540541 -5.8518519
1.675 -3.4574468
-5.3571429 -6.3888889
-4.028169 -6.0144928
-4.7857143 -7.1521739
-4.9204545 5.2352941
-3.712766 1.5507246
-8.7123288 1.8085106
-3.2745098 -7.4047619
-3.8461538 -3.7045455
-4.6 -3.097561
3.2826087 -1.75
-3.0135135 -4.7317073
-3.72 -3.8333333
-8.4329897 4.2380952
-2.1973684 -6.49
-3.3823529 -4.2166667
-2.9642857 -4.8133333
-7.1313131 0.8030303
-8.5822785 4.1627907
3.25 -1.7619048
-2.7380952 -5.2142857
-6.826087 3.7681159
3.0444444 -1.8780488
-7.5510204 3.4050633
-6.5425532 3.9298246
1.6136364 -3.5360825
-4.3275862 3.6292135
-3.3846154 -7.1794872
-5.6938776 2.7564103
-4.6315789 5.547619
-7.1566265 -6.1940299
-3.5316456 -6.8888889
-5.9315068 -7.4736842
-6.2857143 4.0833333
-7.122449 0.7954545
-2.3218391 -6.173913
-3.4328358 -7.0898876
-3.6585366 4.28
1.5913978 -3.5555556
-4.8032787 5.3417722
-3.443038 -4.1692308
-8.3 -6.5490196
2.2278481 -2.53
-5.3157895 -4.5833333
-5.1976744 -8.5357143
3.5473684 -1.5876289
-3.5666667 -4.0307692
-2.0952381 -6.8636364
-7.7142857 3.32
-4.0309278 -3.5697674
-3.7380952 -6.5263158
-7.4473684 2.0952381
-7.4358974 -5.9705882
-5.1914894 -2.7733333
-5.3488372 4.7857143
-3.5333333 4.4126984
-8.7594937 -5.0701754
-6.0857143 4.2040816
-8.4642857 -4.0659341
-5.7307692 -2.5154639
-6.0707071 4.2142857
-4.54 -3.1756757
-2.7241379 -5.2931034
-5.56 -7.9896907
-6.3714286 -3.8333333
-4.7096774 5.4302326
3.1153846 -1.7887324
-3.6938776 -6.6133333
3.0277778 -1.8378378
-6.2197802 -3.9294118
-7.5964912 -7.1666667
-4.4352941 -5.5121951
-8.5454545 2.9895833
-5.8095238 -4.2093023
2.4788732 -2.2371134
-3.4111111 1.625
-5.691358 4.4878049
-4.1030928 -5.9622642
-4.0394737 -3.5813953
-4.4021739 3.5280899
-5.8372093 -4.1919192
-7.9782609 3.2
-6.9795918 2.225
-6.1176471 -4.0
-6.8545455 -2.1111111
-5.4157303 -2.6721311
-5.35 -8.3125
3.4166667 -1.6176471
-5.6857143 -7.8235294
-2.2608696 -6.4057971
3.8285714 -1.4385965
-4.6923077 -5.2210526
-4.5820896 -7.5294118
-4.7142857 3.2857143
-7.6307692 -5.8333333
-8.6813187 4.0877193
-5.4020619 2.8666667
-3.3974359 1.6136364
-4.6326531 -7.4533333
-8.1071429 -5.4927536
-5.9014085 4.3148148
-5.9245283 2.6097561
-2.2727273 -6.3978495
-6.183908 5.7340426
-6.3857143 5.5526316
-8.0147059 -5.5576923
-5.6470588 -6.1176471
-5.4375 -8.1931818
-6.375 -8.556962
-1.1685393 -3.8947368
1.9230769 -2.8313253
-5.6363636 -4.3571429
1.5326087 -3.5443038
-3.9722222 -6.1851852
3.52 -1.5423729
-7.68 -5.8035714
-3.6021505 1.5060241
-5.7058824 -6.0597015
-8.1764706 -6.6753247
-8.4857143 -5.2537313
-6.0860215 4.1764706
-6.9714286 3.6458333
-6.2446809 -8.7419355
-6.0 -2.4328358
-8.5773196 -5.2
-5.56 -8.021978
-3.1847826 -7.7272727
-7.5151515 0.7171717
-7.509434 3.3809524
-7.1494253 2.1518987
-7.5 -7.2820513
-4.6 -7.5257732
-8.2592593 1.8604651
2.4146341 -2.2222222
-4.6082474 -5.345679
-2.5066667 -5.8382353
-2.0909091 -7.0
-8.2058824 1.872093
-5.4086022 4.6888889
-5.0454545 -6.8656716
2.9230769 -1.8333333
-4.3442623 -3.3714286
-8.2333333 1.8645833
-3.9897959 -6.1780822
-2.2380952 -6.5473684
2.6285714 -2.0337079
-4.7714286 -3.0714286
-4.7027027 5.3888889
-4.0 -6.164557
-1.5660377 -2.9746835
-7.7971014 -7.010101
-7.1884058 -3.4303797
-5.6363636 2.721519
-4.6521739 -5.3043478
-1.1428571 -4.0967742
-7.34 -6.0875
-4.7719298 3.2098765
-4.5375 -5.44
-2.1714286 -6.7625
-6.7540984 -3.6547619
-8.1875 -3.0151515
-6.6811594 3.7887324
-6.3571429 3.9814815
-6.0 -5.7826087
-6.0 -5.7826087
2.6708861 -1.984375
-4.9390244 -2.9772727
-4.9230769 3.1066667
-6.5135135 -6.8636364
-6.8076923 3.7142857
-6.9473684 2.2
1.7121212 -3.0851064
-5.375 -4.6
2.1182796 -2.4897959
-7.3023256 -7.4947368
1.4705882 -3.5833333
1.5764706 -3.3424658
2.7936508 -1.8854167
-6.4123711 3.94
-3.6376812 4.1956522
-2.1910112 -2.1641791
3.4324324 -1.5301205
-4.6082474 3.3095238
-2.4022989 -1.9770115
1.3255814 -3.9583333
-8.0526316 -5.5576923
-8.4090909 1.8125
-6.3478261 -7.0512821
-6.6206897 -2.2295082
-5.745098 -6.0506329
-5.3382353 4.7272727
-8.7820513 4.0106383
-5.7916667 -7.7321429
-5.3 4.7575758
-6.0714286 -7.3766234
1.83 -2.8478261
-5.3571429 -8.3614458
-4.7380952 -7.34375
-5.1875 -4.78
-4.05 -1.1847826
-1.7575758 -2.7333333
-8.0857143 -5.5416667
1.6022727 -3.2391304
-4.3733333 -1.1
-3.2982456 -1.4597701
-8.1481481 -5.5
-6.8974359 -5.047619
3.2142857 -1.6129032
-3.4536082 4.3962264
-3.6190476 1.4320988
-1.4230769 -3.3875
-4.5625 -1.0571429
-1.9125 -2.5232558
-7.85 -5.7105263
-2.0454545 -7.25
-5.4333333 -6.4111111
-4.78125 5.2626263
-4.2105263 -1.1494253
-6.0769231 -5.7333333
-7.5783133 2.0
-4.6976744 5.3548387
-8.5172414 4.1269841
-2.9857143 -4.974359
-7.1090909 -2.0897436
-4.0465116 -6.1428571
-6.4565217 -6.9479167
3.3538462 -1.5324675
2.0119048 -2.5543478
-7.625 0.673913
-5.3783784 2.8142857
-7.8493151 -6.9897959
-2.6233766 -1.8554217
-4.6829268 -1.0416667
-4.8969072 3.0869565
-5.057971 2.9880952
-6.1445783 -4.0510204
-6.4186047 -2.3205128
-6.4444444 -5.4153846
-5.9120879 4.245614
-5.52 -4.5108696
-2.6730769 -1.835443
-6.7411765 2.2386364
-3.7473684 -1.3111111
-7.7340426 -4.5142857
-2.4558824 -6.0727273
-2.3218391 -2.1166667
-1.4479167 -3.4
-2.3229167 -6.4246575
-7.7294118 0.6567164
-3.8863636 -3.8404255
1.3928571 -3.641791
-3.875 -3.852459
-1.5128205 -3.257732
-7.2842105 3.4418605
-4.3368421 -8.0540541
-3.5731707 -6.9784946
-8.7594937 -3.9883721
-8.1111111 -3.0744681
-2.9069767 -5.1388889
-6.7727273 -5.1587302
-7.5324675 -3.3111111
-5.2622951 2.8617021
-4.0 -6.2352941
-2.172043 -6.88
1.3636364 -3.7051282
-4.3023256 -5.8
-7.4029851 -6.0727273
1.6701031 -3.0196078
-4.4931507 -3.3289474
-1.2063492 -4.1111111
-7.1710526 -3.4807692
-6.8333333 -6.58
-3.3295455 -1.4909091
-2.075 -7.2125
-3.5490196 4.2361111
-3.5714286 1.4090909
-4.2272727 -8.2727273
2.3508772 -2.1388889
-4.372549 -5.7111111
-7.15 3.5
-7.5333333 -7.297619
-7.09375 -7.75
-6.1935484 4.04
-4.9761905 -3.010101
-1.9230769 -2.5892857
-3.8730159 1.2962963
-5.3692308 -4.6526316
-4.4363636 -1.122807
-3.5409836 -7.0555556
-8.4561404 2.9583333
-5.7804878 4.3275862
-7.41 -2.0222222
-4.6938776 -5.3235294
-3.2653061 -7.6538462
2.6111111 -1.9176471
-1.6829268 -2.9701493
3.8 -1.3157895
-2.9795918 -8.3908046
2.2643678 -2.2068966
-4.826087 -7.2528736
3.65625 -1.3666667
-1.5903614 -3.1515152
-4.4078947 -3.4057971
-2.7888889 -5.3829787
-6.1428571 -2.4444444
2.78125 -1.7916667
-4.6176471 3.2446809
-4.3857143 -7.9857143
2.0444444 -2.4333333
-8.344086 4.1914894
2.1348315 -2.3285714
1.4133333 -3.5102041
1.34 -3.7
-6.9852941 0.7096774
-3.4888889 1.42
-3.7142857 -4.0512821
-4.2597403 3.5098039
-2.1470588 -7.010101
-8.7368421 -6.3012048
-4.8271605 -5.1904762
-3.7 -1.3666667
-3.75 1.3181818
-8.4090909 -4.1692308
-6.7647059 -8.1397849
-4.0 1.2340426
-4.7613636 -7.3655914
-4.2173913 3.5394737
-3.8133333 -6.5757576
-4.0 -3.7692308
-6.0724638 -4.1304348
-7.1395349 2.0888889
-1.5897436 -3.2
-4.7040816 -5.3333333
-5.2395833 -6.6969697
-5.234375 4.7590361
-4.2528736 -1.1967213
-5.8358209 4.2682927
-6.0273973 -5.8227848
-1.4567901 -3.5
-4.0980392 1.1958763
-4.5384615 -1.1237113
-7.6029412 1.9589041
-7.1830986 0.68
-7.6507937 1.9454545
-6.9767442 0.7
-1.4754098 -3.4680851
-6.9864865 0.6984127
-7.0631579 -7.8041237
-7.859375 -7.0138889
-4.9384615 -1.0379747
-3.1408451 -8.0
-3.6764706 -1.3956044
-7.7454545 3.2105263
1.4487179 -3.3571429
-4.5319149 -3.34
-4.8247423 -1.0649351
-2.4588235 -2.0897436
-1.5072464 -3.4098361
-4.2048193 -5.9789474
-2.1282051 -2.4166667
-5.6219512 4.4202899
-5.8602151 5.9459459
-6.9772727 3.56
-5.5744681 -4.5142857
-5.1071429 -4.9278351
-5.4637681 2.7142857
-7.4767442 -4.7042254
-8.46 1.7525773
-4.2209302 -8.3333333
-8.2967033 1.7866667
-4.0 -8.7951807
-5.147541 -4.8918919
2.2564103 -2.1348315
-5.1797753 -8.7234043
1.4166667 -3.3978495
3.3207547 -1.4492754
2.9516129 -1.6292135
-4.9565217 2.9871795
-2.8305085 -1.835443
-3.8113208 -3.987013
-7.442623 1.9888889
-4.4492754 -7.9111111
-5.0736842 -4.9666667
-1.6891892 -3.0795455
-8.7938144 3.9569892
1.4827586 -3.2345679
-5.0727273 -6.9411765
1.4133333 -3.3875
-4.6363636 5.3452381
3.9411765 -1.2133333
-6.3294118 -8.7241379
-1.3333333 -3.9166667
-2.25 -2.3255814
-4.2795699 3.4505495
-5.3783784 2.744898
-5.0461538 -3.0196078
-5.38 -6.55
-4.8586957 -3.1368421
-5.8072289 5.9848485
1.3142857 -3.6181818
-6.9642857 -5.0609756
-6.2888889 -8.7848101
-3.3709677 -1.5571429
-6.7894737 -5.1917808
-5.9 2.5
-4.9047619 -3.109375
1.4431818 -3.2878788
-1.8196721 -2.8888889
-1.3846154 -3.8
-3.7894737 -1.3888889
-4.3095238 -5.8625
3.2 -1.4795918
-3.2823529 -4.6515152
-6.9722222 3.5471698
-6.0851064 -5.7959184
-4.8684211 -3.1368421
-6.7692308 2.1756757
-2.5396825 -6.0138889
1.9152542 -2.4675325
2.2386364 -2.109589
-4.0106383 -6.3030303
-2.741573 -5.5735294
-4.3469388 -3.516129
-6.2142857 2.3676471
-4.3857143 -8.0461538
-8.1923077 -4.3076923
-1.3833333 -3.826087
3.0869565 -1.5238095
3.5263158 -1.3333333
-3.7391304 1.2564103
-8.2142857 4.2235294
-5.4821429 2.68
1.8271605 -2.5675676
-6.8787879 3.5882353
-6.6 3.7395833
-7.6526316 3.2247191
-5.9285714 5.8488372
-2.3030303 -6.6547619
-8.9673913 -5.0549451
3.40625 -1.3703704
-6.6206897 -5.3367347
-7.2325581 -7.6511628
-7.4761905 -2.0515464
-3.2424242 -1.6470588
-3.2238806 -7.8604651
-5.3012048 -6.6666667
-7.8732394 -5.7590361
-2.2696629 -6.7608696
-5.6779661 -2.7027027
-2.1666667 -7.0833333
-7.4141414 -2.0701754
3.6263736 -1.2823529
-8.67 1.6896552
-7.1034483 -6.3846154
-2.5066667 -6.125
-4.952381 2.9574468
-8.6888889 -4.0689655
-4.4047619 -3.4871795
-7.8571429 -5.7733333
-5.84 -6.0555556
-6.09375 5.6836735
-4.0540541 -3.7901235
-8.3714286 -3.030303
2.3956044 -1.9333333
-7.2469136 2.0188679
-1.1162791 -4.8111111
-5.2089552 2.8080808
-4.44 3.2941176
-7.5694444 1.9318182
2.1888889 -2.1111111
-1.253012 -4.295082
-2.7846154 -5.525
-6.9827586 -6.5
-7.75 -4.5662651
-5.7213115 4.3013699
-6.037037 -5.8625
-1.2857143 -4.1976744
2.0273973 -2.2678571
-4.1136364 -6.1754386
-2.8631579 -5.3809524
-6.5862069 -6.8947368
-5.6603774 4.344086
-3.4444444 -7.3787879
-4.1326531 -1.3111111
-6.1341463 -7.4047619
-6.0985915 -5.8095238
-5.7333333 2.5405405
-3.2580645 -4.7377049
-7.675 3.2
2.4 -1.9
3.7619048 -1.2111111
-4.9166667 2.96
-1.4747475 -3.6938776
-7.1940299 2.0227273
-5.8915663 -2.6222222
-3.2333333 -7.8709677
-4.6216216 -1.1794872
-5.3382353 -8.5142857
-4.372093 -5.8214286
-3.3714286 -4.5833333
-3.2553191 -1.6769231
-2.0769231 -2.6290323
-4.8823529 -3.1666667
-3.9122807 1.16
-1.106383 -4.9393939
-2.6 -2.1025641
-3.3125 -4.6705882
-5.8214286 -6.0945946
-3.9555556 1.1428571
-1.8888889 -2.9012346
-3.2745098 -1.673913
-3.0 -5.1607143
-6.0555556 4.0487805
-1.5384615 -3.5657895
1.9733333 -2.2873563
-4.5 5.4464286
-7.6075949 1.9066667
-7.6666667 -7.2394366
-2.8148148 -1.9594595
-2.5806452 -2.1388889
-7.2142857 -3.5384615
-2.1111111 -7.3563218
-7.9782609 -3.2
-5.739726 2.5208333
-5.6779661 2.547619
-1.5416667 -3.5913978
-6.1428571 -4.1573034
1.6 -2.7884615
-6.4705882 -8.5833333
-4.7407407 5.1595745
-3.8852459 -4.0
-7.2272727 -7.6851852
-4.8947368 -3.1756757
-2.8051948 -1.9770115
-8.1764706 -4.3478261
-5.8641975 4.1690141
-1.4761905 -3.7619048
-2.05 -7.5894737
-4.7368421 -3.2857143
-2.2 -7.0752688
-8.2093023 -3.1142857
-7.5913978 -4.6851852
-7.2307692 -7.6851852
-4.6233766 5.2823529
2.0666667 -2.1388889
-6.2098765 -4.1195652
1.4929577 -2.9565217
-5.3604651 -4.7735849
-4.4230769 -8.0461538
-7.9761905 -3.2083333
-4.5333333 -1.2333333
3.5131579 -1.254902
-6.6666667 -8.3396226
-7.1666667 -4.9677419
2.2959184 -1.915493
-3.8852459 -4.015873
-8.4117647 1.7115385
-4.5465116 -3.4324324
2.2352941 -1.9642857
-2.7446809 -5.6875
-4.372549 -5.8571429
-6.29 2.287234
-5.2631579 -1.0666667
-6.1538462 3.9615385
-1.6 -3.516129
-1.0319149 -5.4528302
-6.9885057 -7.96
-4.125 -6.2131148
-7.3292683 -6.2261905
3.3333333 -1.3095238
-6.4313725 3.7884615
-3.1627907 -8.1052632
-1.5128205 -3.7254902
-3.825 -1.4736842
-5.3181818 -2.9411765
-5.9038462 -6.037037
1.1084337 -3.9285714
-7.40625 1.9381443
-6.4123711 2.2380952
-7.6395349 -4.6666667
-7.2173913 0.6022727
-4.5921053 0.9464286
-6.8255814 0.6363636
-3.8125 -1.483871
2.8125 -1.5423729
-4.2439024 3.3783784
-8.5 -5.3723404
-5.0412371 -1.1237113
-7.2020202 -4.952381
-3.5714286 -1.5876289
-3.0135135 -5.2
-4.96 -5.1764706
-6.9615385 2.0574713
-4.1538462 -3.7755102
-4.483871 -1.2674419
-5.925 -7.7105263
-1.7826087 -3.1891892
1.9756098 -2.183908
-3.7241379 1.1578947
-4.6885246 3.0515464
-6.9058824 -5.1685393
-3.2982456 -1.7272727
-4.5507246 3.1428571
-8.4057971 -6.626506
1.4255319 -3.0114943
-5.3604651 -4.7959184
3.0786517 -1.3939394
3.24 -1.3225806
-4.7027027 -3.3421053
-3.1979167 -8.0430108
-3.6625 3.8985507
1.0869565 -3.9358974
-6.358209 -7.1910112
-4.6842105 -1.2222222
-2.0243902 -2.828125
-2.8333333 -2.0212766
-6.9047619 3.5151515
-7.1710526 0.5955056
-6.5263158 -3.9425287
-4.2236842 3.3768116
-6.8314607 0.6235294
-2.0512821 -2.8
1.0754717 -3.9565217
-4.5053763 -7.9347826
-6.96875 -8.0
1.375 -3.0886076
-6.5084746 2.1888889
-8.984127 2.6987952
-7.0779221 3.4255319
-4.3174603 -5.9661017
-4.1212121 -1.3974359
-2.9186047 -1.974359
-6.4680851 -7.0752688
-8.5051546 -4.2054795
-1.64 -3.5194805
-4.627907 -7.7301587
-1.5977011 -3.6142857
-2.4677419 -6.3924051
-7.1969697 -6.3606557
-6.1363636 -5.8307692
-2.7321429 -2.1162791
-3.8095238 1.1071429
-1.1428571 -5.0609756
-3.3174603 -1.7435897
-7.3278689 1.939759
-6.8709677 3.5238095
-4.1428571 -6.2261905
2.6904762 -1.5625
2.7763158 -1.5138889
-6.5322581 -7.0111111
-7.2352941 -3.5657895
-4.9438202 2.8717949
-8.6875 -4.1212121
-4.5217391 -7.9183673
1.0740741 -3.9054054
-4.4651163 -3.5405405
-2.9047619 -2.0
-3.575 3.9684211
-4.25 -6.0736842
-3.2051282 -8.0540541
-4.1688312 3.4022989
-4.0222222 -1.4468085
-4.0192308 -3.9361702
-6.375 -5.6190476
-6.5764706 -8.4883721
-3.0547945 -8.4536082
-3.3333333 4.2526316
1.3448276 -3.1044776
-3.3947368 -4.6629213
-3.7083333 -4.2688172
1.075 -3.877551
-6.625 -6.9186047
-2.4133333 -6.5636364
-3.7954545 1.0958904
-1.3888889 -4.2068966
-2.1186441 -7.4782609
-3.6034483 -4.3974359
-4.3636364 -5.9230769
-7.4722222 1.8941176
-7.7051282 0.5384615
-4.1894737 -3.7837838
-3.5274725 -1.6590909
-1.5 -3.9054054
-1.4285714 -4.1010101
-4.1486486 3.4084507
-8.5522388 -6.5319149
-1.5822785 -3.7051282
-8.537037 -5.3723404
-4.9642857 2.8470588
-4.6082474 -3.4444444
-7.0612245 -5.0804598
-2.423913 -6.55
-7.6307692 -6.0123457
-3.7473684 -1.5689655
-4.2121212 -3.7708333
-4.4642857 0.9220779
-7.1940299 -6.3780488
-8.0333333 -6.9565217
-8.3111111 1.6984127
-3.3424658 -4.7526882
-6.2941176 -2.5245902
-4.7291667 5.0980392
-4.893617 -1.2040816
1.4444444 -2.8431373
-6.5454545 -8.5394737
-2.8902439 -5.5
-5.3855422 -4.8085106
-7.5670103 -6.0655738
-5.5714286 -4.6486486
-4.15 0.9876543
-3.962963 1.0333333
-8.8659794 2.7171717
-7.516129 -4.7777778
1.0684932 -3.826087
-6.1647059 3.90625
-6.8125 2.0666667
1.5416667 -2.6451613
-2.2962963 -6.9340659
-4.6857143 -7.6666667
-5.0348837 -3.1627907
-3.7564103 -4.24
1.9152542 -2.125
-3.2830189 -7.8988764
-4.5434783 3.0961538
-1.6323529 -3.6363636
-5.1643836 -1.1494253
-5.9662921 -6.0238095
-5.875 -6.1176471
-3.6764706 3.8235294
-4.8307692 -1.2307692
-2.2234043 -7.172043
-2.5857143 -2.3
-3.2222222 -8.0533333
-1.0625 -5.6
-1.238806 -4.8051948
-4.9054054 -7.3296703
-4.7789474 -5.4337349
-1.1071429 -5.3908046
-5.8 5.8673469
-8.5333333 3.9876543
-4.25 -6.1111111
-5.68 4.2298851
1.6307692 -2.4646465
-7.5324675 0.5333333
-1.9052632 -3.1413043
-2.3125 -2.5892857
2.0736842 -1.9344262
-4.6315789 0.8658537
1.15 -3.4871795
-4.8367347 -5.3737374
-6.5454545 2.14
3.2903226 -1.2173913
3.4324324 -1.1666667
2.0 -2.0
1.6206897 -2.4675325
-4.65 -7.7428571
-2.9705882 -5.3888889
-8.1555556 4.1666667
-4.9726027 -1.2105263
-2.5416667 -2.3695652
-5.7674419 -6.2461538
-5.7011494 -8.0729167
-3.3953488 4.1145833
-3.0 -2.0111111
-3.3548387 -4.7794118
-7.2166667 -2.2222222
3.1625 -1.2528736
-6.3898305 -4.075
-4.2197802 -1.4313725
-4.89 -5.3253012
-2.3493976 -6.8282828
-4.7910448 2.9130435
-5.0684932 -5.1384615
-6.9 -2.3255814
-4.54 -5.7386364
2.2352941 -1.7638889
-3.1590909 -1.9176471
-4.8918919 -1.2386364
-3.4470588 -1.7580645
-1.3894737 -4.3655914
-6.0823529 5.5789474
-4.4222222 -3.6333333
-7.5274725 -4.7916667
-3.8421053 -4.1829268
-5.8571429 -6.1587302
-3.4880952 -7.4756098
-7.2597403 -6.3469388
-7.9444444 -5.8
1.0 -3.9210526
-5.6470588 -1.0769231
1.9 -2.0568182
-4.8271605 2.8809524
-6.6938776 3.5714286
-1.7765957 -3.4303797
-1.9305556 -3.16
-4.3157895 -1.4137931
-5.6065574 4.2625
-4.4242424 3.1403509
1.3780488 -2.8229167
-4.1333333 -1.4795918
-5.3461538 -4.8854167
3.6716418 -1.0571429
2.0 -1.9404762
-1.2291667 -4.9791667
-5.3333333 2.6021505
-2.3506494 -6.8586957
1.5357143 -2.5232558
-4.5507246 0.8510638
-5.6779661 2.4431818
-7.82 3.0526316
-5.875 -7.8518519
-6.8295455 -3.826087
-1.1176471 -5.4901961
3.5505618 -1.0882353
-4.7356322 -7.6307692
1.5875 -2.4328358
-8.25 4.1041667
-4.2307692 -8.5438596
-6.1428571 -7.5128205
-6.027027 -7.6575342
-2.4666667 -6.5483871
-1.9344262 -3.1818182
1.3793103 -2.7846154
-5.8915663 5.7435897
-2.16 -2.8526316
-7.7272727 -5.974026
-4.6885246 2.9512195
-4.2236842 -1.4597701
-6.9545455 3.4269663
-6.4193548 -2.5185185
-5.6410256 -1.0933333
-4.578125 5.2045455
-6.6233766 0.5777778
-5.1818182 -8.9111111
-3.4526316 -1.7912088
-5.0645161 -5.1707317
2.7678571 -1.3773585
-1.3714286 -4.5125
-5.8958333 -6.1382979
-7.4347826 3.202381
-7.6626506 3.1066667
-5.9777778 2.3092784
2.9736842 -1.2790698
-5.2033898 -5.0348837
-4.8571429 2.8412698
-5.52 2.5
1.3846154 -2.7424242
-2.64 -2.3506494
-6.3191489 2.1829268
-7.1547619 0.53
-6.4 -7.22
-1.5773196 -3.9361702
-6.8545455 2.011236
1.8924731 -2.0
-4.84 -5.4166667
-8.0789474 -3.245283
-2.4074074 -2.5833333
-3.2371134 -8.1012658
-4.2197802 -1.4767442
-1.5172414 -4.1090909
-5.3857143 2.5535714
-4.1326531 -6.3518519
-6.5813953 2.0888889
-3.5862069 3.8333333
-3.8823529 -6.7625
-2.4202899 -2.5844156
-5.9361702 2.3148148
-7.6060606 -3.452381
-7.859375 -4.6136364
-4.7096774 2.9166667
0.9555556 -3.9047619
-3.2857143 -4.9545455
3.2368421 -1.1494253
2.9 -1.28125
-3.0 -5.4285714
-5.2592593 -8.8023256
-4.0909091 -3.9830508
-8.5333333 2.7777778
-3.0561798 -5.3333333
-1.6567164 -3.8026316
-7.5913978 -3.4651163
1.21875 -3.030303
1.0363636 -3.5606061
-5.0757576 -5.183908
3.125 -1.18
-2.7142857 -6.010101
-4.2580645 -6.1797753
1.88 -1.9594595
-6.7368421 -2.4222222
-6.0405405 -2.7027027
-4.3506494 3.1428571
-1.3661972 -4.6315789
-2.6767677 -6.1
-4.4137931 -3.7
-6.7948718 2.011236
-7.2898551 3.2463768
-6.5416667 -8.6119403
-3.2921348 -8.0
-6.5326087 3.6216216
3.9259259 -0.9318182
-5.2272727 -8.8666667
-5.3924051 -1.1774194
3.3142857 -1.1
-3.7088608 -7.1058824
-7.6321839 -6.0736842
-5.4390244 -6.6842105
-6.0 5.6071429
-1.1311475 -5.6236559
-5.7567568 -8.0535714
-5.015625 -7.25
-1.8152174 -3.5058824
-7.1071429 1.9183673
-4.655914 -7.8108108
-3.2708333 4.1666667
-3.4042553 -1.8717949
-4.5555556 -5.7894737
-6.0338983 -4.371134
-4.75 2.8679245
-6.8214286 -5.3333333
-4.7333333 -5.5735294
3.5671642 -1.0138889
-6.4556962 -7.1864407
-5.057971 0.7126437
-1.7017544 -3.7586207
-6.2040816 -4.254902
-5.1111111 0.7045455
-7.2 -6.4444444
-4.6865672 -3.5
-5.5463918 -1.1549296
-4.2580645 -3.8536585
-6.7540984 -3.9104478
-5.1714286 2.6266667
-1.6043956 -4.0
-6.9836066 3.3766234
1.1123596 -3.2183908
-4.5777778 -3.5873016
-4.0125 -4.0927835
-4.7358491 2.8666667
-8.7368421 -5.3137255
-8.5185185 -5.4505495
-6.0515464 3.8947368
-5.94 -7.8166667
-6.7283951 -3.9285714
-1.6352941 -3.9358974
-5.3098592 4.4375
-1.5368421 -4.1904762
-4.872093 -1.3229167
-3.0520833 -5.3908046
3.2 -1.1081081
2.9142857 -1.2164948
-5.4848485 -4.8235294
-7.5744681 -6.1333333
-4.6555556 0.7608696
-6.96875 -6.6666667
2.2688172 -1.5609756
-2.5106383 -6.5555556
-7.1 -5.1351351
-7.48 1.8095238
-3.8125 -6.9423077
-5.8478261 -6.2363636
-3.75 -7.060241
-7.4878049 -3.5360825
-2.9047619 -2.2307692
-4.1666667 -1.5555556
1.6129032 -2.1807229
-5.1126761 0.6875
-4.1688312 3.2413793
-3.3709677 -1.925
-7.3506494 -6.325
-3.8865979 -6.8170732
1.5454545 -2.265625
-5.09375 0.6862745
-4.0625 0.8602151
2.8387097 -1.2291667
-5.4333333 4.3225806
-7.8051948 -5.96
-3.4494382 -4.7894737
-5.7755102 -2.8607595
3.4736842 -1.0
-3.2857143 -8.0746269
-5.4047619 2.4918033
-4.2045455 3.2
-7.2934783 -2.2692308
-6.9807692 -8.1014493
-7.28125 0.472973
-8.7160494 3.8367347
-3.7096774 -4.4639175
3.4390244 -1.0
-4.0394737 3.3258427
1.4242424 -2.4111111
-6.0857143 -4.3655914
-8.1081081 -4.5102041
-4.372093 3.0714286
2.0666667 -1.6585366
-2.5612245 -2.5671642
-6.0 5.57
-2.9756098 -2.2121212
-7.5729167 -3.5102041
-3.875 -6.86
-5.6470588 4.1463415
-7.0606061 -6.5979381
-5.53125 -4.8064516
-4.8484848 -3.4210526
-2.3473684 -7.0675676
-1.1411765 -5.7752809
-8.0952381 -5.7553191
1.862069 -1.8285714
3.0645161 -1.1097561
3.4 -1.0
-8.025 -7.0545455
-4.5121951 -8.1142857
-4.8607595 -7.5333333
-8.2933333 4.025
-1.6323529 -4.0561798
-8.8857143 2.6304348
-4.4285714 -3.754717
-5.3636364 -8.6941176
-1.2156863 -5.4567901
-2.4130435 -2.75
1.010989 -3.3265306
-6.2857143 -5.8292683
-3.45 -4.8235294
-7.3648649 -6.3333333
-4.8918919 -3.4025974
-8.3018868 -3.2096774
0.9340659 -3.5862069
-6.4941176 -4.1038961
-4.915493 -3.3875
-2.7894737 -2.3846154
2.0430108 -1.6385542
-1.8051948 -3.6851852
-5.2597403 2.5373134
1.3589744 -2.4583333
-4.46875 2.9848485
-5.5 -3.030303
-2.6666667 -2.5
-7.7555556 -6.0175439
3.8928571 -0.8541667
-4.5147059 -8.1234568
-1.761194 -3.7903226
3.2417582 -1.025
-2.1851852 -7.6326531
-2.8108108 -2.3789474
-8.3333333 -4.402439
-4.3378378 -1.5416667
-4.8064516 -3.4725275
-2.8988764 -5.7586207
-8.0210526 -5.8214286
-6.4285714 -2.5977011
-6.0779221 3.8333333
-4.9615385 -7.3974359
-3.3857143 3.9270833
-3.6354167 -7.345679
-2.4411765 -2.7468354
2.3061224 -1.4269663
-5.3658537 -3.1142857
-3.2631579 -8.1860465
-5.3684211 -4.9770115
2.8842105 -1.1375
-4.0909091 -6.5319149
-4.5465116 5.1190476
-8.1875 1.6212121
-4.7582418 2.7888889
-3.3092784 -5.0555556
-3.7564103 -4.4545455
-7.4090909 -6.3076923
-4.5714286 0.7142857
-2.8589744 -2.3561644
-6.0612245 -7.7113402
-2.6666667 -6.2777778
-2.3030303 -2.9295775
-6.2753623 2.1111111
-2.2380952 -3.0175439
-6.8367347 1.9375
-6.5862069 -2.5438596
-6.0769231 -2.7575758
-8.8783784 -4.1411765
-4.7435897 -5.6428571
1.1414141 -2.8275862
-4.0 -1.6933333
1.4111111 -2.2857143
-1.7674419 -3.8333333
-8.7216495 -4.2166667
-2.5151515 -6.6712329
-5.5208333 2.3943662
-5.0344828 0.6391753
-5.739726 -8.1506849
-7.5851064 -4.8494624
-3.9066667 -4.297619
-4.6804124 2.8219178
1.1397849 -2.8111111
-7.375 -4.9893617
-5.1976744 -3.2315789
0.8196721 -3.9054054
-7.6575342 -3.5
1.3492063 -2.3690476
-6.3150685 2.0888889
3.9759036 -0.8021978
-4.6304348 -5.7901235
2.7941176 -1.140625
-7.3863636 -3.6304348
-3.1505376 -5.3380282
-4.8651685 -7.5679012
0.8 -3.9756098
-5.56 0.5714286
-8.4081633 3.9450549
-2.3714286 -7.0983607
-3.3888889 -7.9183673
-8.0588235 -4.5714286
-4.2666667 -3.9479167
-6.744186 3.4333333
0.9166667 -3.4310345
-3.1509434 -2.1764706
-3.9032258 -4.3191489
-5.85 -8.010101
-4.3829787 -6.1282051
-4.9135802 -5.4680851
-5.6056338 2.3421053
1.3142857 -2.3770492
-8.2653061 -5.6714286
2.4625 -1.2674419
1.3804348 -2.26
-3.4642857 -7.7594937
1.1304348 -2.7575758
-8.4264706 3.9298246
-4.4363636 -3.8064516
-1.173913 -5.8666667
-1.5757576 -4.371134
1.4269663 -2.18
-1.5612245 -4.4130435
-4.9642857 -1.3882353
-5.9375 3.8915663
-7.1578947 -5.1547619
-5.625 -8.3375
-6.3846154 0.4857143
1.8684211 -1.6590909
-5.6046512 2.3369565
2.0212766 -1.5324675
-5.2151899 4.4285714
-4.3442623 5.3157895
-7.6956522 -2.1969697
2.8142857 -1.0989011
2.1818182 -1.4166667
-4.1355932 -1.6710526
0.890625 -3.4666667
2.0925926 -1.475
-4.0350877 -6.67
0.9042553 -3.4081633
-8.2790698 -6.875
-5.4583333 0.5645161
-2.5106383 -2.7575758
1.2033898 -2.5555556
-3.8405797 -4.4069767
-1.5348837 -4.5121951
-6.9897959 -3.852459
-6.9873418 -3.8539326
-5.8351648 -2.9012346
3.2619048 -0.9411765
-1.6176471 -4.2894737
-8.2093023 -5.7183099
-5.0 0.6111111
-3.6315789 -4.6666667
-6.765625 -3.9830508
-3.3789474 3.8627451
-3.483871 3.7462687
-6.984375 -8.1538462
-4.3736264 0.6973684
-3.2063492 4.0697674
-1.238806 -5.6111111
-5.6385542 -4.78
-4.5384615 -3.7356322
-5.6206897 0.5416667
-5.8095238 0.5238095
-7.1354167 0.4262295
3.3263158 -0.9142857
-3.6470588 -4.6515152
-6.0588235 -4.4507042
-6.4623656 -5.7204301
-3.2371134 4.025
3.1382979 -0.9649123
-3.045977 -2.2891566
-6.6463415 1.96
-8.0704225 -3.3424658
-2.9491525 -5.7590361
-7.5 -2.2647059
-4.6176471 -1.5128205
3.7959184 -0.7931034
-6.2875 -5.8837209
-4.1573034 -6.4933333
1.4725275 -2.0408163
-2.7368421 -6.2105263
3.2739726 -0.9166667
-1.6170213 -4.33
1.6395349 -1.8285714
-3.8947368 -6.9333333
-4.6896552 -1.4936709
-6.1326531 2.1186441
1.0714286 -2.7901235
-7.7340426 -6.0786517
-2.4081633 -7.0675676
2.8846154 -1.0322581
-6.2647059 2.0714286
0.9102564 -3.2638889
-5.6516854 -3.0133333
-5.7733333 -2.95
-1.7790698 -3.953125
-4.4137931 -1.5945946
-4.8955224 -3.4807692
-5.494382 4.1780822
-5.9411765 -6.2352941
-3.814433 -1.8469388
-6.1363636 -7.6666667
1.6282051 -1.8133333
-8.3225806 -3.25
-4.7230769 -1.4925373
1.7346939 -1.6976744
-4.5 0.6538462
-1.1714286 -6.025641
2.0609756 -1.4269663
-4.1666667 -8.8947368
-6.0227273 2.1481481
-7.3434343 0.4
-3.4383562 -7.8709677
1.6060606 -1.8285714
-4.0659341 0.7209302
-4.3157895 -1.6388889
0.7936508 -3.6851852
-2.7282609 -6.2588235
2.1527778 -1.358209
2.4603175 -1.1884058
-3.0659341 -2.3085106
-5.6666667 -3.0138889
-5.1428571 -7.21
-5.0869565 -5.3235294
1.65 -1.7692308
-5.2272727 0.556962
1.0684932 -2.7228916
-2.5487805 -2.7820513
-4.1573034 0.6984127
-3.3283582 -2.1323529
-7.5052632 -3.6105263
-7.2941176 0.3977273
-2.8958333 -5.9047619
-6.9473684 -2.4615385
-4.5333333 0.6391753
-4.9821429 4.5952381
-5.75 -8.1931818
-8.2235294 -4.5128205
-7.2 1.79
-7.1875 -3.7721519
1.0 -2.8829787
0.9433962 -3.0555556
-6.9892473 -3.88
-4.6296296 0.6197183
-6.0707071 -2.8222222
-3.4183673 -5.0123457
-5.8571429 5.6111111
-5.9545455 -2.8780488
-4.3645833 5.2380952
-6.9090909 -8.2705882
-3.9066667 -6.9479167
-3.2222222 -5.3214286
-5.3461538 -5.078125
-7.2380952 4.5384615
-6.6615385 -7.0784314
-7.3333333 0.3880597
-8.7321429 -4.254902
-6.96 1.8453608
-5.9102564 3.8648649
-8.8571429 2.5789474
-5.3692308 -1.3333333
-6.884058 -3.9454545
0.75 -3.7837838
-5.1594203 0.55
-8.7160494 -4.2637363
-6.9130435 4.75
-4.0694444 -1.761194
-7.0882353 -8.0657895
-4.5949367 -1.5609756
-7.45 -2.3050847
-5.8387097 -1.2291667
-4.2463768 -6.4
1.0 -2.8229167
-5.0769231 0.5555556
0.8854167 -3.1851852
-2.5555556 -6.7234043
-4.2542373 -8.74
-5.0175439 -7.4111111
-1.7659574 -4.0689655
1.010989 -2.7826087
-5.5714286 -8.4698795
-4.6444444 2.7582418
-5.8421053 -8.0779221
-5.65625 5.8
-5.5050505 -3.1234568
-5.7313433 -8.2345679
-6.7272727 -4.0425532
-5.3157895 -8.8787879
-5.0941176 2.5128205
-8.952381 -5.2727273
-4.6296296 0.6034483
-3.1463415 -2.2911392
-8.3287671 -6.8690476
-3.8615385 -7.0487805
-6.3695652 -2.7037037
-5.1764706 -7.1919192
-7.4533333 -3.6538462
-6.0126582 3.7857143
-5.739726 -6.4878049
-4.2321429 -4.0731707
-1.52 -4.7631579
-7.0674157 -6.6842105
-8.1555556 -4.5662651
-5.9090909 -6.3023256
-2.5227273 -2.8705882
-1.7216495 -4.2068966
-5.4086022 -3.1882353
-7.4939759 1.7021277
-7.2307692 0.3809524
-3.3838384 3.7692308
0.75 -3.6666667
-4.1058824 -1.7662338
-7.2439024 -7.9041096
-8.4747475 3.8636364
-2.9090909 -5.9342105
-4.4444444 5.1142857
-4.0588235 -1.7912088
2.8571429 -0.9552239
-7.5263158 -6.2808989
-7.3023256 -3.7352941
-7.3695652 -2.3448276
-2.2978723 -7.5208333
-5.2765957 -3.2753623
-3.2380952 -5.3409091
0.8421053 -3.2096774
-7.3970588 1.7171717
1.1643836 -2.3191489
-6.6210526 -4.1234568
-5.4137931 -3.1960784
-2.65 -2.7560976
-5.4074074 -3.2
3.212766 -0.8390805
-3.2873563 -5.2638889
-5.2653061 -1.3882353
-5.7444444 -3.0138889
1.8356164 -1.4623656
-8.3103448 1.5263158
-4.3442623 -6.2878788
-3.5342466 3.5882353
1.1578947 -2.3125
-6.952381 4.7
-5.7529412 -3.0114943
-3.4383562 -5.038961
-6.0533333 -1.2105263
-7.0697674 -5.2804878
-1.7575758 -4.172043
-3.9594595 -4.3787879
0.7888889 -3.3728814
1.2121212 -2.1919192
-6.6716418 0.3977273
0.816092 -3.25
-6.7027027 4.8714286
-6.5510204 -4.175
-3.84 -4.5192308
-5.7529412 -6.4933333
-3.2 -5.425
1.3928571 -1.8953488
-4.3157895 -1.7058824
-3.3787879 -5.1388889
2.6825397 -0.9821429
0.9142857 -2.875
-5.739726 -8.2535211
-7.1090909 -3.8510638
-6.7 3.3764706
1.9468085 -1.345679
2.2191781 -1.1774194
1.2840909 -2.0337079
-3.5342466 -2.0909091
-7.0674157 -8.1208791
-5.6631579 -4.8372093
-5.9857143 2.1058824
-3.0289855 -2.4423077
-5.122449 -5.3488372
2.4375 -1.0666667
-6.4528302 0.4022989
-3.2916667 -5.2873563
-5.8378378 -6.4078947
-4.0537634 -6.7613636
-6.9411765 -5.3896104
-4.2063492 0.6140351
-4.3275862 -8.6464646
-4.3636364 5.173913
-2.25 -7.7435897
-1.5833333 -4.6883117
-3.3333333 -5.2272727
2.1521739 -1.1967213
1.6216216 -1.5869565
-3.5714286 -2.08
-6.05 3.7303371
-5.7468354 3.9268293
-5.5365854 4.0757576
-3.6354167 -4.7974684
-5.7313433 -4.7878788
1.2195122 -2.0961538
1.1612903 -2.2
-6.2197802 -1.1973684
-3.2659574 -8.4054054
-7.9047619 -7.2686567
-1.2666667 -5.8888889
-7.1 -2.4594595
-5.5882353 -4.9142857
-5.1827957 4.3484848
-4.4021739 -3.967033
-3.4807692 -7.890625
-6.5222222 3.4545455
2.525641 -1.0
-5.6346154 -8.4262295
1.1123596 -2.2666667
-6.983871 0.3608247
-7.7142857 2.9183673
-5.9425287 3.7878788
-5.58 4.0337079
1.9058824 -1.3142857
-5.6705882 -8.3764706
0.8863636 -2.8196721
1.5487805 -1.6129032
-7.5125 -2.3298969
-6.7684211 -7.0185185
-4.61 2.7105263
-3.0425532 -5.7536232
-5.5283019 -1.358209
-7.7666667 -6.1176471
-2.2962963 -3.2747253
1.8356164 -1.3510638
-4.82 2.5876289
-6.7419355 -5.5666667
2.3611111 -1.045977
-5.0714286 -5.4285714
-1.2857143 -5.8571429
-1.25 -6.0277778
-4.45 -1.6933333
-5.7692308 0.4262295
-6.7283951 -4.0933333
1.9166667 -1.2823529
-6.8101266 4.765625
-7.1529412 -6.6470588
-3.8275862 -4.5846154
-3.5263158 -7.8133333
-3.362069 -5.2210526
-4.3239437 -4.06
-2.6545455 -6.6133333
3.4666667 -0.7051282
-6.122807 -1.2345679
-3.2555556 3.8214286
-2.4615385 -7.1343284
0.6170213 -3.943662
-5.0 4.4864865
0.8064516 -3.0144928
-4.1355932 -6.6666667
-5.4084507 0.4489796
-2.2321429 -7.8732394
-2.9761905 -2.5454545
-5.739726 3.90625
-3.814433 -4.6086957
-5.8229167 -8.171875
-5.8072289 -4.75
-2.7058824 -6.5
-6.6329114 4.8860759
-4.2592593 5.2608696
-6.3055556 -2.7901235
-2.744186 -6.4123711
-2.3478261 -3.2380952
-3.65 -2.0833333
-6.09375 -2.8888889
1.5 -1.5945946
-8.9210526 -5.3367347
-4.987013 4.4895833
1.7613636 -1.3563218
-7.5762712 -7.6041667
-4.9393939 0.4835165
-5.4047619 -8.8095238
-6.9148936 -5.44
-5.4848485 4.0808081
-7.6296296 2.9333333
-3.2608696 -2.3370787
-8.6842105 2.5769231
-4.4047619 -6.2717391
2.9666667 -0.8
-4.35 -4.0526316
-5.4512195 -3.2345679
-5.1827957 -3.4025974
-6.4 -4.3181818
-4.8269231 0.4888889
-3.4545455 3.5777778
-4.4324324 -1.7241379
2.3888889 -0.9864865
-1.238806 -6.1707317
-6.0196078 -1.27
-4.7826087 -5.78125
-8.5416667 -5.5789474
1.9411765 -1.2040816
-8.6746988 -4.3417722
-4.25 5.2553191
-5.4255319 -6.9423077
-1.6813187 -4.5604396
1.9672131 -1.1847826
-3.8865979 -1.974359
-8.0246914 -3.4494382
-4.4 -6.2916667
-3.6710526 -7.5416667
-5.2222222 0.443038
2.2280702 -1.0379747
1.6307692 -1.4155844
1.2417582 -1.8571429
-4.9166667 -7.6666667
-3.0 -2.5652174
-5.4893617 0.4193548
-7.2272727 -7.9836066
1.6060606 -1.4313725
0.862069 -2.6666667
-2.6666667 -6.6388889
-6.3469388 -2.7901235
-7.8645833 -6.0666667
-2.2 -3.5058824
-2.3076923 -3.3424658
-7.5510204 -6.3195876
-5.125 4.3473684
-2.8705882 -2.6904762
-3.9066667 -1.9770115
-6.1235955 -1.2615385
-7.8 -4.8372093
-1.4210526 -5.44
-2.6507937 -2.9166667
-4.1296296 -1.8730159
1.2075472 -1.8735632
-7.4193548 -2.3908046
-3.4891304 3.5135135
-6.0588235 0.3723404
-5.5714286 5.7894737
1.06 -2.1276596
2.25 -1.0
-4.7906977 -3.7052632
-4.025641 -6.8941176
0.6263736 -3.5833333
3.6666667 -0.6111111
3.5714286 -0.6271186
-4.308642 2.84
-2.5753425 -3.0151515
-7.0666667 1.7311828
-5.7586207 -3.0853659
3.3103448 -0.6736842
-3.8852459 -2.0
0.8210526 -2.7125
-5.4255319 -5.119403
-1.9381443 -4.0123457
1.3448276 -1.6515152
-1.8433735 -4.2207792
0.625 -3.547619
-4.2222222 -4.2133333
-6.6938776 -2.6585366
-2.4038462 -3.2435897
-6.8857143 -4.037037
-8.6875 3.7066667
-3.8405797 -2.0306122
-8.6043956 -5.5555556
1.2375 -1.7741935
-5.3095238 -5.2368421
-8.2333333 -7.0210526
-5.8358209 -1.3382353
-3.7755102 -7.3658537
-3.8611111 -4.6136364
-7.9090909 -6.0454545
-5.38 0.40625
-1.5 -5.2121212
-6.974359 4.6142857
-4.4352941 -8.5268817
-6.721519 -8.6022727
0.686747 -3.1627907
-1.6981132 -4.6122449
-4.9183673 -5.6595745
-4.2307692 5.2380952
-1.8764045 -4.1794872
-2.2597403 -3.4705882
-7.5774648 -3.6744186
3.2045455 -0.6727273
-8.6666667 -4.3666667
1.2470588 -1.7272727
0.7802198 -2.7536232
-2.9642857 -6.0222222
-3.4871795 -7.9873418
-4.6470588 -3.8421053
-6.2604167 -6.0470588
3.6210526 -0.5913978
-2.6071429 -3.0151515
-7.2020202 -3.8690476
-4.3571429 -6.3953488
-2.1666667 -3.6304348
-5.1724138 -7.3207547
1.9333333 -1.1034483
-8.32 3.862069
0.923913 -2.3061224
3.2142857 -0.6626506
-5.8 -4.8051948
-7.7840909 -2.2957746
-6.4358974 3.4383562
-6.5 -4.2881356
-6.6210526 -5.7204301
-5.9245283 -1.3292683
-6.5797101 4.8823529
-3.7380952 -4.7831325
-7.48 4.2934783
-1.2972973 -6.0786517
-6.6666667 -4.1829268
0.5810811 -3.6363636
0.5714286 -3.6969697
2.7763158 -0.76
-5.2352941 -5.3278689
1.3483146 -1.5625
-4.9347826 4.4791667
-5.1594203 4.2840909
-1.5277778 -5.1714286
1.5402299 -1.3563218
-7.1477273 -8.1020408
-8.6708861 2.5473684
-5.3653846 0.3888889
-4.46875 -1.7717391
-5.7042254 0.3645833
-3.2580645 3.7066667
-3.3170732 -2.3888889
-7.5074627 2.9402985
-3.6666667 -4.8888889
-6.9827586 -5.4318182
-8.7627119 -5.469697
-4.9661017 -3.6117647
-5.17 -1.5352113
1.0416667 -1.9791667
-5.0612245 2.3829787
-5.84 5.4897959
-7.2131148 1.671875
3.673913 -0.56
1.06 -1.9361702
-4.8367347 2.4918033
-5.6464646 2.1343284
-4.3333333 -8.7575758
-6.9090909 -5.4927536
-7.7407407 2.8484848
-1.2676056 -6.2753623
2.1449275 -0.9487179
-5.1428571 -1.5487805
-4.6956522 0.4320988
-3.0813953 -2.5873016
-5.7222222 0.3541667
-3.8 -4.7301587
-2.5897436 -6.9423077
-5.3298969 4.1315789
-6.8453608 -5.5483871
-7.9538462 -7.2903226
3.4268293 -0.5873016
-7.9318182 -4.7894737
-2.943662 -2.7142857
-3.3736264 -5.3333333
-3.42 -8.1851852
-3.1714286 -5.6741573
-1.5396825 -5.1969697
-7.1363636 4.4833333
-6.880597 3.1964286
-5.9578947 2.0125
-3.6326531 -7.7108434
-6.4623656 -2.787234
1.1643836 -1.6979167
-5.258427 -5.3295455
-7.24 -6.6333333
-2.5081967 -3.2
-2.4821429 -3.2352941
-5.1176471 -7.4313725
-5.9130435 -1.358209
-5.5833333 5.7252747
-3.2857143 -5.4891304
-7.1276596 -5.3367347
-4.0151515 2.9777778
-1.4479167 -5.5555556
-5.1794872 -7.345679
-5.4637681 -1.4736842
-6.9375 -2.6027397
-2.0365854 -3.9565217
-8.2626263 1.4444444
0.641791 -3.0104167
-6.2368421 1.9130435
-7.5189873 2.9166667
-7.7263158 -3.6333333
-6.1111111 1.9512195
-3.362069 -8.3518519
-7.9156627 -3.547619
-3.1847826 3.7419355
1.7070707 -1.1230769
-4.1358025 -6.7916667
2.1830986 -0.875
-8.3287671 -4.5733333
-8.3866667 -6.9268293
-5.4418605 4.025641
-3.3461538 -2.4186047
1.2765957 -1.4918033
-5.5277778 -1.4646465
-4.0493827 -6.9384615
-7.1363636 3.0689655
-8.173913 -4.6612903
-4.0 -2.0263158
-4.0394737 2.9444444
-1.6447368 -4.9302326
-6.0 0.3148148
1.5405405 -1.2238806
-3.7142857 -7.57
-6.84375 1.7361111
-3.3026316 -2.4583333
-6.721519 1.7674419
-6.96 0.2698413
1.3780488 -1.3617021
-4.0632911 -2.0
-6.0487805 0.3095238
-4.8571429 -3.7333333
3.9285714 -0.475
-1.3018868 -6.25
-6.9722222 -4.0357143
-7.4183673 5.6428571
-4.8888889 -3.7111111
2.3962264 -0.7746479
-5.6923077 3.8392857
-8.4137931 3.7857143
-3.6941176 -7.6197183
-3.7714286 -7.4646465
-3.2967033 -5.5064935
0.7553191 -2.4423077
-6.2470588 -6.1081081
-6.6375 -7.2560976
-6.3888889 -1.2777778
1.0555556 -1.739726
0.617284 -2.9736842
-6.183908 -2.9375
2.3529412 -0.7777778
-3.42 -5.3137255
0.5806452 -3.1449275
-1.7160494 -4.7638889
-6.3804348 -7.5510204
-2.3529412 -3.4769231
-2.6547619 -3.0833333
-5.56 -8.6666667
-4.7906977 -7.9710145
-2.0 -4.0943396
-5.2291667 -5.3913043
-7.8095238 -6.1710526
-5.2083333 0.3466667
2.7763158 -0.6491228
-6.7619048 4.702381
-2.939759 -2.7938144
-8.1698113 -4.6774194
-3.3052632 -8.5368421
-3.2068966 -2.5625
-2.0 -4.1090909
-6.0447761 -1.36
-2.5932203 -3.1702128
-6.4761905 4.9066667
-7.8333333 -7.4329897
-4.1888889 -4.3518519
-8.5 -3.3218391
0.9444444 -1.8636364
2.5833333 -0.6808511
-5.5 3.9558824
-3.7704918 -7.490566
-1.8 -4.5797101
-1.9047619 -4.3287671
-3.90625 -2.1111111
-4.8888889 -5.7777778
-3.1772152 3.6984127
-5.5 -3.3181818
-4.8214286 -5.8596491
-5.1428571 4.2285714
1.254902 -1.3898305
0.6849315 -2.5438596
1.0823529 -1.6075949
-4.2705882 5.0888889
-7.7294118 -4.9512195
-5.0 -5.65625
-2.0294118 -4.0806452
-7.3157895 -7.9666667
1.3731343 -1.25
-3.1627907 3.7010309
-2.0952381 -3.9589041
-4.7843137 -1.7340426
-4.1029412 5.2888889
-6.4756098 -4.3709677
-6.3402062 -6.0416667
2.9444444 -0.575
-8.3214286 3.8085106
-4.8076923 -1.7301587
0.45 -3.7333333
-6.7222222 4.7125
1.7789474 -0.9425287
-7.8961039 2.744898
-6.6363636 -7.2820513
0.5 -3.3384615
-4.8297872 -3.7954545
1.3921569 -1.1973684
-6.3333333 1.8421053
-4.16 2.8020833
-7.6179775 -3.7205882
-3.8068182 -2.1919192
-2.4761905 -3.3703704
-1.3571429 -6.1515152
-4.6829268 -3.9189189
-8.4680851 2.5555556
-4.1538462 5.2083333
-1.8082192 -4.6282051
-1.8282828 -4.5774648
-2.2696629 -3.6875
-7.5 5.5505618
-2.2941176 -3.65
-5.3770492 0.3023256
2.4375 -0.6666667
-2.1294118 -3.9354839
-1.4936709 -5.6111111
-3.4827586 -5.2777778
-4.1071429 5.2626263
-4.8103448 -1.7435897
0.99 -1.6282051
1.4333333 -1.122807
-2.2040816 -3.8070175
-3.6853933 -7.7037037
-7.3139535 5.6888889
0.8875 -1.8117647
-5.7674419 0.2786885
-6.6271186 -2.7755102
3.5208333 -0.4545455
-6.3333333 3.41
-7.2857143 5.7090909
-2.1410256 -3.9285714
1.0923077 -1.4533333
0.9433962 -1.6804124
0.8987342 -1.761194
-4.6428571 -1.8133333
3.2962963 -0.4791667
-1.5869565 -5.3088235
-4.6538462 -1.8105263
1.2266667 -1.28125
-6.5 4.8571429
-8.8043478 2.45
-7.3823529 1.5670103
-4.3333333 -1.9462366
-7.3655914 -6.5757576
-5.4637681 3.9466667
2.030303 -0.7684211
-4.75 -1.7777778
0.4328358 -3.5873016
-5.1126761 0.3035714
-4.9263158 -7.804878
-1.9285714 -4.3823529
1.0754717 -1.4390244
-6.2903226 1.8356164
3.125 -0.4946237
-3.1538462 -5.8529412
0.4831461 -3.1851852
-5.7011494 5.5319149
-6.4318182 4.9032258
-6.173913 1.8684211
-3.6144578 -2.3428571
-8.1956522 -7.1343284
0.4074074 -3.7538462
-4.893617 -7.8617021
-8.238806 -3.4558824
-5.7179487 -4.9795918
-6.9868421 -8.3690476
-3.1010101 3.7169811
-6.2753623 -7.7244898
-6.328125 1.8205128
-2.6363636 -3.2183908
-6.84375 -2.7011494
-7.5517241 -6.4210526
-8.8214286 3.5714286
-5.0224719 2.2903226
-4.4651163 -6.3823529
-5.0412371 -3.6703297
3.1136364 -0.4805195
-6.78 -7.1546392
-3.2153846 -2.6464646
0.7037037 -2.1170213
-6.9897959 1.6436782
-3.2222222 -5.7454545
-2.55 -3.34
-8.4081633 3.744186
-7.1621622 -2.5857143
-4.275 5.0243902
-3.7325581 -2.2828283
-4.0853659 5.2571429
-2.5263158 -3.3736264
-4.3030303 2.6666667
0.5 -2.9489796
-2.5227273 -7.34375
-4.82 -5.9191919
-4.8607595 -1.755102
3.7090909 -0.3958333
-1.6176471 -5.2769231
2.6067416 -0.5609756
0.8311688 -1.7580645
-4.8955224 4.3829787
-2.8227848 -3.0277778
-2.9672131 -2.8829787
-5.6043956 -6.88
-7.27 1.5735294
-7.9090909 -6.14
-4.5737705 2.5
-7.6111111 -3.7532468
0.4444444 -3.1979167
-6.3214286 -1.3571429
-7.65 2.8
-8.6818182 3.6190476
-8.3333333 3.77
-6.5555556 3.2666667
-5.6065574 3.8191489
-7.1764706 2.9833333
1.962963 -0.7179487
-3.3170732 -8.6195652
1.3561644 -1.0379747
1.5494505 -0.9047619
2.5 -0.5606061
3.0 -0.4666667
-6.1627907 -6.2638889
-4.483871 -6.3793103
-2.1195652 -4.06
-3.3333333 -2.5824176
-6.8314607 -7.1157895
-7.7868852 -3.6744186
-1.6190476 -5.3214286
-8.5795455 3.6578947
-5.0 2.2765957
-7.7735849 -4.9677419
-5.1960784 0.2653061
-5.4285714 -5.2727273
-4.3736264 -4.258427
-8.2790698 -7.0816327
0.7901235 -1.7303371
-7.6956522 -6.3195876
-3.7727273 -4.9393939
-5.52 -7.0
-8.4821429 -4.5555556
-2.3636364 -7.8888889
-4.578125 2.4787234
-5.0795455 -7.609375
1.5581395 -0.8648649
-3.3333333 -2.5957447
0.6736842 -2.0
2.4878049 -0.5411765
-3.6461538 -7.8589744
-6.3958333 0.2098765
-7.4 -7.9268293
-3.7317073 -2.3205128
0.4 -3.3505155
-4.8888889 -7.9076923
-6.0860215 -1.4230769
-8.6164384 -3.3263158
-4.8795181 0.2741935
-1.9411765 -4.4623656
-1.5660377 -5.5322581
0.3673469 -3.6333333
-8.3333333 -3.44
2.2678571 -0.5873016
-7.0612245 -4.06
0.9770115 -1.36
3.2692308 -0.4057971
-3.4871795 -2.4875
-4.1147541 2.75
-6.8295455 -2.7358491
-4.7553191 4.4821429
0.6956522 -1.8888889
-2.4615385 -3.5287356
-5.3714286 -5.3409091
1.0119048 -1.2959184
1.0222222 -1.2826087
-3.5925926 -7.9857143
-2.4 -7.7878788
-2.1578947 -4.0277778
-4.8032787 -1.81
-6.8461538 -7.1126761
2.75 -0.4742268
-6.1666667 -7.8969072
-7.2597403 4.3116883
3.3146067 -0.3894737
1.3333333 -0.9680851
-2.5217391 -3.4545455
-4.2083333 -2.0714286
-8.7627119 -4.4186047
3.0 -0.4242424
0.5 -2.5416667
-2.5492958 -7.3488372
-4.2040816 -6.8351648
0.3258427 -3.875
-5.5591398 0.2266667
0.6736842 -1.8666667
-8.0 -7.3428571
-1.761194 -4.9677419
-4.4821429 -1.952381
-6.908046 -5.6097561
-1.4936709 -5.86
-8.3586957 3.7380952
-3.3714286 -8.5294118
0.4479167 -2.7755102
-2.4242424 -3.6125
-6.65625 -2.8181818
-4.4492754 -4.2166667
-8.9047619 -4.3529412
-6.5113636 1.7258065
-5.5568182 -6.9761905
-5.4545455 -7.1071429
0.7977528 -1.5425532
-5.12 -3.6666667
-8.0104167 -7.3372093
0.6818182 -1.7912088
-7.2 2.9473684
-7.1016949 -4.0526316
-5.8461538 -4.9230769
0.3728814 -3.2659574
0.9726027 -1.25
-5.890625 -6.5842697
-8.1527778 -7.2105263
-2.4507042 -7.6666667
-5.5894737 -3.3617021
-3.4852941 -8.2608696
-4.8470588 -3.877551
-7.1511628 -5.425
-3.6792453 -5.1084337
0.5116279 -2.3548387
-6.5555556 4.76
-4.18 2.6804124
1.8974359 -0.6321839
-8.2058824 -5.9473684
-6.5 -2.8933333
0.4736842 -2.5185185
0.7037037 -1.6949153
-5.8387097 3.6292135
-1.0555556 1.1269841
-7.3333333 -3.9294118
0.311828 -3.7777778
-3.1333333 3.5662651
-8.1842105 -5.9661017
0.4 -2.9166667
-4.7575758 -3.9589041
-5.68 0.2051282
1.0357143 -1.1234568
-5.2727273 -3.5729167
-6.5606061 -7.4444444
-3.5925926 -2.4615385
0.3333333 -3.4657534
1.7419355 -0.6626506
3.8072289 -0.3030303
-4.816092 2.3157895
-5.6043956 1.989899
-1.3536585 -6.5384615
-4.9473684 -1.7894737
1.5151515 -0.7567568
0.5454545 -2.1014493
-4.2142857 -6.8484848
-5.9285714 1.8787879
-6.9166667 1.61
-6.9677419 -4.1428571
0.5 -2.2638889
-4.0333333 -4.6785714
-6.0526316 -8.0746269
-3.1264368 3.5588235
-8.4647887 -3.4111111
0.2884615 -3.9019608
-6.25 1.78
0.5087719 -2.2093023
0.641791 -1.75
-1.6724138 -5.3088235
-1.5869565 -5.5952381
0.5789474 -1.9325843
-4.5957447 -8.4615385
-8.4444444 -3.4210526
-3.6507937 -2.4358974
-6.183908 -1.4390244
-5.440678 -7.1509434
-1.4047619 0.7777778
0.29 -3.7638889
-6.3958333 -2.9565217
-7.9156627 -2.3888889
-5.0 0.2179487
-6.5326087 -4.4255319
-4.4666667 -4.2340426
2.2857143 -0.474359
-4.4117647 -8.8210526
-4.5396825 -1.9642857
1.8076923 -0.5974026
-6.5111111 -5.9775281
0.3670886 -2.9152542
-8.6105263 3.6082474
0.4831461 -2.2111111
0.8041237 -1.3272727
-1.5294118 -5.8409091
-1.4183673 -6.3023256
-5.2947368 3.9772727
3.597561 -0.2941176
-4.7065217 -1.9
-8.4310345 -4.6190476
-6.7411765 -2.8103448
-5.0243902 -3.7708333
-2.0638298 -4.3376623
-2.2380952 -4.0
1.440678 -0.7254902
0.4623656 -2.26
-4.4035088 -2.0337079
-1.5529412 -5.77
-1.3875 0.7473684
-6.6071429 -7.4107143
0.7058824 -1.4642857
-5.5666667 -7.0
-1.4505495 -6.1818182
-7.7835052 5.2717391
-7.7592593 2.7105263
-7.6458333 -5.0967742
-5.6153846 5.525641
-5.8105263 -3.2650602
0.3222222 -3.1891892
-5.4772727 -7.1153846
-7.8367347 -2.4210526
1.2432432 -0.8235294
-3.5454545 -5.3529412
1.7068966 -0.5957447
-1.953125 -4.6
0.2857143 -3.5405405
0.326087 -3.1
-7.3611111 -6.6557377
-7.2739726 -6.7356322
-3.2195122 3.4181818
-5.7816092 -3.2857143
-1.9418605 -4.6341463
-5.7419355 -6.7922078
-8.4329897 -4.625
-6.673913 4.6436782
3.2173913 -0.3076923
-4.8969072 -1.8405797
-7.2197802 1.5217391
0.7857143 -1.254902
-7.9016393 -4.9375
0.278481 -3.5384615
1.260274 -0.779661
-7.2197802 -8.1744186
-6.6507937 -2.8596491
2.3541667 -0.4166667
1.3943662 -0.7032967
1.6847826 -0.5789474
-2.4038462 -3.754717
-1.1686747 0.8333333
0.6849315 -1.421875
-5.4320988 0.1789474
-4.05 5.1777778
-7.1304348 -6.8762887
0.8181818 -1.1818182
-6.7283951 3.1157895
0.2894737 -3.3263158
-7.06 -8.3623188
-4.1612903 5.0365854
1.2121212 -0.7901235
-0.9473684 1.0103093
0.5180723 -1.8469388
0.2588235 -3.688172
3.4 -0.28
-6.7040816 -4.3333333
-5.6185567 -6.9508197
2.3170732 -0.4065934
-6.0625 -4.7941176
-0.96875 0.9638554
-3.8552632 -2.3518519
-7.2096774 -2.6451613
-5.4615385 5.6630435
-7.3278689 5.5853659
-6.3804348 -4.556701
-3.1927711 -2.8431373
-6.2297297 4.962963
2.4193548 -0.3783784
2.81 -0.3255814
1.0142857 -0.9010989
-3.0520833 -2.9772727
-2.6666667 -7.1578947
-5.3333333 5.7956989
2.8550725 -0.3181818
0.6666667 -1.36
-2.4324324 -3.7391304
-4.2638889 -2.1333333
-6.673913 -7.3571429
-5.6779661 -1.6029412
-6.862069 -4.2409639
-4.2093023 4.9647059
-4.4021739 -6.6111111
-7.3655914 -6.6666667
0.3670886 -2.4328358
-6.0107527 -6.5063291
0.890625 -1.0
1.2075472 -0.7373737
0.9340659 -0.95
2.25 -0.3943662
-8.0246914 5.0945946
0.8431373 -1.0377358
-3.5925926 -2.54
-3.3544304 -5.7017544
-0.7380952 1.1836735
1.3333333 -0.6547619
-5.1794872 2.0987654
-5.7926829 1.8765432
-1.8709677 -4.88
2.1904762 -0.3958333
1.3396226 -0.6470588
-6.15 -3.1111111
-6.3150685 -1.4468085
0.6935484 -1.2432432
-3.72 -2.4567901
-1.372093 -6.6615385
0.6404494 -1.3414634
-7.0909091 -8.3404255
1.28 -0.6707317
-6.0126582 -1.5208333
-0.5714286 1.4888889
0.9861111 -0.8604651
0.7692308 -1.0989011
-4.2439024 -4.5135135
-2.2786885 -4.0185185
-0.8313253 1.0103093
0.8387097 -1.0
1.675 -0.5
-8.3536585 -4.6883117
1.2150538 -0.6865672
-6.3888889 4.825
-6.3898305 0.1290323
-5.3037975 5.8117647
1.8 -0.4567901
-4.4942529 -8.7173913
-5.1538462 4.04
-6.3055556 -3.0416667
-2.8202247 -3.255814
-6.7142857 1.6111111
0.3295455 -2.4794521
-6.9545455 -4.1964286
-5.6516854 5.452381
-6.2195122 -7.9081633
-3.9456522 -2.3285714
-5.5172414 1.9589041
0.6736842 -1.1973684
-4.1752577 2.5882353
-2.5 -3.6779661
1.2371134 -0.6478873
-7.1666667 1.5070423
-5.7121212 -8.6136364
-7.8039216 5.2278481
-1.4864865 0.5365854
-6.1666667 -1.4925373
-5.2375 -3.6666667
2.2592593 -0.3518519
0.5555556 -1.4285714
-6.7413793 -5.8157895
0.3 -2.6329114
-1.5795455 0.5
-6.8051948 0.115942
-0.7142857 1.1041667
-7.4606742 -7.9375
0.2173913 -3.5882353
-1.8351648 -5.0253165
0.22 -3.53125
-5.0808081 -1.8153846
-3.2321429 -5.9484536
-3.0609756 3.5189873
-7.5882353 -3.8518519
-4.7666667 -1.9361702
-2.4558824 -3.7586207
-0.5652174 1.3586957
-0.8181818 0.9342105
2.6914894 -0.2835821
1.0178571 -0.7419355
-2.2911392 -4.0352941
-5.3770492 2.0
-7.5625 5.3888889
-0.6666667 1.1272727
-6.988764 -4.185567
-4.2923077 4.8333333
0.4864865 -1.5301205
-8.3714286 -4.6896552
-6.8351648 -4.2807018
-4.8367347 -6.0506329
-5.6907216 0.1290323
-0.8837209 0.8301887
-4.75 -4.0561798
-5.7380952 -6.8433735
0.3478261 -2.097561
0.6111111 -1.1919192
-3.7142857 -5.1914894
2.0338983 -0.3518519
-3.1 3.4561404
0.688172 -1.0322581
0.3384615 -2.0810811
-5.7681159 -3.345679
-0.8723404 0.8
3.8363636 -0.1818182
2.0879121 -0.3333333
-8.1714286 -3.5862069
-7.1511628 -6.8947368
-3.0714286 -6.2857143
-6.9791667 2.962963
-6.9101124 -5.6904762
-2.0659341 -4.5128205
-5.6603774 0.119403
-3.9032258 -7.5128205
-6.4880952 -7.6024096
-1.0877193 0.6197183
3.2295082 -0.2083333
-7.1511628 -2.7027027
-5.0833333 4.0666667
-6.3095238 4.8611111
-1.7647059 -5.2873563
-4.9795918 -7.8988764
-0.6153846 1.0816327
-6.3535354 -4.6170213
-6.5955056 0.1
0.4888889 -1.3442623
-7.2197802 2.8611111
-3.4375 -8.5368421
-5.3404255 -1.75
-2.5612245 -3.6489362
0.7435897 -0.8795181
-4.8571429 -1.9242424
-0.7263158 0.8979592
-2.6818182 -3.4871795
-2.0746269 -4.5113636
-0.5851064 1.09375
1.9191919 -0.3333333
-2.6617647 -7.2741935
-5.494382 0.115942
-5.75 3.5888889
-5.8194444 1.8275862
-8.0857143 -4.8684211
3.2978723 -0.1923077
1.0357143 -0.6086957
-6.7380952 -5.8431373
-6.1237113 0.1025641
-6.5135135 -1.4390244
-4.2857143 -2.1894737
-3.2258065 -6.0104167
-7.34 2.8080808
-1.4230769 -6.5979381
-4.625 -2.0306122
-4.9880952 -1.8831169
-4.4716981 -2.1010101
-2.5684211 -3.6582278
0.3142857 -1.9191919
-3.9433962 -4.9204545
1.3139535 -0.4512195
-6.05 -6.5138889
-0.4354839 1.3535354
-6.9821429 4.3809524
-5.1860465 2.0416667
-5.8125 -5.0606061
1.3510638 -0.4318182
-6.9047619 -7.1578947
-1.1304348 0.5098039
0.2716049 -2.1166667
-6.1428571 0.0930233
-7.2967033 -8.1445783
-0.7105263 0.8
-3.5280899 -2.6734694
0.3793103 -1.4931507
-1.1808511 0.4794521
-4.6 -8.5731707
0.8 -0.7032967
-5.6219512 -5.2365591
-4.8474576 2.1777778
-1.8636364 -5.0674157
-5.1891892 -1.8222222
-5.2857143 0.1025641
-5.2391304 -3.7142857
-2.0952381 -4.5172414
-4.0 -7.3666667
-8.1388889 1.2941176
-1.8813559 -5.0327869
-0.952381 0.5555556
-4.1489362 -4.6933333
-6.4626866 -6.1081081
-6.5274725 -7.5797101
1.5294118 -0.3414634
-7.45 -6.6415094
-0.5128205 1.0126582
-3.5979381 -2.6354167
-0.82 0.6309524
1.3333333 -0.3877551
-3.0416667 3.4571429
0.4461538 -1.1549296
-5.9558824 0.0860215
2.0957447 -0.2435897
-0.4415584 1.1529412
-3.4615385 3.0357143
-4.8636364 -8.12
-7.5978261 4.0149254
0.1648352 -3.0519481
-4.8409091 -4.0277778
1.2678571 -0.3943662
-1.097561 0.4536082
-5.6938776 0.0869565
0.2716049 -1.8125
0.2459016 -2.0
-5.345679 -5.5204082
-5.671875 -1.6769231
-7.5909091 5.3333333
-4.4352941 2.3626374
-6.9090909 5.8586957
-8.3882353 -3.5194805
0.1744186 -2.7291667
-5.4594595 0.0869565
0.8762887 -0.5411765
-0.7848101 0.6022727
0.3191489 -1.4795918
-6.25 -6.3246753
-7.12 1.4705882
-6.975 2.9344262
-3.5555556 -2.6813187
-8.2857143 -5.9782609
-6.2 -4.7636364
-0.9120879 0.5098039
-3.2465753 -6.0185185
-0.8135593 0.5645161
-7.7692308 -5.0897436
0.1578947 -2.8863636
0.3188406 -1.4020619
-5.5875 -1.7101449
-7.6666667 2.6666667
-4.3146067 2.42
0.453125 -0.9736842
-5.2112676 -3.7532468
-6.7837838 4.4871795
-7.4657534 -2.62
0.1875 -2.3333333
-8.9615385 -5.5306122
-5.7419355 3.5588235
-7.2222222 -4.09375
-5.8166667 -8.5217391
-7.2967033 -2.6818182
-6.556701 -1.46
-7.1153846 -5.5616438
-6.2 4.9072165
-5.4086022 3.7763158
-0.4576271 0.9270833
-0.3095238 1.3692308
-2.4683544 -7.9310345
2.0882353 -0.2021277
-1.8764045 -5.1052632
-6.1666667 -4.796875
-5.3855422 -5.4927536
0.2830189 -1.4782609
-7.4029851 -2.6451613
-0.2941176 1.3809524
0.3870968 -1.0454545
1.0 -0.4021739
-3.3380282 3.1157895
-4.7666667 -2.0138889
-4.9333333 4.1348315
-0.5869565 0.6769231
-8.3076923 -3.5633803
-6.969697 5.7956989
-0.4767442 0.8266667
0.7857143 -0.5
-5.5875 5.4393939
-4.625 -6.4032258
-8.3214286 -7.1643836
-0.2903226 1.3157895
0.2682927 -1.421875
0.8285714 -0.46
-0.2755102 1.3809524
0.1176471 -3.2183908
-4.8817204 4.1744186
1.5 -0.25
-5.7804878 -3.3958333
-6.7826087 -7.3176471
-0.4358974 0.8352941
-5.2395833 1.9777778
-1.9277108 -5.0
-6.3333333 -6.2588235
1.8333333 -0.1960784
2.0816327 -0.1724138
-4.1428571 2.5
-2.6233766 -7.4893617
2.3195876 -0.1515152
-1.0967742 0.3170732
0.877551 -0.3958333
-7.1585366 -8.3333333
-5.987013 -1.6129032
-3.5609756 -5.5204082
0.5945946 -0.5714286
-7.15 4.2432432
0.1578947 -2.1294118
1.6530612 -0.2021277
-3.7037037 -8.010101
1.7241379 -0.1919192
-0.2666667 1.2405063
-4.2307692 -4.6494845
-8.4367816 2.4090909
-3.3092784 3.1195652
-3.7582418 -7.8969072
-3.56 -5.5277778
0.4313725 -0.7432432
3.0666667 -0.1041667
-0.75 0.425
0.1612903 -1.974359
2.3809524 -0.1333333
-5.4597701 -7.2682927
0.195122 -1.6190476
0.2105263 -1.48
-5.5833333 -1.7352941
-6.8351648 1.5084746
-1.2142857 0.2537313
0.8269231 -0.37
-5.8548387 -1.655914
0.1666667 -1.8222222
3.0 -0.1010101
-5.440678 1.893617
-5.925 -6.7
-0.2241379 1.3333333
-8.5897436 -4.6219512
1.4949495 -0.1979167
-0.3469388 0.8493151
2.8452381 -0.1030928
-1.253012 0.2328767
-6.3064516 -4.7111111
2.047619 -0.1388889
-0.3095238 0.8983051
-6.8596491 -4.3333333
-6.975 5.7738095
-2.8705882 -3.3888889
-7.8730159 -5.0465116
0.3020833 -0.8870968
-0.3636364 0.7361111
-3.2317073 3.1770833
-7.4576271 -5.3278689
-4.1458333 -7.172043
-1.0 0.2653061
-5.8421053 -5.0897436
-7.375 -4.0319149
0.8767123 -0.296875
0.3815789 -0.6785714
-0.1511628 1.7078652
-8.2688172 -7.225
-0.4655172 0.5416667
-6.1041667 -6.5116279
-7.8709677 -5.05
1.1632653 -0.2111111
-0.2888889 0.8493151
1.440678 -0.1639344
0.5555556 -0.4222222
-6.0138889 3.3645833
2.1764706 -0.1075269
0.0879121 -2.6585366
-7.6813187 -6.4788732
-6.4857143 1.5777778
-1.2857143 0.1808511
-1.6447368 0.1403509
0.6129032 -0.3684211
0.4886364 -0.4590164
1.03125 -0.2173913
-6.5319149 -3.0277778
-0.8378378 0.2653061
-3.7083333 -5.3333333
-5.5 -1.7777778
0.0808081 -2.7111111
-3.0289855 -6.5306122
0.3956044 -0.55
-4.5333333 -2.1578947
-3.2371134 -3.0222222
-4.1489362 2.4615385
-7.1714286 5.6071429
0.1829268 -1.1354167
1.0555556 -0.1960784
-7.3648649 2.7435897
-1.5254237 -6.4230769
-0.6790123 0.2931034
0.1904762 -1.0428571
-6.2586207 3.2272727
0.091954 -2.1525424
0.2112676 -0.9318182
0.8666667 -0.2261905
-6.3181818 3.1964286
-5.3382353 -7.4565217
-0.1830986 1.0652174
-5.2040816 5.8020833
-5.3134328 1.9183673
-3.5308642 -5.6097561
-0.1071429 1.775
-5.0833333 -3.8977273
-8.7395833 -4.5555556
0.0930233 -1.9673913
-2.5 -7.9277108
-0.5 0.3611111
-4.0540541 -7.3563218
-0.2 0.8695652
0.1666667 -1.037037
-8.7307692 -4.5617978
-6.4623656 -7.7105263
0.0888889 -1.9012346
-7.7419355 -3.8533333
-7.7746479 -6.4096386
-0.3033708 0.5463918
-0.1621622 1.0163934
-5.1774194 5.8243243
0.1333333 -1.15
-6.2022472 -3.2
0.0454545 -3.3478261
-0.1733333 0.875
-0.2380952 0.6326531
-4.2741935 -2.3050847
2.18 -0.0666667
0.05 -2.875
-0.09375 1.5227273
0.1212121 -1.1494253
-7.9047619 -6.3076923
-5.9636364 1.7
0.1724138 -0.7971014
0.1403509 -0.9784946
0.6444444 -0.212766
-6.6326531 -6.010101
-5.7222222 -8.7142857
0.2352941 -0.5729167
0.2678571 -0.5
0.2380952 -0.5609756
1.2033898 -0.1086957
-0.5263158 0.2463768
-3.2716049 -6.0736842
0.5294118 -0.2380952
0.9285714 -0.1351351
-3.8961039 -2.5348837
-4.7777778 2.1186441
0.05 -2.4479167
-1.247191 0.097561
-2.875 -3.4366197
-1.4216867 0.0824742
-8.2063492 -3.641791
-6.804878 -4.3918919
-7.3033708 2.7538462
-4.7789474 -4.1621622
-2.2954545 -4.3095238
-2.7173913 -7.3207547
-1.5333333 -6.452381
-1.5531915 -6.3703704
-0.3571429 0.2888889
3.0344828 -0.0333333
-4.5636364 -6.5517241
0.0851064 -1.1666667
-5.0714286 -3.9245283
-5.7529412 -1.721519
3.0 -0.03125
-0.7692308 0.1212121
-2.6060606 -7.6388889
0.0666667 -1.3877551
-7.97 -7.5166667
-6.3125 4.7666667
0.0555556 -1.6029412
-0.8 0.1111111
-6.5454545 3.0689655
-0.3170732 0.2741935
-3.42 -5.8227848
-5.0425532 2.0
-1.8653846 -5.3157895
-5.4347826 5.5353535
-0.8292683 0.1
-3.106383 -6.4123711
1.9142857 -0.0416667
0.64 -0.1234568
-6.989011 -7.1428571
-0.06 1.3076923
-0.2142857 0.3513514
0.02 -3.4567901
0.025 -2.6734694
0.0178571 -3.5138889
3.7254902 -0.0166667
-5.1323529 -5.8333333
2.3703704 -0.0243902
-0.08 0.7096774
2.3090909 -0.0232558
-3.0606061 -3.25
0.015625 -3.3875
2.4823529 -0.0212766
-6.7714286 -2.9459459
2.2134831 -0.0227273
-0.0923077 0.5353535
-4.3291139 -4.6086957
-6.4845361 -3.0769231
-8.1392405 -7.3661972
-2.8554217 -6.988764
1.2 -0.0357143
-0.4226804 0.0987654
3.7205882 -0.010989
2.9117647 -0.0135135
0.0113636 -3.4252874
2.9213483 -0.0128205
0.015873 -2.3411765
2.6271186 -0.0140845
3.6785714 -0.01
-5.037037 -3.9634146
0.0117647 -2.9295775
3.010989 -0.011236
2.5774648 -0.012987
0.0166667 -2.0
2.5531915 -0.012987
-0.0689655 0.472973
0.0113636 -2.8372093
-7.6585366 -5.21875
0.0163934 -1.9344262
0.137931 -0.2261905
2.9375 -0.0104167
-4.89 -6.1290323
2.7058824 -0.0106383
0.255814 -0.1098901
-5.6410256 -3.5405405
-6.884058 1.4565217
-4.7719298 -4.185567
-5.8089888 -6.8817204
-4.2093023 -4.7457627
0.0113636 -2.0722892
0.0285714 -0.8205128
0.0185185 -1.25
0.0108696 -1.9791667
1.3870968 -0.0149254
1.109375 -0.0169492
0.0116279 -1.6075949
0.1777778 -0.1020408
0.030303 -0.578125
0.0243902 -0.6962025
-0.1884058 0.0898876
1.2820513 -0.0126582
-7.2708333 4.1282051
1.1184211 -0.0126582
0.0117647 -1.1587302
0.1612903 -0.0625
0.3222222 -0.030303
-4.1111111 -2.4301075
-0.0618557 0.1481481
-7.6938776 -7.7972973
0.7307692 -0.0105263
-5.1166667 -7.8163265
0.0212766 -0.2947368
0.5538462 -0.010101
0.32 -0.015873
0.4680851 -0.0106383
0.0149254 -0.2676056
0.01 -0.2
0.0322581 -0.0147059
