2
1 1 2
20 20 3
-3.554739648913472 29.012008865473277
29.03376820018228 20.72502911433432
1.535729812898225 -3.449187116799944
-10.037553500094335 4.2129605603758975
20.382568956217867 12.349982845497816
0.030758098003676793 5.80722059659551
9.670341854280458 9.30716009387373
3.8142589492418146 4.539338753267536
9.099770701736457 8.628695791739169
23.10828857151197 12.404254175508697
-3.0814122945106366 -11.246292543276528
3.1087819172061444 28.49933289160699
-12.592165337059333 15.04477675481807
15.788038991109818 -11.306088281393553
-11.619954622683029 12.342708372602605
-7.919571257954109 -0.8436739356357617
32.448913042176876 3.957416880209106
30.406970117227843 2.8001228142302352
13.041132189462541 -5.558785290922799
0.9660046195546634 -10.51191263830176
20.95126501744045 9.892292565601089
26.48953078734108 27.955142700325865
20.759344227215486 6.305331589156424
23.33860021774818 14.062448663239525
16.851690416334126 -1.0689124661658038
4.836930222503252 5.085854022833367
27.75792259500713 30.723166507825553
31.538947150250976 -0.5716368473584961
1.772038994675654 31.134110134803116
17.875860250189326 17.456602056857584
23.76659905398003 -2.0874348656793593
17.533887509843787 -0.23125563659490567
33.14304929870527 -9.685339356150273
27.63095943316668 15.099221322317437
-9.70456972884006 28.286409917817217
12.626914593291684 31.396994934740235
13.486672575760963 -10.598188872890999
2.6915892936600656 25.261380597828975
26.134575575495994 33.60730117185902
17.448873167446216 9.78584882935957
0.32962847591161015 8.431846768237978
-7.945556460318935 -10.929672121157456
-4.451974720094013 33.139811418895945
-13.521953221546932 3.5870761555509247
12.019473998335663 20.989669959298723
-9.590001198710173 -13.3568789774107
4.2180131064211785 21.711550601620992
-14.81016523484883 -1.8398497267326146
4.4314107880966205 15.445670043469736
-10.618264140330222 -12.280378688023745
31.95365698566902 4.820385188981053
23.396730115168047 3.720443941089016
-13.03581906308288 20.17083764194536
27.126814731707455 15.51046710308713
-12.525204963997751 15.977348391882675
31.383401445916498 18.994986560002516
4.3058804532423345 9.719869367722591
32.712149027571336 1.5910932462227763
20.649365600577106 -1.0813742725367863
4.927680831956241 32.89732799037833
5.430622367593305 3.944326602339274
26.971454374152437 7.96918317321256
-7.707084684370267 10.262610147004555
-5.126732350488902 -5.400111376303249
24.19220537639073 -4.005642572950572
31.437645401825883 -7.8046676602857055
7.647003373408598 -2.590069280537774
-5.307076997578333 22.90037832416254
19.577276723586714 8.506098437825518
21.252984306125846 11.749342224026467
30.466312264368227 29.57121242416975
9.121915451683545 25.440709883538183
4.91629948456189 2.2664321570890174
-6.81545109396197 24.306270813948835
22.748826832489968 28.52225594942253
32.173412797767114 9.82128762581161
-7.824178836014937 -5.473508080073749
-8.148332434614373 -3.1115063048293017
8.611572591366624 27.80269177559613
-10.050241027873838 6.570901575494982
8.086192041297316 28.072352529335554
-7.410655771340427 2.8507962384349455
7.8995266344260635 18.842117753535064
15.409560874271929 1.587025537464502
1.1987658386541682 -14.214297715467254
9.3795770004043 -0.17418128439962466
30.534434153070947 14.214117942236722
-0.793353875576928 18.954066062427202
-4.800651063821324 -5.483748137304776
3.7594201353405197 -4.851666184248902
-8.923354498232491 11.160008096816401
-11.903713133262714 -3.6938965385422
13.860945599083959 23.421881056141174
14.019750157782791 11.16300006697292
10.40585786386843 5.851643644249602
11.855170627425956 14.861655773748254
29.596644192294995 8.009614341533851
34.14701655461744 8.602016564274187
9.626092380740026 21.49851031863401
34.272629615931365 20.332801152216874
19.991663774879818 3.5621280804472057
-0.7434871347727565 -4.312557687881927
-11.33069122006942 -8.640394520506366
-8.80603707275587 34.84526277760893
26.059268532484097 -7.179860027598509
-12.079110318683682 17.95973285187535
-7.560521722377115 25.18770665311569
-14.637172359464282 -6.728259731268313
17.12544483113885 -0.4250089299534672
32.729312953810926 13.68240991057404
6.460715783435745 32.91220562678525
1.8596625897363808 29.56778362707019
-7.901553506506385 21.453828655190165
1.815531328751458 -9.560081987904892
4.049243643326662 11.728720225316106
21.982673388773016 8.51935386069912
-2.0670248136646343 3.731002440352757
8.349532458148687 1.5950562279927816
34.24570547699412 -10.981761978472619
9.18754925034995 34.81748938112038
-5.499129747044227 34.77884486730494
14.979843432992837 30.96166308701344
8.290764861842035 25.563491919200054
27.31121746398012 12.678937421755606
23.880831740354672 3.8786842463057702
22.57813766144315 -12.216870633239715
-4.36928965039837 3.4839248532524962
21.551140915178486 -4.340652758995475
33.873077186623114 -1.5554525076160814
14.757080042166884 30.054247097771217
30.92152162632022 -13.565707779594803
-6.753873184997763 22.21125725277325
8.936423635038768 -14.906643548351044
34.82361767636599 14.103820979153582
-6.67816140287205 -12.078517831451116
1.1286071497122698 34.5419567469035
29.965246778392746 29.67032530624065
33.497320452684136 4.96739908612825
1.6749132743513648 -13.234056390190888
-13.550753276169262 -4.272393543189333
23.63596803056459 -10.745833622541415
8.030380605768759 23.49774984008745
20.333886890517974 8.649170587343022
19.325015937952926 32.2900915377513
25.315268704223797 -9.761455044280074
-12.963992496772201 -11.973740008769804
22.552874717420842 0.7151013890816476
6.933833526247682 10.328066662374855
3.1374558952347016 13.365202042075488
-8.044251150211293 1.7798024225747682
31.98981297503441 24.473840449505545
20.455955363371352 -2.626756712558146
-0.4698776797881763 -9.338837449726753
16.244486339131473 16.649700581980156
18.81699034255918 9.199396091469232
2.291929294043122 -4.231616655420186
25.99989695511311 34.736376176859615
8.108755612551569 -6.237062339833713
-10.259494515810001 0.04736932495555024
20.93139257305795 9.322694685121888
-3.8409732143921502 -7.112811282162271
21.546276381122965 -12.291711857684621
-2.9860965099184593 -10.078137624689141
-4.139927001112618 -6.369613908591923
14.326634903079569 27.33308115446396
2.1609268290418377 9.972605966343224
8.387602581354805 -11.74340359593316
4.26165621628293 28.11491548084428
32.283790544001384 25.95271686841707
-0.33027064147797347 15.357024110489611
4.8859280532564355 24.534159466131705
33.64665800818017 -5.456635966765909
-5.981825065159899 34.390228527884695
-11.032037386538583 16.183568322433107
32.289399011681766 27.940074999361514
15.386553348207052 33.11202744797782
9.356631491854674 16.28670355957152
1.031834518429683 11.01724569985635
-0.22993677666164736 7.044675669616055
25.8746648161083 16.458030740686116
8.516351378198664 -14.735665299710446
27.418355094892142 24.427205936171568
18.78182660026168 -10.569363569411564
-8.272972462928383 10.70196064497322
25.290624893134314 13.494679704184172
0.38701554752353573 -1.9049520728118363
-11.500612603401109 22.661173513859715
18.898184611611306 0.7158240594320873
24.40266442697162 30.759926455181116
26.482106827997214 -3.905304632703908
-9.535341640549658 23.554372264299566
-4.969548180512572 -13.62029978795752
-4.944013091665969 20.693682878632806
29.36710167591435 -8.33141688282386
26.77995062620868 21.50028869820551
-13.28476534249212 13.826541290209345
-6.906088273079211 32.70980972425495
22.47062184547579 14.859645029167929
-7.4860554826963055 -1.7800360012059855
23.000312410214633 15.094651890350722
-12.876096586426048 19.763624076096953
5.220185072912372 -10.755169184180872
15.035951246699838 -7.657617555507859
-10.844488821470264 22.344976910667818
31.203886597282725 -3.590193788210364
-3.106078643569857 -10.11360447146215
20.962734135128343 2.958610378514866
-9.736996415891605 8.483684648574194
26.832629297904063 17.455126630075085
3.708159672492382 10.809013425014417
31.1211178665894 14.373049317377685
-0.24432020994324688 31.37118088759997
12.407169909208601 30.99126683752658
-11.979720412214565 30.465620139523907
-3.8188773082576315 -7.029795012004007
15.641360669276203 12.692039362838166
30.29047188217053 -9.45768057981922
-7.4302747121347466 32.717144031792536
-14.872762917783309 24.073689655075356
16.897853080328805 -13.799630991943864
26.367716123680275 26.24156418303241
11.282288387788522 -13.238852182418002
-4.324263204748727 -9.355233854675491
27.314974889789752 31.455890606077574
15.308779192694573 27.9882226784774
6.34036238766377 -5.328474872290787
19.83752114515191 -7.4714188362421865
10.523780159844517 4.562090152802668
4.733887211775691 -3.379486099248922
18.453793255288836 7.629796752327795
-7.902245849275644 10.507605842310472
28.034704603090482 -5.39588441995679
30.674441923524554 30.638523770391004
-11.004062918182454 31.10487755230043
21.863912143055906 7.4829530513512665
-7.219472435277239 8.28715203727564
-10.889838929649185 27.494787621195435
-12.255635057736761 -7.0019771291813555
12.295269102758713 19.85342382688274
14.884241462825301 23.999129757280528
0.5043864464815613 -13.977830408866934
-13.83453158778413 -10.061799529213182
7.108761436991049 -12.57962476418356
4.0293927016958015 11.113642469658956
-14.405396916072108 -11.893517502943855
-14.61690159302275 29.532952303163967
3.4558663945346098 -7.911555415879637
25.893594112222154 19.123810716347876
-8.658878147434411 -5.3779208149153295
6.801088876935175 14.716642884773918
2.067818376821677 -14.588949857247355
-13.090935126199003 -11.513281644081095
-14.43968215405537 19.95966185220702
9.390718858919787 -8.485132193570408
5.8293333027431125 -0.42029128060480936
3.0208838478363234 -1.7416852506938891
17.295320801103685 -6.245716768238077
25.865637887961938 27.14899756911862
15.508126053264885 19.712628235049372
-14.032401729192554 26.30060575930264
7.976330321160344 1.0121407638567632
-6.009833700375891 13.413668784801487
12.118682656259729 21.16395347543871
10.176145635432174 -9.925999324341298
29.780578887834636 24.561401049585285
-3.8861702016636173 -5.648445268868505
32.63467835436842 -13.533818243488852
17.32968740897116 -14.887928014646754
24.03473842073904 -8.854186766839215
-3.9912272390361796 18.550396446504976
5.991979070929666 -1.3835397787306452
-1.0116349706953613 -1.7842613688833477
-13.153985730451431 -11.780833305821467
-2.8038259214439183 16.409593656193476
-4.12679067632418 24.031967132369054
-6.946729269830318 -11.504733112730845
8.454780522344436 16.051652232396954
0.3812628323821361 26.55154656870389
7.122091973644558 9.996413816086882
-14.762816142773259 -6.792805754032397
34.03687846100385 9.27683806754155
16.606718177471095 17.782629358353823
18.374494511093395 1.3660019627030415
2.592364825036867 11.361735492912263
-8.704111176768068 -3.2741930317072647
13.037793629239228 13.686669304731684
22.752116610829148 11.011836339433597
-1.373029001396045 22.470895557241754
22.25167789534887 13.929508753138087
30.52846355616029 -0.3050406327386934
-7.86788062287456 -1.4253901779534317
22.966155601579302 19.52639372748982
32.939037960277886 -10.943820307034926
2.359229673530514 21.59404066440272
28.87553044480343 11.861268616131966
33.14426087079008 8.649915962699453
19.055252445660273 16.510646336349996
25.638291580588984 -4.755807364228685
32.30571735903092 12.342427829486958
26.4903736907252 0.6733889122000924
-5.844120738273009 7.773479295587212
24.248967654796232 18.779773717921692
31.213651571299778 -0.18410496174232982
33.94114012029499 4.46094760783091
32.35297087265658 33.78745785919244
20.15473272156982 15.20833450090307
-11.087078369853735 20.029397915123056
-9.489842858871464 32.763998279474954
10.459489562865752 6.316336921080058
10.264866734846912 9.325534084091505
19.78706886671373 24.293467238350757
6.4212379009707305 -11.999895530999764
2.0138641544270826 19.833871884091558
13.890627858270467 11.918568090607607
-14.412409438156125 -6.317820348984258
33.81677034689017 21.754206916446158
10.98982341529588 -4.631277847169184
29.05653172821708 34.14832206409119
11.300627474478937 27.890837100853545
1.339991378655938 25.87226833684415
-1.324273626147658 1.9952113042347754
15.38525772982289 -0.8249785446008211
-2.953867894517412 -9.980304472331738
5.159897127093668 -6.9797771300378155
-9.548471044350574 -3.0664537180055103
2.7503041152630168 16.94938008706473
17.15846977879417 0.4118388894339162
24.79896555560972 28.322543311831765
16.00095349840281 5.571195072843302
-4.595130991628896 18.257140047259412
12.276845215450141 -3.994060638982859
24.20959391496701 21.517184694953478
31.59380786820561 33.074620848658526
23.646753314920332 18.759771920788253
-0.10814690956332562 23.679928114656434
31.104434595680523 -13.541839455274143
25.999330749424324 24.518124707310072
-6.872957756175772 32.90685674382061
25.952051596048825 -12.095738229259787
30.84112791826422 -2.7979842147634635
16.144978872212693 20.07350121412218
11.65843032782935 1.794740048092411
0.017185849117359098 16.1708643630862
14.928396385942285 23.727572070026547
-8.664698656750094 0.7040254088726066
22.229773024376584 26.77698359334159
-4.9654420232892775 34.29152141727018
-6.9124824630700665 25.044625881187997
-3.695689093921864 -13.928045654527331
3.8027844535425643 0.5871634294933887
27.95869860556121 25.74566654908984
29.044335055540394 -5.947298382745828
24.10151867530074 13.593790860582715
31.81882701173165 30.085090606977545
10.28675234166139 -10.088240116077504
34.15565694563594 15.28579192036845
-9.056245717536319 23.927315674612508
19.49039872283781 4.531770900377698
34.32923261527665 -10.153072569200125
-9.528220607026103 32.187516852289576
19.96841900359911 -13.317556536809448
-7.0428152608589345 22.44789345609739
1.823703332473773 13.495491964488895
3.0700267636944787 -2.97077756717721
28.246103476825795 -3.390656484017816
5.821850389091967 -12.789082359266132
29.795924517199005 6.59355202056447
22.40406933950272 8.326416315176107
-0.6564182454777274 16.291642089670095
0.17792943176176657 21.411578607847304
-2.576621459006688 2.137519686724552
3.8039349253010144 33.89608008282579
29.856005640605886 18.11238006544744
-4.009602124927445 -14.806898047448788
28.77212901762021 2.9472118512364958
3.993565349264795 -8.252631821661803
25.442006330839966 12.417369474395858
31.207579213447417 31.272870552779096
20.225312628015516 12.365607469805813
-10.296613486966137 9.016911323266442
-1.1146707231807582 13.08341115000265
-10.740973052895061 17.97532702581519
5.141068684559254 -1.6766152936854333
28.05591866286168 30.362011346492118
28.484837890514996 -4.3874162784559445
29.039468513209137 -0.12153609140484889
24.4794762535234 27.555705219088694
-6.337546956980075 15.694376615278944
4.495484835744975 15.79256523672786
27.43818289622763 0.9275231064843314
28.227977467014007 11.631494663724553
10.414614047103584 -13.635029001479985
34.17577338868584 -2.7173603016058063
10.397331018225326 19.83987864342408
24.87868408638446 26.76067926662345
18.539187141453745 -5.487803395191314
13.656657011713339 9.840056264597916
12.39459447495529 28.956977378222092
6.825418183031374 11.749140709929325
13.089617904814634 -6.530907706883674
33.599454180785884 -8.29042836960852
15.996814474412286 24.99800298759743
-4.552882828669755 0.09440842499342139
4.402840359153949 -1.0851413251935096
-5.26867588480032 6.546868574475958
11.193998274057012 -1.7861811753834864
-11.231451931400052 -5.469018990289168
27.27566475275721 -7.273707726638171
14.787092318749636 -3.7238982577039597
17.699871018049073 -1.9663366618240783
28.29851455901641 13.731548110273263
30.0169199705217 5.691802077079814
-14.23510843937805 7.879300351140149
12.721541157739555 13.18381385480458
2.6825383870508617 20.80448768601633
-7.375308506727366 -5.814280656641932
11.468849879957656 16.279214008396394
21.050183839570956 13.974429669432528
9.166868023627426 31.162006080213246
21.861218232865056 8.42065833825091
9.129706402213447 17.547588789695432
24.30206523572941 23.807459846345893
31.632886046373812 -14.658141927877258
-14.483294963861502 -10.946590837047484
8.280705415633001 15.969098498749386
-7.342888505016396 -8.019311339625016
16.09068762385648 34.83784919707915
18.974251145290992 -0.07741738685083988
31.86794222998126 -0.18077358829171963
19.33341787724138 -11.158267950979953
-9.025930610354214 5.480554136066591
-10.039276953014445 -4.296889523262019
-12.249218526813491 12.42377250593217
25.845376644272697 4.223258708952724
0.899689419699186 4.968189507213175
18.429017795819796 13.81508479794083
33.16631224051654 26.502714003706778
-0.9584912351063828 -12.735540015387212
23.735730105149813 26.302295726561617
12.900919653196869 1.1998445616992512
34.420054254920494 14.312037925602407
24.283356320974548 31.03682931491374
-1.2177114064260621 15.077350834501964
19.66317791612846 7.452662668396705
-14.877859610386228 16.33189525309224
-11.737604479406446 -3.397778614172184
-7.785283339217922 0.5821152510755674
11.898284729879201 -0.5911402239816486
2.8545886633494177 26.428473969780057
11.335803387102718 9.339152803197962
5.920312272135767 9.064912343639676
-9.080826547746693 -0.039869641273652334
17.751275474847482 28.50523946298882
19.701906126561646 26.20956162200011
-10.629353075410595 -1.112075495227847
22.445636180603785 31.691263594654195
2.182283240988511 22.63138003692127
3.0167786776648917 34.20007959409086
15.375231451110317 13.78455706918373
13.934580671065348 22.564377268147396
-11.385220767742315 4.780619036395631
23.177094605661907 26.12108919711673
1.1808783769789244 -13.690867279113531
30.721521129793317 2.0651720932415003
9.181220823656734 14.426140455499493
34.9068955356712 13.349821729690138
7.176552443152314 -0.033604291394649266
-6.7842956704667365 -11.409716307215753
16.725706356520213 18.75743941106346
13.967047341317588 17.124800166141924
20.818857504976812 15.112035045527929
32.073683549265496 25.503090361501663
5.2959260211250765 26.51322024683266
30.774381849305875 13.314585775143332
28.17899442488136 7.6063988551408634
25.304768083948296 -8.897228872697998
-5.732243165463316 21.76704058231097
34.36839322285616 18.053769217873217
-0.2779254797213788 -12.773882814320974
15.907119812053178 2.3697149843878513
-5.0734795222397135 -5.618056364439592
-4.6784028267557325 9.561765117096328
34.79666349380187 8.861241387625448
28.23598321589963 25.182138866317416
2.119520495315111 8.392268937155109
30.983303714054593 -10.131111970463579
14.384619079048129 11.471157509339871
22.44059901350157 13.350920144315197
-11.601806999777429 24.120665060134193
-5.670043910979626 28.748640058761026
24.818898717177902 -8.13728658511467
31.91583090806607 12.552952960690924
-9.250211047529165 -3.818142141475576
29.591559088458233 19.281631689167682
30.111127935485598 7.80652556122984
-5.588036050958525 30.039563751752624
-2.0250424475393967 14.25267199264287
-9.340516072622972 29.085499274296538
8.379483866030853 -6.051948460289356
21.693898597082296 5.500798673366859
25.745432707033892 15.692851716570267
-4.251614064356948 27.19487058648601
19.331818295677564 11.700426951877127
12.929446191587441 -3.8782735957922725
23.520711629868345 31.046639204105837
20.82776865769656 -3.6971108780875213
33.97962105927671 19.187380301931462
23.69149608376872 -12.628733911835457
19.712259716164198 2.804373274928693
-14.032841372486779 25.218389123754534
5.402324503754599 6.0796924353087505
31.180876201876345 5.876939761571695
5.200259426159455 -5.1280226921004175
-8.501330548702994 -9.713267785722755
16.777320851893283 15.319056724421227
0.7165032303047845 -7.581314952141208
17.48370018041699 32.6980793474748
24.525016664976164 -9.026882129897565
-8.538078264980733 31.13960253463761
18.54377945276574 -7.9237497919056405
1.8173950040117433 -10.91028491612591
8.973712220355083 -7.599017559749291
-14.879747201520674 -0.9561724709200057
-2.1691055375222454 19.32455900556642
18.178355801860846 9.810925831599334
27.953023372597798 27.35479751769443
33.252411373947204 8.72179920394893
15.901577074008884 31.98558011544948
-11.757257345458076 0.9696768303829284
-9.135380006645663 -12.809753350837264
14.012612060497212 7.124968205896327
9.440856317509386 -9.988496519810534
4.741585501827252 -14.497946167548262
26.731843809449735 15.628939037965104
-9.87601635213716 11.011360457218753
26.431641981545745 8.444975340402905
21.973615016919 8.547428438073194
-9.207324471114145 21.49003458122892
19.22670287249884 22.908716533174953
7.399993545788828 12.185733995531582
9.239171405807507 13.518054743861999
6.579548986699308 14.269766167923812
-2.7019998629807507 12.13757313501247
-13.230711925622499 10.370863264171284
21.93051837388238 -5.626016362103945
2.4599718170554574 19.775772163634024
31.061356340990763 -8.09784078676433
-10.94573003013906 34.119628048033306
-7.378378084170299 6.006575521642677
32.12117058286889 16.26122721371707
9.956668123360572 13.064022102155867
-5.126776260140723 25.14408729599336
-5.8656466287563465 3.014033753794923
32.36405845757021 14.603170172686127
-13.602083685800302 27.256613397725097
34.86944885265514 -5.440195148712377
-10.462765211624623 16.33636602230549
9.103535297109751 16.349834869958737
4.2802432617666 20.157063178944284
-5.11022946004646 13.702385124675445
-0.9104673872490352 32.16268615666626
-7.002714768649657 -9.675777493722412
5.175032565479295 -2.929224782303306
-4.849007700737344 -12.930072362460159
26.85255200285073 17.258810428195048
-1.828515369772802 -11.505704801479991
-5.803157294305736 7.116978568296609
10.27639980588209 28.675818493548945
3.277677977429196 1.5434123689185597
20.853406298378914 23.89998451982796
-8.230355264291386 8.253317246098526
11.13862916411599 -12.688707075325498
-4.897244432496059 21.563268812790895
11.116388830360126 29.08817898510243
5.430047312282678 4.073047061140301
31.515422376803258 30.583035826526185
-10.868023537285936 -8.018747237413013
15.47986537637345 -7.340458799497616
17.746601328625587 7.088294931744773
-0.16223083891518186 -13.574134375071809
4.15835356203668 26.103017619499155
32.1494224694537 22.153442726477856
16.69076387700428 21.867568588439667
2.970130493283353 15.379316955907775
2.913175457747311 31.273533482519916
-2.7174781313677823 17.65127038455352
23.291236412334314 21.747632195573473
3.8697095718545746 -1.1920054481547524
19.005687252496514 32.30298849525388
3.296875727970086 -4.628531583810389
-6.624297356359975 21.10964290602689
-11.964768918373956 20.62737580137683
2.2661887137774315 15.62980660721955
12.744508807616974 30.39405873859051
-4.575353121104035 27.693499428087044
26.128590131105938 -9.262066744858242
-11.644015103812542 25.114944655107735
27.859411978477027 17.357186068649575
34.702430829738624 0.3395989703329292
34.95943330466564 -10.849809456258672
9.140478208617 8.957612959864555
10.111138527037035 22.161667381399603
-0.1140368467535815 -10.46474022556437
-0.09038350667868045 6.388552646501115
-5.368884576675423 31.38012220754922
-12.202081527863177 23.332240403935423
27.59721619452346 0.10291536097780885
13.7690586208108 8.468848950462718
21.867645975075256 32.84584863598513
-2.1109936578871817 16.458643445719925
-11.659382371958614 24.789104213908928
31.051806706884072 2.019160963006751
14.070135256826251 30.559003868332596
-3.4045184190786806 -14.743058498029097
34.53982058557625 28.006283660638793
-2.09812246048752 -12.249509300585668
7.70081265564297 -3.6230346038954178
12.939714304665053 30.563119340064695
17.611270525107585 10.792751923305996
34.11754818631332 24.38304584394301
13.155128939308682 -14.505981293867436
1.042312635539151 -10.036449381389504
-13.58713308767576 13.501192965707123
23.130887237787164 4.873090083205135
-2.7831294816976637 14.832839120634645
5.817710066245272 -2.258728992485606
19.61954892410379 28.11184841318277
-10.492451989817013 29.823904015346756
24.83422591397563 -0.050569087050053696
4.24918157319707 -11.732906330039793
0.22970798325541963 25.809182151796072
33.0521421409518 7.22735048284898
-4.304775225630861 23.60528992132801
12.85262859497199 28.456594486033055
-11.656420177046627 14.316415755892216
12.348979623128443 0.5984686833641195
-5.0775328840825456 1.3752471017631471
10.813857926834572 31.269959366764333
-2.3422865272604216 -6.507523973268601
15.235977907565836 3.7832770674294203
24.915163422025017 16.610705287810077
4.49858937480165 -14.175620558473792
10.814024126020403 -11.171698083606454
31.642437586444203 1.7335667034373579
1.4885133563421817 -5.48238991684816
-3.453460536195145 -10.438319445399122
-4.233595684578864 10.735693519467223
23.715850493349713 20.776627940798917
-10.996093292264028 23.008677060572836
10.430045431790116 23.48471676998262
-1.8369306158895355 27.330973948261594
34.57344933511888 -7.015435133083045
13.017137978052276 25.254606922166012
7.979540061731424 1.9006643830281966
-4.730772487036909 -2.002342848161735
-13.17045225538571 -5.97330099076712
-6.756492833328107 -7.932610847755353
-4.629265589199985 21.63075043406573
1.5953593773084158 18.060931945826752
25.737248779182806 30.677207992273793
7.1831471820800985 19.34343450133153
27.96229851515794 22.266048823664477
24.769264556554347 29.97646356671637
5.764156029806863 -1.3424945200924387
29.111491229293186 33.12337319947163
32.717457719239626 16.277285559604106
-3.140094172032086 3.646908814275399
15.038280587159765 32.26733765962911
26.516357171170014 14.088772740070496
-5.963250377748494 27.837999439649778
-7.692912903321317 27.56233605174392
34.04214123058154 15.571159084686357
12.888972428284365 2.9313067808959268
5.146348909538965 15.826651338928258
16.48706187534918 31.31689133014796
21.591232572929236 -0.6216763665996812
1.558175154227932 8.541816763360838
34.81910020073343 19.700023663088857
-0.6731984076645698 30.368280309583767
10.91425496677559 20.109506607421658
10.614617095189057 -8.474407774581708
15.406902707590195 0.8352960184243443
14.824157689704784 -1.330838270888977
30.468446453354403 33.17034301056954
2.999991126761948 1.0490701085490954
-13.181855228942204 -6.641336236455567
-5.111933094493274 -8.728984748533616
31.96552326249852 1.3719606633875259
14.65167154237307 -14.807913115935904
-12.257087209176635 24.74904277134558
28.827329345276915 34.327595946293066
-9.909848106194712 26.051721677561403
-9.12011977724248 -3.99878234459751
-1.7025589180593474 33.27347877345834
24.305727283405055 21.053385362241983
6.874466579341139 -6.547307627592712
16.1425054131592 -0.9064297164542516
-11.771756440345364 19.2856926621861
34.4305015148969 31.2830468812948
7.90750172167651 23.92573015865414
11.389760960524171 -13.616746503375353
29.29590178400155 8.679734479852971
25.906181613753702 -14.91211931137905
0.5415839824020026 -12.935906776762705
24.05184996702623 19.873661928054496
1.8501582188371195 -11.137453623850533
24.47281499760026 31.949467167925732
-13.432621455456248 30.045868136947888
-14.342088371086678 3.32995538912337
9.162664732373244 9.033199596472283
15.343232406737592 10.999534250113786
14.388870737942206 -10.311505709092554
11.841225453734559 0.8591655971213168
8.963643285381448 28.2068121816394
12.16224256089869 8.604556143510553
-5.086583486241272 15.899865269355981
30.805922977004556 -3.002305230628753
31.464312491189105 -2.4917562551471804
34.258564296635264 12.967299409853169
22.120094976101903 32.395349148257864
11.584393597027784 -6.630445559039503
5.106434755241747 1.9687878587104422
-11.397068609337339 18.411261813176182
-6.626335006293747 -3.260868229425382
-14.516369858219006 -10.429965126797716
14.305415799198876 -4.6465401679170775
-13.278473306630488 26.2426053156901
31.82738988927928 8.629042234795548
-5.851108407624309 -13.854191656969398
6.242299306779078 34.46398793019071
15.428993618971674 21.60248202648429
9.30991088218024 30.558052688321773
0.5290849083900557 16.107470047660158
-5.1468365941354985 18.18764874912867
-7.801510143012217 -13.779460083336145
22.07736513456787 32.983657470516654
32.370583912364694 -1.904962720956508
5.847332955957842 31.755225756021325
16.26123250849149 20.96233407162743
10.355162362872885 3.4441727659233443
9.302018612955127 -0.2306654549854379
17.077913616264055 4.561749473676109
4.539824947161939 11.203745140003626
10.93986593118914 -0.3903731179866057
6.381687407516566 -13.158529838662501
9.021844746304684 -5.482091776152224
34.40277800220439 -9.563753170367942
-7.633273499537339 2.6918406767173195
-1.2678391177594097 -5.010404595358946
13.770737048426682 30.313880646389016
24.350003074330367 22.04468614961096
0.30298045630113535 -10.282925534010026
15.527968284596895 -6.483099971409382
25.082655181074628 28.902167557944196
11.36945548832692 9.09386342421423
8.083526335533065 6.0601500492625995
34.44318890125773 11.07612946897856
-5.350459978782387 21.754407780546885
-10.369915100184654 11.452539443537848
-8.222919296500866 0.4250092052880934
9.930374355160662 26.32129055181654
14.035744484607296 29.174796594565038
26.368958911802537 14.91370023248686
26.198292247621985 -12.345525768388868
-13.276347118772971 -8.281228378086533
-14.305411946181415 1.2469359818651569
-2.751857330601757 27.88629935746271
32.39898966117242 24.247115563616298
24.451047360274586 3.337376462363814
-2.0531458269738714 11.559743364950624
30.450281591136402 3.5522417886466684
10.319940235355126 10.64674277538699
34.75635507637824 -7.425283053691393
-0.6983136612321275 -7.690196101328942
13.390529417570935 -11.110063036137872
34.605864742731065 -12.52793685220389
-0.7430114183856951 -1.957378207507329
9.095152888044495 0.3248845505177531
13.518389511645655 -12.689224675686647
16.502160495904235 30.694804445827863
21.62672082069671 -2.241415727710258
18.559538696754657 11.425795563911077
14.286566135321468 -9.02474246557082
27.708207232172143 -7.477640281112677
-9.504724848351273 20.020162052232237
4.484133625670225 18.409971687883903
7.0209533560186195 12.248923720342528
-13.265742915311726 21.175622009935935
23.679942263317542 23.324636687205334
10.894226142951837 -4.496812412717441
34.58950690778649 31.652047771887467
18.276926415397334 -11.226015315703517
2.6277392465843015 31.479093743709413
-5.1779111287716155 4.970267717913416
4.118997384244391 -5.020675376918236
14.769605121709109 34.10516751253813
20.56049168434116 10.47931631528061
9.024348020506359 -8.725542861021383
26.707536989591766 3.9654192586792227
3.4500641513160986 -13.093263553015596
3.5029845817854195 34.30667652188233
13.835001155796391 -6.016791691310301
-5.396992897820422 29.08243647127307
29.1156923916335 -2.6231216650932954
25.29752784830341 1.3411329548090336
-6.623548035912627 0.5892984473811218
32.95996461642597 6.140775527900836
24.608558419350842 -10.675075277123668
34.11235102051833 -14.221177028096214
10.62436049965266 10.647049616325951
-8.888281946228226 -10.819158970362285
-9.829286657370531 18.97919036207039
10.584795049962857 25.585252700775094
-10.179451529054948 34.67400047106778
-9.824568192280307 -7.694406749848501
4.268496359562121 26.217511731289996
-5.263335037741616 -2.0093830710407303
0.9959189911376694 4.297053130045089
11.308349296887762 15.450173618788124
-9.008801231289224 -6.3722072066002085
29.93527929622566 2.7403357917051814
33.573936560916124 19.918754443797695
30.959815278325756 -14.919224447551208
20.236810370133917 -10.8991509431376
34.28602491566626 -4.560576540558417
33.11813220157441 8.794816103516702
11.061497599396542 -0.9301979765884631
13.51348078114384 -14.70377512972518
27.66861547944348 12.273681434774062
26.820452865494964 12.549362204694305
-12.132507678502328 10.482452878675964
10.605583461926408 -11.640209801744998
24.01292248249066 20.564681833743876
16.81961052059433 -2.6197638833743735
14.99187102124236 6.3426272523108125
15.381972652749127 27.342426113964912
8.150110050995853 23.795864836882757
18.75750030655073 26.396907169470396
2.4850277793270834 -12.238659585290748
13.255038366366954 12.797654335383974
13.686635100948422 11.294055670743681
-12.294716928618735 -9.663969470194997
-4.606910554319374 23.71502113762648
10.478592836650847 15.87119138408329
-10.750031505595906 -13.448411051858425
3.2548044872460835 24.339684287734805
-14.821851316291326 5.744790886706184
18.557007009935077 26.461006835291755
-10.441699912227335 -14.07544868298815
14.524748423469443 16.580457544436335
32.71484658190994 11.508460457619886
17.678367306109145 30.946061552374687
-11.61936058655905 23.978017903203465
3.2246399213976957 9.309881226832914
27.88043068097965 -2.1050031317425866
28.58070504905072 30.30323338383372
14.371774021449127 10.749338492970992
-7.767875714113707 22.814750110878535
17.918337001193642 -11.143078490723822
-14.59732969679621 34.07218611238764
13.808729615188057 31.897466162108074
29.632885625268123 16.6432123275882
26.13501469107534 -12.71852968786785
12.04671804391906 -1.5383649653016125
11.514030797329745 12.586687273141724
20.786456941090343 -10.900710641893578
32.77754117353048 15.595602632707834
3.3067237774857787 -4.949572585530873
31.343322860830327 20.280185951872113
-8.49491005758192 -6.494575930530752
28.57871398290427 -0.43416472400921435
-7.890052773817095 2.054332417744039
10.796033884650623 -2.710980455511688
-13.683117217366057 4.792636022781835
32.0585700973662 9.121069474220207
27.19572656347956 -3.9754058453753167
-4.5880161558506085 -11.249371969688035
5.4965708822589505 -12.085816859015566
32.817946286522435 23.802986228780725
-1.5379234533168997 19.13271289005921
17.61025947072426 26.168787391986015
26.945496764191383 19.487537956368257
-7.228842444380815 -3.1514812885512136
6.985393012507014 30.86916750031037
1.3490909644293652 10.292053721673785
9.49102847138883 10.705549227477224
-5.187646097785162 22.414246252539023
-13.526014359796765 15.748732654832018
18.288315182370468 -8.633405493462163
6.780039372175743 10.11515872428081
8.766628396171619 14.032835383438215
24.84051741211703 7.447752272165687
-14.95932369530885 33.893819155633956
-7.965273046318458 2.4709900816638246
8.495323992631445 -0.09084019340432725
10.300489510379627 1.4631028028426947
24.80021925509118 14.737407159083993
-1.892472004911948 27.05897274490529
13.28038296669077 -0.8598682421993047
28.396411622434577 0.9562509548554274
5.673361526031357 21.22822485767547
-11.557393341569636 -4.32072030000549
6.259842916943221 -1.5516506092325884
-7.003621656179336 29.25418932236105
27.827270177450124 -9.726213138750097
9.344016950983612 25.458358417086465
-9.40760786861923 8.016237409846322
-9.324498400461076 33.53237110876214
2.9656681611895017 1.9920641489142774
5.426887376147739 27.779762515386174
27.07112541136648 24.865833303491748
-11.950897940917475 19.587372009183568
15.34599135451639 8.057084811477473
8.723910061000069 26.164477419301114
-3.5599085803150725 14.083787032122903
-5.205695511763501 -12.32406373816513
5.8743365531547305 3.1277245698128695
33.84948901991603 9.00523332305703
-5.002482216959134 17.489241599779632
-4.11758152636191 -12.131382708920766
19.803016738793076 15.486207919375406
8.59138489968474 32.822853384476886
-6.754969608954212 10.775661369026139
-2.9552617433963118 -10.207985559677638
17.381599221537556 29.830005131495554
16.024726755043453 -7.286663984177098
11.828542457619648 29.535928581504642
-6.4359233800884414 19.012870016661722
20.67431660137644 12.34294009325794
-12.7603030024013 34.902747037198544
-11.86714015789496 25.72838574727747
-7.778743446669404 21.829376940291247
-10.200446991356568 34.35180304738924
30.841283473145623 19.42589411641619
24.99693890543473 4.095863565338867
28.920540093012015 11.096837275618594
24.62498512440868 23.368997751747976
22.920325348083757 11.018258495814596
1.2475137578894255 8.938942122973017
27.329075592265994 13.83712967067613
29.88788436409289 21.41221184378479
-5.43079459145787 10.966447388874226
0.644779297420575 33.05830885183858
34.822352147509335 -8.903122404068622
22.33087074512101 32.393157125431756
-3.948871127036089 -8.188570091116846
4.757188359241429 -5.696113711636201
13.817144933685206 -13.234194338064245
7.037441295944156 0.4209022580407087
-9.44251057627799 23.55827280360249
12.330058046759433 -8.72316724753063
20.918250329743458 6.155784848385974
11.466651856024058 10.625716380797808
-14.094564441440442 4.2032755045297705
-13.12334296685355 8.974205704644909
31.662672497958027 -11.591378042690396
1.6146806870953192 10.251135923276397
8.803502656777525 29.12057934509516
32.56553118794265 29.820402591172723
-9.615094383856258 20.568090419421367
-7.432207480769763 9.47372935262274
31.43163350273683 -12.413050229008647
20.004664637029563 24.46617498892096
13.979681719755824 -0.6033862952540368
-10.176305684827566 -7.495676354008549
24.79270476847116 25.184696371437546
-2.4596289486527176 13.121723300841921
-7.6391585801271455 10.554975678460995
31.358625995509115 0.30043325734328263
22.50277974240896 1.4292559631802462
15.53338884266373 -6.101700793738981
7.635681579471395 -9.467086843495624
0.9148868993119912 18.475538499402816
8.215352267814637 -0.6829123606066787
-3.963451155839385 12.53368019511085
24.692752791697956 -14.393235996017232
24.73578408845394 14.499486518051292
6.049572793100712 16.90311194137822
16.90535214008094 9.166831613573304
1.3708044613077135 21.573181690046006
-3.9333122334394925 -4.6707361021497675
27.958780345274263 -4.232138527895955
15.667639854062102 30.58863455931757
16.476217975304817 -12.62984472904272
4.54052476342892 -10.291918308089013
10.535870002870691 -1.8016565998385232
32.273294940972036 29.53252014541635
15.967424940474615 14.605732321050816
15.528888259458657 22.721681734763273
20.950673689511788 10.12461318385899
-10.246234245894108 -1.0721497285838861
-4.190580928429242 33.251341241144324
-3.4481407358664367 6.163559011112326
23.202201549940227 8.198561758151136
12.479443913697228 30.553999688474015
-13.134444513299169 29.22457587151849
10.647027028281943 -1.0941649043092117
26.65030372859649 10.161564947770515
28.314845805866256 34.24417456346189
2.7234149905578633 8.08633929179192
