0 0 0 ! 0
0 0 1 ! 0
0 1 0 ! 0
0 1 1 ! 0
1 0 1 ! 0


0 0 0 ! 1
0 0 1 ! 0
0 1 0 ! 0
0 1 1 ! 0
1 0 0 ! 1
1 0 1 ! 0
1 1 0 ! 1
1 1 1 ! 1


0 0 1 ! 0
0 1 0 ! 0
0 1 1 ! 0
1 0 1 ! 0
1 1 1 ! 0


0 0 1 ! 0
0 1 0 ! 0
0 1 1 ! 0
1 0 1 ! 0
1 1 1 ! 0

0 0 0 ! 0
0 0 1 ! 0
0 1 0 ! 0
1 0 1 ! 0
1 1 1 ! 0

0 0 0 ! 0
0 0 1 ! 0
0 1 0 ! 0
1 0 1 ! 0
1 1 1 ! 0

0 0 0 # 1

0 1 0 # 1
0 1 1 # 1

0 0 0 # 1
0 0 1 # 1
0 1 1 # 1

0 0 0 ( 1
0 0 1 ( 1
0 1 0 ( 1
0 1 1 ( 0
1 0 0 ( 0
1 1 0 ( 0
1 1 1 ( 1

0 0 0 ( 1
0 0 1 ( 0
1 0 1 ( 0
1 1 0 ( 0
1 1 1 ( 1

0 0 0 @ 0
0 0 1 @ 0
1 0 1 @ 0


0 0 1 ^ 0
0 1 1 ^ 0
1 0 0 ^ 0


0 0 1  0
1 0 0  0
1 1 0  0

0 0 0 ( 0
0 0 1 ( 0
0 1 1 ( 0
1 0 0 ( 0

0 0 0 $ 0
0 1 0 $ 0
1 0 0 $ 0
1 0 1 $ 0


0 0 1 l 0
1 0 0 l 0
1 1 0 l 0

0 1 0  0
0 1 1  0
1 0 0  0
bac

116 - 
117 - abc
118 - cba
119 - cab
120 - acb
121 - yxz
122 - zxy
123 - xzy
124 - xyz
125 - yxz
126 - bac
127 - abc
128 - abc
129 - cba
130 - bac
131 - abc
132 - 
133 - 
134 - 
135 -
136 -
