X Y лю
20,52353847 -25,63104987 1,81578
7,780627777 -13,23475202 1,03372
-14,08572288 -19,78167073 1,96212
-10,28012897 19,86017223 0,77911
20,27650745 -28,1663219 0,13287
21,47824843 -26,75982922 0,02661
21,36003335 -26,54421628 0,80326
19,82449264 -28,19238267 1,32226
19,93536882 -26,51526187 0,71114
23,96369421 -24,37381562 0,43009
21,62458667 -23,18664529 1,82784
18,67840701 -25,30189352 0,16184
19,17547 -29,09261912 0,20149
20,0011525 -29,21607018 1,90845
20,86324111 -25,2905995 0,08096
17,26214433 -23,78243481 0,68181
23,64061226 -24,06030926 1,21468
17,63938382 -26,70386595 1,1187
16,76902658 -25,47617102 1,51541
18,98394376 -23,04701139 1,05241
21,24817031 -26,16844809 1,0314
17,78109371 -26,41450123 1,08918
17,24727445 -23,41498788 0,1314
19,075095 -23,59169529 0,60672
16,83554704 -26,15774907 1,73093
18,39129692 -25,53093503 1,63937
21,95668906 -24,64201746 0,74798
22,19810555 -26,00398327 1,15557
17,47115222 -24,74098167 0,13572
22,39625167 -26,21001277 0,27198
20,27804331 -27,9910636 0,90031
24,47391617 -25,7966387 1,0318
21,80025465 -28,28756066 0,39232
21,64572737 -23,23500111 0,50892
20,5713397 -27,44567732 0,4585
19,21587388 -23,93577942 1,47327
23,46237703 -23,31867161 1,42154
23,1954468 -24,47932003 1,92865
20,08256994 -22,1858277 0,39987
18,42217763 -28,55780439 1,47477
21,33936502 -24,49899723 0,31541
19,11755834 -27,16841728 1,93032
19,22679883 -25,39790217 1,25112
22,16737405 -23,26940342 1,5273
21,71717019 -23,40123998 1,42742
22,16071253 -27,89710859 0,97729
23,90695703 -24,29117915 1,16714
22,09787384 -23,61039154 1,88411
19,98531832 -25,10739745 1,9164
17,32397919 -27,64834392 1,51797
17,97259091 -27,2728707 1,05663
22,71029474 -24,66483623 1,24786
17,97513707 -27,6685145 1,46782
19,96053779 -25,99780817 0,41761
17,00062906 -25,60197573 1,03442
22,10274771 -27,86936861 1,26202
18,98183415 -26,12557644 0,13769
21,46719061 -25,89472897 0,30825
19,55557267 -26,29805621 1,22564
23,84286269 -26,1394444 1,64394
16,90058437 -24,26824493 1,10481
17,57596994 -26,54663101 1,4291
20,8972125 -26,4830447 0,93508
22,05048676 -25,37816914 0,56409
23,6161049 -27,05593265 0,56541
19,19189943 -28,05377539 1,52609
19,3971121 -23,59769115 0,91009
23,23406022 -25,28053431 1,86937
18,96925778 -27,73140247 0,04733
20,08123501 -23,16608154 0,88766
19,96918723 -27,34178275 1,53036
18,62602424 -23,02330441 1,8666
21,16343658 -28,56526985 1,47022
19,32774161 -27,97708715 0,23939
18,88682192 -22,21899155 0,32383
18,74372376 -26,87238057 1,23805
17,72890024 -23,55134282 0,36603
18,84193026 -28,78436226 0,17129
22,67879429 -23,66293613 1,21827
17,38764808 -27,96904982 0,632
24,20492256 -26,51381495 1,65958
22,72036121 -26,55532366 0,10309
23,68639836 -27,97348637 1,27024
21,82631521 -25,14484452 1,79013
21,04844305 -23,25173666 0,10843
19,08921156 -27,56995621 0,97612
17,98996338 -25,95391248 1,45165
21,78733355 -22,20007471 0,34862
22,07367805 -24,42135568 1,43367
22,91589604 -26,99659426 0,31606
20,93307615 -21,78555024 1,1758
19,75344292 -29,31675303 1,04094
24,05091878 -26,71826419 0,0896
17,18684664 -25,55925084 0,7335
19,57746302 -23,8009599 0,97419
22,80303426 -23,19278389 0,96501
23,9308417 -27,04438344 1,66709
23,6871598 -24,53555808 1,89838
18,08362916 -27,04005732 0,50702
18,94827161 -25,09822639 1,20933
20,61758035 -21,75508314 1,61579
21,20559636 -25,79709168 0,86861
22,64652123 -27,00156025 0,55523
19,06109835 -24,22725682 0,65538
21,05032914 -22,80248116 0,6543
17,07978093 -23,98475672 1,04664
19,72994209 -25,09878537 1,31609
20,53721492 -25,63078999 1,42748
19,40362743 -24,98978351 1,32027
21,0858551 -29,05697673 0,17809
19,63982566 -23,45459109 0,22954
19,30067583 -25,81530112 1,74701
23,59959203 -25,42625878 1,88146
20,56493561 -25,34866885 0,57863
22,28601913 -26,62817073 0,09228
18,47726501 -28,04745673 0,64512
18,33072338 -25,13104574 1,44195
23,86575139 -27,16480596 1,54639
19,85814282 -23,41324762 1,94969
21,17938077 -28,1149152 1,45382
21,48260724 -23,04791496 0,55219
24,41406494 -25,40550192 0,73379
24,07699333 -25,18953633 0,21702
19,80091147 -24,98506954 0,79124
20,90058142 -22,21104719 1,70726
20,87696566 -29,13065477 1,76549
21,43844592 -26,86459482 0,65744
20,68205156 -28,73395451 0,26642
20,86166441 -27,26242558 0,70708
23,82861526 -26,22559922 1,02278
21,19733433 -24,2198948 1,86272
24,13915994 -26,68774891 1,09753
20,17279097 -29,09976836 0,39382
19,55395119 -25,40548637 1,03782
17,50511054 -25,53532711 1,19302
20,68312744 -23,93021388 0,69367
19,68766362 -25,90978942 0,16368
18,58904651 -24,28837486 0,56963
22,79825454 -26,55372816 1,66851
20,32666453 -24,23993814 1,53491
17,87642251 -24,63898119 0,90094
17,19000433 -25,29740068 0,13944
20,15238515 -27,62748155 0,24204
21,77034526 -28,99323363 0,59383
18,56571662 -27,00405884 0,5636
18,68081337 -27,3477693 1,25284
22,58682815 -24,11381561 1,52061
19,58292476 -27,23754308 0,0652
22,06796276 -25,03748724 0,22279
19,45086855 -25,11522031 1,0671
22,51437693 -26,07965874 0,73137
18,00428458 -24,93316761 0,65635
23,72295616 -23,36740633 0,90501
22,78681318 -28,89393893 0,97107
22,81761246 -23,09444187 1,78361
17,02483179 -25,94786139 0,26778
19,09394055 -22,96780026 0,74324
20,2243852 -22,70078174 1,58345
22,23536816 -29,05128 0,66181
18,99756102 -22,86949029 0,81029
20,41122232 -22,81085751 0,30772
21,72205873 -22,02896195 1,77762
23,61854107 -24,08338455 0,90734
23,59334204 -27,85749102 0,13262
21,00615473 -27,063857 1,70336
22,05148472 -29,22214055 0,27375
21,27942078 -25,74170152 0,08163
23,16161389 -28,61050716 1,00242
20,00712106 -23,92076116 0,0747
21,62736533 -26,43232737 1,60615
21,45719149 -22,07538191 0,57897
19,34059646 -27,5747453 1,91838
23,35733929 -23,47094604 0,88411
23,92688663 -26,85736228 0,63775
19,39410453 -25,73833473 0,99037
23,5587871 -26,16903976 1,6901
20,13183093 -26,50776013 0,00207
19,87537231 -22,19602305 0,83132
21,68139661 -25,31941293 1,65478
21,70725766 -23,12981305 0,61815
20,63820768 -25,49876383 0,46648
18,3585451 -28,66455348 1,66588
18,20611207 -23,43873195 1,27698
19,52632048 -23,84307048 1,63785
17,78306666 -27,63226591 1,65058
22,22362274 -28,92924389 0,52248
23,98752046 -23,81282423 0,27936
19,21989998 -28,77465032 1,35662
21,34528832 -24,48423259 0,01821
23,44131699 -28,15908591 0,79901
18,91415493 -25,08563708 0,05986
22,21443349 -29,17515182 1,98345
19,96898969 -25,9375377 1,99075
22,1361292 -27,62795525 1,98846
21,56327391 -27,15311949 0,64061
16,96451606 -27,39175242 0,53605
22,78721073 -28,90678987 1,93242
21,18674949 -29,53680459 1,3737
17,25105776 -26,04092063 0,94484
19,89083974 -28,19110931 1,5431
21,36053746 -28,97069278 0,06282
23,06261264 -23,06669002 1,63344
19,23795633 -22,63014549 0,51034
21,09145676 -22,49366579 1,47294
21,09347427 -23,6266486 1,866
19,58351404 -24,68703334 1,27316
23,89937951 -26,77207581 1,87182
18,66318934 -27,40666019 0,00303
23,65481227 -24,47520975 1,95028
17,73586246 -28,34342255 0,52407
18,85351308 -23,42593098 0,57868
20,43948176 -28,228526 1,68413
18,85001423 -27,71611974 0,35384
19,0803616 -24,83766418 0,3133
19,12454764 -21,94034691 0,26596
19,68266191 -26,49978846 1,38534
18,79794857 -27,57557429 0,03119
6,150421993 -12,71316679 1,23459
5,213926495 -16,15609991 1,25662
10,37934817 -11,11614599 0,42938
6,59439413 -15,94578548 0,29803
7,972006843 -15,10741248 0,50682
9,964959587 -10,46028561 0,65594
6,350638327 -12,25443233 0,48926
11,39093851 -13,58494762 0,1992
9,048286642 -15,93139668 1,35463
7,836026537 -15,79885699 0,47055
8,718580398 -12,51503212 0,6256
5,406592728 -13,78131279 0,25049
5,149729177 -12,43920019 0,52454
7,944743054 -14,90931515 0,70461
5,531051294 -14,81627999 1,21353
8,690112326 -10,40206001 1,39076
6,430245904 -13,57755875 0,22035
7,559807889 -16,32488087 0,81253
10,18084036 -13,26817025 1,7051
4,584336318 -10,93653991 0,75184
5,625689905 -16,30871342 0,88365
6,383845075 -9,780250936 1,22456
7,629514897 -13,06135066 0,0556
7,649548034 -9,523920888 1,39522
7,994429398 -10,63933276 1,32473
4,03219365 -13,53237216 1,44166
7,28692471 -11,60969325 0,88312
4,220823819 -12,26400801 1,63092
6,495242123 -10,53060805 1,31253
5,905045203 -16,40819458 0,56139
10,4508199 -11,69721487 1,4097
5,060377184 -13,41542358 1,9993
9,318769277 -9,994727069 1,40958
4,094609422 -13,47570905 0,62056
8,285693286 -16,11740187 0,46182
10,40723853 -11,32353894 1,79398
9,537058398 -13,74844855 1,68996
5,408054833 -12,34529062 1,10533
6,151258543 -11,15150397 0,81502
7,857827594 -15,24649381 1,17477
6,313924464 -12,87076757 1,67675
5,228588402 -10,66831969 1,4062
7,275172098 -11,96976558 1,82405
6,757446805 -15,80752563 1,68162
4,984198751 -11,21943189 1,27728
6,470229956 -12,22840428 1,69523
8,340469222 -16,46538358 1,29901
8,718491845 -10,54662006 0,07547
7,741404897 -17,14637599 0,55489
8,290993933 -12,45578419 0,82435
8,602011827 -13,21086964 1,02336
5,767831274 -9,803834764 1,295
6,634521571 -11,33821032 0,64388
5,537574176 -15,52491458 0,73414
8,867236695 -15,93761209 1,53122
7,899393585 -11,99978731 1,7854
8,976894124 -11,3822622 0,73324
5,481511207 -10,17553074 0,55865
8,267996433 -14,95267913 0,18121
10,89571867 -14,54788893 1,49011
7,878630609 -12,85140503 1,14823
9,157029738 -12,96906961 0,95738
7,776669471 -11,40200598 0,55489
7,957708199 -11,38720968 0,6225
4,522105615 -11,5988019 1,35861
8,617679981 -15,4895484 1,87726
7,33635301 -12,05792775 0,47822
9,21636318 -12,96934613 0,15022
11,07223853 -14,6921791 0,60561
5,01626588 -13,99237684 0,8938
8,89182987 -9,727736982 0,19728
9,219718177 -9,603571782 1,52785
7,922541052 -14,6079599 0,70724
8,016223451 -14,55539344 1,55943
8,247399601 -11,23144362 0,27405
4,911486809 -11,44105999 1,29591
10,55343993 -11,71752652 0,71979
10,24601263 -13,97768207 0,29668
6,804118882 -13,72164483 0,91438
9,540518372 -13,57516699 0,6834
11,20168157 -12,45689145 1,19591
9,564581886 -11,44852512 0,85625
8,811432705 -14,80329679 0,51227
7,392916597 -14,96631231 0,25137
11,54817765 -14,41751609 1,16195
6,976884234 -10,09898456 1,04757
5,682201388 -15,68270857 0,39786
7,272245109 -10,79542519 0,70391
6,945315362 -15,96506805 1,10805
4,191804829 -11,75691716 1,95519
5,252563288 -13,09064978 0,87445
10,58383179 -15,06731207 1,31867
9,127790778 -16,21502344 0,38907
9,238540489 -11,79144149 1,97725
4,711872007 -11,23806222 1,99071
6,812915725 -11,44869302 1,96946
9,477618425 -9,899939274 1,70709
8,164223497 -15,52226508 1,98755
9,407372683 -14,4056127 1,7748
10,616517 -11,82623764 1,59234
10,3196503 -13,42712906 0,06307
4,307107498 -14,14677114 1,57985
7,233226981 -9,947787473 1,1494
9,085334867 -14,76827022 0,04566
5,258268592 -14,71313489 1,16641
8,935691322 -13,79351195 0,95086
11,70643911 -13,50528593 0,07427
10,4655498 -13,11845636 0,04131
5,825194792 -16,61981119 1,1393
6,876594308 -9,447496986 0,06125
8,050810326 -15,57191807 0,31823
10,44840799 -13,79962182 1,21957
9,736531033 -15,90162751 0,60042
10,32628967 -12,47035607 0,50486
4,683854914 -13,20694992 1,65812
9,476096742 -10,3183215 0,4836
7,798007824 -10,91669747 0,94991
6,954720236 -9,608856915 1,81147
6,09334442 -13,16889421 1,93474
4,23372086 -13,81140032 1,51886
7,406408724 -14,57366733 0,50136
7,716513242 -15,2077941 0,29061
7,762599532 -9,529021928 1,35948
9,924585972 -16,48788769 1,24169
7,378598941 -12,72501498 0,28765
7,362059975 -15,96282252 0,44191
7,719710689 -12,02573435 0,34993
8,837839612 -12,3253695 1,91016
6,386088617 -13,61663943 1,59139
8,238958195 -15,60862449 1,85123
7,231116281 -11,66663595 0,31243
5,278458341 -11,80087285 1,95251
10,78850833 -10,92473025 0,35652
8,23487598 -13,23931358 0,8138
10,24806072 -10,32001626 1,49629
8,182192119 -16,15305945 0,31664
5,336202044 -12,40302989 1,21165
9,491449942 -12,32195427 1,40741
7,409586696 -12,30918701 0,57838
8,227341753 -14,95352793 0,92954
7,996487022 -14,00205462 0,14747
4,594321134 -15,42532842 0,27698
9,684172205 -15,13260516 1,18394
7,914832338 -14,56735783 1,16006
4,590579316 -11,49535066 0,07351
5,149554365 -10,51304163 1,50493
10,51332928 -15,87682299 1,20682
5,48173966 -12,33692024 0,03432
9,433978562 -14,06077077 0,8846
9,020042633 -11,40484371 0,74696
10,52088287 -13,90266403 1,8208
9,48175589 -16,29524849 1,88265
8,536721806 -9,366803518 1,74858
4,607730495 -14,92484603 1,0751
10,99565396 -12,40702485 0,13621
10,31012262 -12,20392773 1,16381
9,27412418 -16,3841156 0,0566
7,854399317 -12,97952549 0,29736
6,848692939 -10,76746808 0,62886
8,373473358 -15,96699944 1,74501
10,45821432 -12,65220824 1,52171
5,436883834 -11,02100766 0,50025
9,209218677 -13,96308209 0,58793
5,273583972 -16,02982705 0,3609
10,98830921 -14,75697467 0,67533
9,247919605 -10,47078209 1,11582
6,23172499 -12,10275524 0,30089
9,157100578 -15,38359352 1,56342
7,317801631 -13,79358673 1,20489
5,182132393 -10,79950953 1,72239
11,35111777 -14,0229602 0,7892
5,236435085 -10,5076489 0,21538
6,937184335 -11,58443942 1,90418
4,80664831 -10,57788066 0,95314
5,956380871 -14,07056004 1,03094
6,92124431 -10,76996941 1,00423
5,241878273 -12,82737235 0,24219
5,808857883 -10,72200178 0,48173
8,423478429 -13,74658909 1,90562
5,827958832 -14,46451285 1,33146
10,39911866 -12,17114148 0,78954
6,008412516 -10,04160783 1,12688
7,676312063 -16,2253778 1,16363
11,50289512 -14,6114231 1,36684
9,479574518 -16,20512473 0,75323
10,14972221 -15,85475951 0,17358
6,058641968 -14,75549824 1,9125
9,084959455 -16,79821986 0,3845
7,727843921 -15,49173135 0,83894
7,556002675 -12,83628976 0,44277
7,183979087 -16,44259909 1,21037
5,903129943 -10,21286673 1,28814
6,138247949 -12,51604659 0,08426
8,665972108 -10,53075976 1,36685
5,890899028 -13,57315833 0,3839
9,645624113 -11,4135945 0,58806
9,024090632 -16,85481826 0,1481
4,179730486 -11,59729469 0,88313
8,947180935 -12,64600302 0,11076
6,360884815 -16,83586924 0,47694
10,76649615 -13,36942986 1,58355
8,6726184 -12,14770182 1,1492
7,067162082 -14,86922475 0,86801
6,374599736 -11,60158438 1,05188
7,429989427 -9,801718236 1,84396
9,479845627 -9,678633439 1,27339
8,807322546 -16,66528003 1,88555
5,594199609 -13,8549752 0,84004
6,749214086 -9,856397044 0,20095
7,932974356 -12,17021979 0,41405
6,637443782 -10,58278799 0,43151
8,496241984 -13,7040681 1,02734
11,35080402 -11,56155474 0,15518
9,305260881 -16,27807672 0,76722
11,35911691 -13,15134633 1,12787
6,163570104 -12,11700015 1,67941
7,282325157 -12,35731451 1,2095
7,175630281 -14,7254652 0,62081
4,448115451 -14,62204775 1,0569
9,711243575 -11,70549346 0,46733
7,850957486 -16,76797934 0,00701
8,218603338 -11,72298045 1,31408
5,588469198 -10,83137943 0,41381
4,637382999 -14,26283849 0,17388
9,585195007 -13,31377177 0,21028
5,639886692 -15,07200418 0,86679
8,884669799 -13,14337711 1,58897
7,672212922 -16,86179256 1,89498
-15,75399329 -19,35514437 0,84871
-15,40300931 -16,12009757 0,83381
-12,13592861 -19,36838674 1,58938
-11,0480178 -19,47007085 1,06983
-11,10085753 -21,93988744 1,77458
-10,68799805 -20,59444104 1,68913
-17,23023659 -22,15338322 1,94937
-16,8514647 -19,54795402 0,0425
-11,734612 -22,80853639 1,24382
-15,10630608 -16,02764173 0,6753
-15,60533175 -22,17813739 0,79718
-12,59198394 -16,84992154 1,4497
-12,08329565 -22,50919955 0,89144
-17,95482169 -20,5789757 1,25393
-12,53519312 -20,0834971 0,76396
-14,15074668 -20,10378062 1,62727
-14,71057393 -17,2716145 0,97108
-16,45193754 -19,93516697 1,68764
-14,0151775 -20,6647067 0,82407
-17,0477268 -22,01926072 1,20278
-16,53023661 -19,89950194 1,31315
-16,93688425 -17,49594405 0,65268
-17,57955773 -21,17054885 1,64852
-11,6293663 -16,91175852 0,75941
-13,29769207 -20,01060508 1,69685
-15,92391186 -16,55758456 1,58906
-12,92933542 -23,50739574 0,72895
-16,15361534 -21,85103672 0,18938
-16,49959238 -17,20932835 0,70518
-11,3747783 -19,29782874 1,8656
-13,65674502 -16,60042093 0,37936
-15,08290567 -17,8135141 1,79565
-14,3527628 -19,95807439 1,48176
-12,95053232 -16,1032654 1,49198
-15,17377549 -19,79108244 1,10497
-15,36524373 -17,43529213 0,52821
-14,73180065 -23,53258941 0,02185
-12,46192647 -17,07278137 0,67693
-11,49848464 -18,82756766 1,85094
-14,20328947 -19,07893204 1,56792
-10,44310698 -20,61710225 1,72074
-16,31102267 -19,57374957 1,54761
-14,15432153 -18,3896683 0,53022
-13,44934136 -20,83330967 1,93617
-17,00920098 -21,72901935 1,83387
-14,12749953 -22,36541543 1,87603
-16,47627408 -17,78428998 1,31096
-17,02654945 -21,43543511 0,65353
-13,21248889 -20,885462 1,99478
-14,27934838 -18,59275002 0,52407
-17,06928381 -20,57743421 1,11599
-15,22178025 -17,54198562 0,00522
-15,89752462 -18,77870968 0,1409
-15,73874255 -22,90032532 1,16694
-18,00275673 -20,14107994 1,83659
-16,69386272 -17,11413581 1,15241
-14,5691989 -17,30998499 1,92725
-13,06418315 -18,73437352 0,14878
-12,1211165 -19,6847517 0,17442
-13,86152826 -22,02113373 1,53628
-12,80748617 -17,30114344 0,46993
-12,2099767 -20,84878973 1,94677
-13,70151798 -16,99291161 1,92476
-13,43177137 -19,62715714 1,36857
-13,58097928 -19,45390541 0,49851
-10,54741384 -19,95031453 1,08902
-11,49702624 -21,2494857 1,33351
-14,79538802 -16,19991785 0,37446
-11,29639068 -19,65400472 1,87797
-14,00723184 -20,27975403 1,23953
-17,57362168 -18,93716936 1,11625
-14,48075977 -22,77726949 1,96714
-11,60847343 -22,03523294 1,88979
-14,69621785 -19,63106518 1,39702
-13,23198676 -16,50704085 1,2105
-11,45816868 -20,40402824 0,41281
-11,03763881 -18,26132119 0,47857
-17,26774431 -21,22508468 0,69746
-16,52632694 -17,58056507 0,5537
-14,96903026 -19,5405422 0,97211
-15,18576759 -16,55292223 1,19697
-16,43953035 -21,64593668 0,1938
-13,42949188 -21,27763331 0,87826
-12,22764406 -19,84488425 0,58842
-11,5885242 -19,98689839 1,85936
-12,08498453 -19,51410968 1,44444
-14,94717484 -19,77984739 1,34821
-11,77069114 -17,65322283 1,34968
-15,59490963 -16,95420269 1,71586
-15,22780191 -16,3896221 1,22106
-14,6809997 -21,25717503 0,49619
-12,8645574 -22,36602394 0,1041
-16,99832799 -22,02995145 1,78853
-17,14602992 -21,78575036 0,72694
-15,80605531 -18,91244164 1,05407
-12,89501298 -19,72056917 1,54144
-10,8696175 -17,84510938 0,00156
-17,42904359 -18,95110867 0,09331
-13,40412254 -18,63108876 0,67565
-10,80209798 -19,8057114 1,24528
-17,58778785 -21,16459171 0,51566
-10,73401208 -18,0217385 0,99841
-17,98314901 -20,20200914 1,74838
-13,02408271 -16,17968067 0,99804
-14,09182575 -20,30038708 0,53585
-17,89033503 -20,49472925 1,69278
-15,18151676 -20,77443189 1,02732
-10,58029806 -17,89852185 1,82209
-15,92818868 -18,46334538 1,06655
-14,74572392 -19,85436942 1,14942
-17,35146728 -17,81153286 1,21513
-12,37084201 -19,90707205 1,38687
-16,51069871 -21,27704817 1,39132
-13,85299017 -19,3594631 1,69058
-10,66624793 -18,92491866 0,80301
-12,84331291 -20,77929611 1,26758
-12,11605939 -19,48449874 0,1767
-13,92440483 -21,73230445 1,8048
-13,34145068 -19,32313783 0,33305
-15,92596561 -20,74552816 0,08827
-13,08630329 -17,66874931 0,0981
-12,00092615 -19,42863763 1,72666
-16,43396261 -17,05389981 0,59392
-11,4546959 -21,57013626 0,53365
-14,60584999 -20,32973277 0,04759
-12,0215872 -21,88790748 0,21291
-16,89074098 -21,55712904 1,61216
-15,26324268 -20,34420234 1,53138
-17,12560715 -17,93549457 1,90402
-13,52729935 -21,88165984 0,08674
-12,80043156 -16,57689121 1,94001
-11,80130774 -19,83721407 1,67747
-14,85995794 -20,50302735 0,95729
-16,54844336 -16,86685123 1,93975
-15,47244038 -21,43507556 0,57461
-15,54681112 -23,1885048 0,77807
-11,47793046 -21,7532485 0,79772
-14,72513469 -23,51542853 1,76599
-16,20998616 -21,22385063 0,94781
-16,39165876 -18,03623797 0,71851
-12,55244907 -21,3745266 0,75397
-15,29341613 -19,45737494 0,65865
-12,24659618 -18,76758221 1,60627
-12,27451012 -22,84372531 1,64024
-14,67271031 -16,01031602 1,19253
-14,80150528 -20,77392352 1,47351
-12,15009954 -21,26603038 0,98465
-17,56267083 -20,84093577 0,13678
-16,57086579 -17,57518443 0,89086
-12,52192164 -16,52301846 0,98149
-17,15196635 -21,32409851 0,52593
-15,77212443 -19,60089726 0,14589
-17,81208984 -19,87892866 1,28375
-16,85445722 -17,62962995 1,66956
-15,30348691 -19,4693043 1,56109
-17,96170877 -20,06567724 0,01993
-14,18029256 -18,93904658 1,11411
-11,7931386 -17,0717051 1,00038
-13,94776886 -17,30252374 0,43309
-14,44749136 -23,59696846 0,81059
-17,46401612 -20,8395077 0,93938
-15,57839107 -20,66344959 1,32437
-10,31364181 -18,64418975 1,37667
-14,94804273 -21,62922651 0,94602
-15,45147411 -22,2566938 0,73361
-12,06930371 -18,0761674 1,47771
-10,16077429 -19,65235748 1,153
-12,18994319 -18,73736329 1,6649
-15,58862703 -17,65302862 0,8342
-12,52317744 -16,66800094 1,47636
-14,42750877 -19,61664232 1,79587
-13,31008705 -15,86638736 0,38455
-17,26404372 -21,85434093 0,83075
-12,96240516 -19,48425334 1,57759
-14,25023685 -22,16205912 0,20809
-14,00446965 -16,00629116 1,74861
-11,11814946 -18,16945086 1,66637
-12,21993266 -18,68808952 1,23597
-12,05867931 -20,92237254 1,68541
-13,98858723 -23,02181422 1,9669
-15,99907022 -22,2742703 1,26731
-12,70298094 -19,59093412 0,63679
-16,55533529 -21,71174631 1,7784
-11,66235635 -22,32214268 1,23527
-13,3916873 -16,12013516 1,98074
-16,7494762 -17,33820548 0,0953
-14,45919661 -19,00116443 0,55075
-11,35237348 -22,17068873 1,80669
-12,36513624 -18,88431357 1,05132
-16,91755306 -20,55853479 1,01208
-12,53059402 -16,69993876 0,57983
-11,08929112 -17,76802795 0,82496
-11,24914234 -18,2966367 0,53374
-14,09551319 -19,13757704 0,80459
-14,13511621 -16,01304156 0,27994
-14,77031045 -18,0485942 1,82225
-14,8328487 -18,93082221 0,4868
-16,64177844 -21,73775778 0,84637
-11,34609659 -20,64475339 1,50946
-13,81990494 -22,84707683 1,89739
-11,97487525 -18,92077082 1,31309
-10,54458526 -17,98997053 0,56164
-10,69432712 -19,01792876 0,77169
-13,77335835 -18,5083504 0,15962
-15,48880864 -16,7587554 1,91767
-17,63357475 -19,90491687 1,05145
-14,10351567 -19,7894226 1,18889
-8,062078503 21,47449789 1,27374
-9,736482649 20,02283613 0,7922
-9,348951186 21,63668294 1,98197
-9,895231416 16,03336647 1,4292
-9,272821427 16,10518709 0,79436
-10,37984766 16,5339267 0,50148
-8,586944298 16,93147453 0,02558
-7,63361654 20,47090728 0,96039
-10,22575583 20,78871148 0,48087
-10,09070744 17,85286839 1,87846
-7,251996992 20,47624828 1,98314
-7,548720247 22,29836563 1,81316
-11,75598128 22,22845367 1,67578
-8,568071362 18,94032233 1,70614
-9,29524722 17,08951567 1,02992
-8,825991706 16,35941522 0,30909
-7,987415794 18,21569083 1,60954
-7,007608583 20,11241724 1,07252
-6,679527578 20,60131221 1,73219
-7,23814175 17,68965134 0,17104
-12,42739099 19,54560397 1,58492
-11,77181159 20,70306552 1,19354
-12,4350876 18,27270105 0,07608
-12,12602718 19,52982761 0,75247
-6,882984418 18,68676793 0,82038
-12,87105417 19,32348907 0,87687
-9,841716475 16,23049568 0,77237
-10,31886425 20,61463322 0,63841
-11,55580948 18,37584367 0,92256
-10,45265639 19,67180686 0,36423
-11,07264577 21,09888993 1,61784
-11,61437839 22,05147583 1,83479
-7,933987126 16,87042332 0,18851
-13,9204777 18,867176 1,42199
-8,443283928 21,23871993 1,73328
-8,296920046 18,40295055 0,87062
-8,368534729 18,25632602 0,71211
-8,934700471 19,70296567 0,42119
-13,82140546 20,66475045 1,09545
-12,06083212 21,39905892 1,00037
-11,23811798 22,85613922 1,23377
-11,37025305 19,08599811 1,22399
-14,03869291 20,66510943 1,77732
-6,918311652 20,3642909 0,03418
-8,798790781 23,26228616 1,84569
-6,314781751 19,4732202 1,34677
-10,16853574 22,82221647 0,94063
-12,2864805 20,1298119 1,92709
-8,657408063 20,78303295 1,35687
-11,99931561 20,97949342 0,80669
-8,650246182 17,34372763 1,07999
-10,05970966 21,49294063 0,23725
-9,865903784 22,035664 0,50409
-11,89506861 20,35265191 0,30162
-8,915273405 17,04233322 1,2387
-9,717001247 23,59375256 0,0693
-7,58566091 19,39904542 0,27014
-7,26260589 21,70353666 1,0781
-9,808422096 23,40349263 0,69392
-8,357748871 17,81645438 1,34254
-11,20138009 18,79469005 0,8523
-14,06496608 19,91306967 0,77441
-10,08510228 21,53336018 0,68701
-10,26236321 23,5466819 0,97382
-7,800190426 21,20146492 1,2902
-7,851905319 19,06447889 0,9103
-7,424268389 21,26654424 1,80003
-7,813287776 21,43703311 1,9391
-13,01599606 17,41244034 1,24553
-10,1883134 17,95359036 1,6095
-7,285780481 21,97626338 1,01558
-10,10119132 23,14329091 0,65818
-11,06324237 23,06797008 0,60626
-10,56471703 19,02390542 0,0996
-8,649207937 20,52634893 0,2517
-12,52416492 20,60481345 1,23183
-8,941920191 20,34636999 0,48234
-11,25702838 22,47983031 1,5503
-11,09968599 16,18167201 0,22322
-10,67665701 17,10725772 1,89936
-11,51610892 21,33138156 1,12196
-8,521025208 19,48817544 0,20436
-8,809144123 21,80632434 0,99824
-10,6642595 23,04302484 1,26232
-11,3236544 19,63900454 1,98813
-10,5966364 22,03994901 0,99751
-9,967095128 18,44722755 0,35603
-9,070988966 18,94559967 0,16823
-10,2329218 17,69865889 1,33495
-10,58908579 17,10656498 0,85348
-9,34503318 17,14258698 1,62066
-6,924956464 21,40434335 1,99248
-9,668958579 18,95901878 0,9131
-13,71851111 18,16188734 1,99018
-12,36790156 16,7045969 1,52159
-12,67904285 17,47595956 0,38816
-11,41200815 16,08548073 0,2153
-12,08214568 19,15662809 1,79298
-7,838690988 16,92389114 1,1671
-10,64969117 17,34034265 1,74208
-8,488480409 23,29190054 0,35923
-10,41613488 22,40829924 0,28506
-10,71947248 17,56105496 1,25729
-8,811613857 17,95521239 0,11181
-7,691092885 17,91313367 0,86557
-8,78948247 16,64241585 1,93761
-11,99673768 20,20977663 0,51094
-11,44501167 20,11561128 1,97395
-8,202572484 17,31171895 1,34582
-9,693860513 17,50444862 0,3027
-11,62662343 21,35390104 0,00185
-12,37290021 20,06633829 0,58351
-9,549071086 18,78786623 0,8374
-12,65571825 19,81325683 0,69125
-10,92397546 16,11451691 1,19808
-11,78500589 19,07161842 1,66687
-9,247642303 22,70017644 0,83277
-13,52255655 19,50767092 0,50579
-9,479808878 17,03534765 0,10772
-12,15136013 23,18705615 0,84695
-10,12236325 16,93154758 0,63207
-9,117502025 21,6447158 0,87764
-11,0699614 20,79398502 1,10568
-11,71371209 16,7642598 1,34911
-11,22939822 18,17898199 1,28697
-12,80904422 22,87296885 0,77826
-12,40395951 22,38813642 0,70712
-8,606985393 17,19882397 1,2743
-9,978473953 16,47035633 1,1285
-11,44735899 20,89032708 0,68922
-13,17285899 20,03442551 0,45646
-6,946086403 19,41938843 1,39538
-14,17979162 20,49977427 1,94957
-12,78300121 21,71627836 0,72621
-12,75757354 18,16610824 1,64199
-10,81590131 18,83625288 1,56484
-8,562843606 17,25599309 0,00886
-8,201401003 18,84762816 1,56993
-10,37571443 18,51023035 1,1387
-10,20380657 15,95528321 0,31563
-12,31326693 17,48821212 0,2104
-7,575492401 17,16128583 0,56499
-9,203524863 21,46864113 1,86178
-6,740013242 19,23801692 1,02899
-10,11747119 21,7113983 0,64173
-10,34414523 18,47919012 1,35212
-7,690639679 16,83442487 1,2946
-6,314138544 19,81384094 0,19694
-13,947474 20,29111812 1,8737
-7,6212365 21,72799175 0,41338
-6,65353288 20,2396647 0,09906
-8,573784728 20,44003987 0,03555
-12,31112895 21,12001954 0,95654
-7,00074915 19,76140498 1,09508
-9,790156394 22,77705774 1,93957
-10,76264098 20,97848544 0,49053
-13,29287652 19,9938382 0,74466
-9,413863932 16,96442489 1,9105
-11,73024321 20,3190615 0,55991
-12,65855662 21,08258743 1,41739
-10,1284292 21,36696116 0,32602
-8,157545212 18,52316495 0,03708
-6,986359469 18,95397395 0,48365
-9,248917327 21,19783685 0,27772
-8,618610727 18,64679947 0,62892
-11,7983074 17,31955974 0,65632
-11,57864865 17,16163639 0,608
-10,68029425 19,8976108 1,15169
-11,3067826 18,03398372 1,64844
-9,965148702 21,013336 0,08078
-11,60991518 19,28443441 0,80977
-7,989220955 18,64874575 1,78654
-12,47593619 17,48082933 1,09762
-11,72098364 23,2023428 1,70681
-13,24495385 20,87211465 0,02123
-10,5269075 22,96101577 1,7331
-9,640644697 21,67248865 1,34123
-12,08096192 22,21501656 0,99262
-12,73711825 16,74437669 0,79527
-10,38488468 23,04557746 0,24625
-9,841727038 21,21437092 1,2043
-7,710860033 20,18594374 0,89043
-10,57585822 22,2320736 1,4646
-9,552906689 18,35933048 0,58057
-8,940780105 19,49501304 0,84056
-10,92502263 18,9015539 0,87582
-12,77897963 17,12095411 0,32292
-6,853702492 21,35134464 0,11412
-9,652819616 18,71122619 1,25789
-11,50408112 17,09674495 0,64632
-11,15524611 20,71225015 0,82188
-9,51163108 16,15899265 0,75749
-13,45846345 17,98661556 0,71337
-12,93428868 19,7318488 1,73265
-7,329462908 21,27737731 0,54182
-9,826986088 20,62558937 1,58235
-12,48237493 18,26849371 1,91501
-13,0039261 22,18895111 0,92052
-10,83384773 18,45843497 1,79797
-7,732597052 21,03682185 0,51402
-10,90528539 16,96812827 0,37198
-6,634494408 18,9146807 1,05811
-11,07487867 18,21889018 0,36029
-12,31635708 17,549363 0,60255
-11,4502588 23,21506414 0,99483
-10,62863313 22,44567684 0,30538
-12,42904169 29,12452413 0,93115
12,43830774 0,028975204 1,65374
14,71135669 -15,32993601 1,10235
15,75041966 22,87316644 1,57475
21,0089939 24,86123105 1,70411
-4,154066787 -13,51371951 1,08201
-19,42262059 15,00021782 0,04901
-19,94400864 -9,449041962 0,88391
-4,708910965 1,193439882 0,5683
-2,250329022 -4,626209271 0,03022
10,24487166 9,571624211 0,14221
23,23300064 -16,6804522 0,36135
-0,125438102 15,29756695 1,51515
19,50336434 -14,76736309 1,88841
17,26312205 4,833014754 1,78883
-24,35229691 8,807751026 0,93836
-20,14115487 7,871074722 0,91794
12,39985547 5,181452892 0,24063
-1,474680092 8,508656316 0,20145
9,390733825 8,429514599 0,98493
11,51236175 -3,431193067 1,40768
6,728819985 17,13137719 1,13804
24,05880272 -11,14707893 0,50819
13,13386012 -7,165325257 1,48326
5,415101463 6,474924246 1,14963
-9,07306149 12,081727 0,74912
22,22476199 0,993390883 1,86921
12,07807835 14,11893482 0,96828
-9,171150295 3,154752943 1,80785
-1,746412288 0,615360852 1,34421
4,852731493 14,61371534 0,47464
20,34982284 26,97506609 1,31446
23,88374957 15,60525154 0,61779
10,57812507 7,902778471 0,80351
4,404531541 17,97305783 0,67593
-6,926477414 -5,563561982 1,03422
-16,29543403 14,61352323 1,27471
6,71446524 -2,793018276 1,37121