X Y M
1,44928184 -4,0985429 -8,3612423
1,78845606 7,40343482 -6,1104553
1,32308894 6,08788101 -9,2350907
-3,8467358 2,52949639 2,93840546
0,28599459 -2,8446296 -2,9414013
-3,6393849 1,27927712 4,01515484
1,09446039 7,40213976 -6,540146
2,19481607 6,39315583 -5,9246587
-3,2057254 1,16060749 -4,4611855
1,006315 -3,4145968 0,67428223
-3,0579435 1,76891072 -7,6728417
-3,8320544 2,34608442 -3,1372151
-3,405136 1,13607316 -8,6703834
0,70953977 -4,0457741 0,71770423
0,36811206 -3,0849728 -0,9774778
1,90014003 7,80248507 -7,3302219
2,14866457 7,24040902 -3,1053926
2,05746807 6,32249149 -6,8095925
2,10494649 7,78156007 -6,8288882
0,69578598 7,16122687 -0,69816
1,68841807 -2,687954 -4,9804446
-3,0864689 2,12241853 -3,7899841
1,00564767 7,70407804 -5,6313093
0,60700869 -2,6266357 4,78464579
1,81856779 -2,6750135 -0,3207158
1,04511837 6,35459259 0,25362723
-2,8141987 1,87865315 1,88157881
1,45645425 7,55208522 -1,3289546
0,89654285 -3,7548541 1,57043933
2,01171268 7,62442576 -6,451976
0,70376131 -3,7526627 -2,3184205
-4,1927215 1,77268942 -7,8921509
0,89982508 -3,1058928 -8,6200921
-3,4970663 1,53166587 3,10635884
0,74995588 -2,5991512 -0,3069429
-3,0034655 1,1166246 1,13663104
-3,3094887 1,07103018 4,03150129
-3,6648117 1,37380986 -2,1025701
1,82310722 7,43560348 4,45498756
-2,6780714 1,90817212 -1,2773909
2,1207141 6,64065789 -0,3956947
-4,4086839 1,27401641 -0,3178052
-3,8593658 1,13380839 3,13040992
1,28172562 6,71126494 -9,2090631
-2,9918893 1,43886471 2,37381735
0,84574994 -3,0506207 -6,2891284
0,61144952 -2,5922917 -6,7431405
1,51636353 -2,7199916 4,68315599
0,71767711 -2,5782296 0,08367691
2,05999584 -3,6117235 -7,9575747
-3,5771191 2,050139 3,2990512
-3,4683896 2,04251223 0,8017216
1,48066633 -4,0463638 3,91034476
-3,8035731 1,39775232 -6,3701079
1,43622626 7,32983178 4,54274291
1,28458241 7,47181565 4,11218079
1,1344669 6,59413094 -4,5998058
0,39028359 -2,6833086 -2,2346129
-4,1706455 1,26078462 -1,2804576
0,97941192 6,77385777 -5,7010269
1,31585446 6,42774554 4,89140562
-3,022895 2,20414022 -2,3915448
0,77462111 -3,7007858 2,96797457
1,78648363 -3,9580643 0,50439622
0,18242455 -3,3350218 -4,0101779
0,80842312 -3,0052651 1,08333433
1,67034825 -3,2832222 -2,9945494
-3,3440302 1,36376409 -6,2176421
1,98415151 7,17825314 0,73515332
1,36247076 -3,2994701 -9,9886957
2,22790369 7,26987489 1,27517367
1,4139943 -3,2040943 4,74065384
-3,0717258 1,42118282 -5,4111623
0,96123106 -4,2089661 -3,7582032
1,88283251 7,6281413 -2,3305485
1,02672042 -3,9343909 -2,3628356
1,11664491 -3,2054168 4,10273711
1,99681073 7,68568892 1,28952377
1,20227898 7,60316556 -3,0686587
1,50395892 7,13702074 2,07404191
1,34679127 -3,1963399 3,11107407
2,5470779 7,15691046 -6,8300132
1,9070691 7,44983476 -1,0387775
1,84024765 7,51747332 2,57238345
1,68528853 -3,5554346 -6,005754
1,84873598 7,69061281 -0,7293033
1,2643352 6,14244339 -7,9639266
1,30600669 -3,1043646 -2,5869588
0,87629833 -2,7611716 3,63439604
1,35090391 -2,5577328 2,0335979
-2,9358632 1,3142539 4,74512155
-4,1858969 2,00987165 -3,7465812
2,11975079 7,8291758 -7,3767692
1,56231922 -2,7770193 -7,3003072
0,94770733 -2,6743054 4,90940896
-4,3074535 1,94494042 2,75086925
0,91379208 -3,0446763 -4,2351926
1,18159423 -3,49664 -5,8922174
0,90970701 -3,9851764 0,83823218
1,02281455 -3,4368945 -4,0176028
-3,5905028 2,17305817 -2,5376281
-3,1361058 0,88228124 -7,0948701
0,37058611 -2,7573578 -8,1348632
0,50814702 -2,7351207 -9,998145
0,2133886 -3,2868206 -9,3338296
2,26210289 7,61981694 4,13511214
-2,8777915 2,15143628 -3,8822689
1,54675344 6,03159134 0,56543688
1,36752182 -2,8247993 -0,6564842
0,97047371 -3,6104042 0,9543098
-3,3203012 0,91037628 4,32312979
1,41359572 6,72369121 -1,8309309
-2,9182052 1,99196326 -9,1155848
0,88456227 7,339407 -4,9140703
1,3343728 -2,8607264 -3,3387869
-3,0990529 1,45903449 -5,0052216
1,35993335 -2,6545449 -0,5102337
-3,7921424 1,54940815 -2,1261697
1,46259183 -3,4956108 -5,0514582
1,30163649 7,31712018 4,17157623
1,82462632 -3,677022 -4,2207186
2,49858628 6,93225891 -9,9109835
1,84549653 7,71994548 -6,7791782
-3,9365195 2,45740817 -0,1705618
-4,4125591 1,31729262 -7,3136834
2,07608344 7,36050586 -7,6506614
0,82045473 6,79393456 -4,0792888
1,60126907 -2,4346599 -5,1900054
-4,048255 1,85721264 4,84002624
-3,9813584 2,50379888 -5,0335957
2,01240097 7,90107518 -7,2373694
1,80069761 6,59311978 -2,2086335
1,93609355 -3,780566 0,78687761
0,79474812 7,05262926 3,98265276
2,07916619 -3,1852939 -4,0815372
-3,0300522 1,0994555 -4,1984323
2,167966 7,23477664 4,07557287
1,03854383 -3,4576838 4,55636797
-2,7693008 1,3514508 3,30810218
-2,7282542 2,23524767 -7,2777095
0,80936429 -3,6714447 -0,654499
0,54068023 -4,0949348 -6,7998385
-3,5677271 2,14412718 -5,749113
0,60164446 -3,5189022 -2,8756865
-4,5470182 1,85575857 3,26573183
-3,403729 2,56949595 4,93728896
-3,3369226 1,91830579 2,66121491
0,60974129 -3,5215817 0,89351671
1,5567177 6,68860876 2,89645542
-3,7177844 1,73503657 -7,4071049
-3,0166813 1,40811864 -5,7551252
1,69371735 -3,2241646 -6,7528207
-2,8454926 2,40597863 -8,2498901
-3,674874 1,95503039 1,048776
-3,0024184 2,15305048 -4,9697526
1,99187315 7,85589369 3,28257368
1,11353424 -3,0753262 -3,3561239
-4,0232814 2,08233746 4,485607
-4,3613674 1,77278457 -1,0264719
-4,188784 2,1239417 0,61247452
1,22173783 7,88956785 -9,6686085
-3,4587369 1,18386332 2,22262093
1,29253514 7,14884572 -1,5470537
0,78085237 -3,1604674 -6,2309668
2,34213376 6,37992974 -5,4761681
-3,380274 1,29880991 -7,6048917
1,77487505 -3,1836247 -7,0437947
2,54206037 7,17245729 2,47448057
-3,8953197 2,21551078 -8,2929257
0,77023923 -2,4142482 -7,5926012
-4,0887932 2,14412926 3,05818698
1,03919992 -2,9645036 -6,6485279
-3,3069707 1,77732206 -9,9542876
1,08035938 7,08622711 2,92250011
1,21553151 -3,857635 -8,8708697
1,69253705 7,49729476 -5,791628
-3,5497891 1,18917863 4,44624706
-2,8142412 2,03406642 -7,0370248
0,66676752 6,98944414 -3,3592186
-3,3515791 2,7208028 -3,3251246
-2,7059219 1,66701766 0,38101855
1,16437426 6,26933453 -2,6761482
2,15214119 7,01323437 -4,5284313
-4,24274 1,62766234 -9,838878
1,54417507 -3,4390489 -9,756579
1,95219096 -3,5117641 -9,8998234
1,94682233 6,94729219 -8,4259947
1,52003616 7,93792904 -8,0942858
0,80808678 -3,1862535 1,43763207
1,27470929 -2,9950455 3,37393434
1,26837313 7,52540798 -0,9440467
2,51460606 6,72733263 -3,5670538
2,07034922 7,32496328 1,73363931
-4,1718258 2,26949886 -8,2392113
-3,4169197 2,73532963 -7,0511974
2,39965714 7,53665769 -9,1838553
1,26665815 7,17967735 4,24394263
-4,1254005 2,51190322 3,30988803
-3,624299 1,72824976 -4,4826455
0,93340753 -2,9250603 -0,7438676
2,43677745 7,07403291 -7,6995016
-4,5061701 2,02638579 -7,1785548
0,16902304 -3,0503836 -3,7227767
1,75488452 7,37835515 -4,9483217
1,6563848 -2,7850591 -8,1915042
1,93390903 7,42880398 -9,1893858
1,72318866 7,5156655 -6,9748106
2,46636443 7,33105168 3,22887494
2,1129377 6,65901948 -7,8211298
0,6293073 -3,6118569 -6,3604881
1,41375639 7,39351412 -9,541073
1,71226553 -2,803298 3,27122301
1,97853055 6,43116258 4,71659655
0,41310179 -3,0110843 -8,6496211
-3,6004276 2,6367584 -2,8988171
0,98032475 -2,9277658 3,84647891
0,74682279 7,55180372 -9,921415
1,35376344 -3,3799587 -6,4433553
-2,6163967 1,51692793 0,17302815
1,94323888 6,17671499 3,3842232
1,8523629 7,21994593 3,94779767
1,193383 7,29103107 -6,6932768
1,69207149 -3,975649 2,46215226
1,45099681 6,24998288 4,04336218
-2,6410383 1,8699182 -4,4290147
1,31986535 7,51569585 -0,0079062
-3,7704363 1,48163555 -4,5731578
1,55105027 6,12749136 0,31228219
-4,4099179 2,11775635 2,43586364
2,00601804 7,01089717 -1,3773207
1,48164996 -3,3458168 2,59934237
0,87595456 -3,4967146 -0,5191518
-3,6453622 1,21446105 -9,2439218
-4,243363 2,24925513 3,43424137
1,50543926 -3,7160753 -5,4581185
-2,9057425 1,53748761 -9,5544246
-3,4736018 1,06756599 -6,7730122
1,90363471 -3,633211 -4,9803876
0,57625599 -3,0339632 -0,7742693
2,1019083 -3,4645913 -4,8906564
1,71940137 7,43454418 -9,5514319
-3,8845771 1,15954728 -3,8994544
1,99900133 7,49251144 -1,030957
1,43875203 6,61401742 -4,76334
0,27282906 -3,603297 -9,6672411
-2,9366219 2,08319637 -8,2157736
-3,2227102 2,67068477 -4,4500718
-3,1439841 1,05512903 0,5960028
-3,8940291 2,57901174 -5,9429406
1,19811323 -2,7258977 0,40495987
-3,2904497 1,4394857 -6,4109617
1,08198471 7,83636338 -5,4933712
-3,0645505 2,4327135 -5,1012114
-4,1899841 1,5410718 -3,4640579
1,65223012 6,52042306 -0,0954053
-3,5835964 1,56129492 -9,898818
1,00540846 7,14674499 -3,3719044
1,40658013 -4,0259704 3,50938045
-4,4732943 2,02680046 -6,606066
1,99031998 7,49257194 0,16418805
2,1054028 7,55890887 -5,8388503
1,92112753 -3,3298953 0,44774022
0,5734806 -2,6232359 -9,566448
1,05545705 6,76177801 -4,385307
1,94912528 6,38121587 1,42593152
-3,5236881 1,97549952 1,56764538
2,28506175 7,31073611 4,04972021
0,58385887 -3,9065898 -2,6629403
1,73534482 6,43017433 -0,0229516
-4,0448615 1,45694564 -9,1912179
1,26936199 7,20814957 4,71735765
0,55723411 -3,9809377 -4,1623806
1,10856034 6,93649126 -6,4387575
2,0440642 -2,9906924 1,31050053
-4,2633315 2,27935839 -8,2575073
0,57635781 -3,6216133 -3,275221
1,50948905 -3,5289729 -7,233188
-3,7356029 2,71830069 3,5196863
1,80612199 7,582443 -2,8429205
-3,8112139 1,0777677 -4,5863081
-3,9721689 0,85212136 -1,5769429
2,03464719 7,19960609 -3,9012235
-3,2903549 2,12842266 -2,9034497
0,36528804 -3,8129248 -7,0919202
1,88170673 -3,396084 -1,4904746
1,76027513 7,62102732 2,27590739
-3,9216012 1,69685718 -8,0284902
1,50924692 -4,0323432 -7,7735261
-4,2189912 1,72165085 -0,0809431
-3,5891241 1,83592087 -9,6108948
1,35781566 -2,4476572 -3,1528111
-3,1669064 1,80652278 -6,0916719
1,15000438 -2,757231 4,50927942
-4,4782028 1,38903536 -6,1902753
1,67571329 -3,7576988 2,18981129
1,86367783 -2,7161997 -0,0599258
1,5741023 -3,4655764 -7,8810839
1,07426514 -3,3437318 -7,1643996
1,74850978 7,399076 3,73670384
2,45131444 7,04464416 -2,5936808
1,91073334 7,86439866 3,52510666
-3,3319385 1,7710802 0,65530581
2,07410708 6,52028741 2,22260097
-3,4733343 1,36943658 -2,8631878
2,30022347 6,45095378 -8,0293341
-4,2534808 1,71780748 -2,42783
0,21498477 -2,9187123 -5,5069958
1,29515365 7,27616152 -5,3987246
1,77702804 7,03657741 -1,6026801
-4,3498931 1,70158874 -6,9250662
1,61707338 -2,6197963 3,2553173
1,72722745 6,67240751 0,04948501
1,91322533 7,41780582 -5,9838987
0,99119979 7,25760557 2,37553634
1,16059442 -4,2040761 -5,3793908
1,87546623 7,89695536 -4,3203415
2,082722 6,80480873 -9,0218526
-2,7318098 1,58650897 -8,6121863
2,01365292 7,77560038 -7,1056778
1,65477239 6,0459227 -1,6803089
1,77484396 -3,8004019 0,81893561
1,67358724 -3,2630433 -5,6493391
-2,9469175 1,12139816 -9,7505014
2,12988033 6,55269881 -5,3486327
-3,4592873 1,60437114 -9,9655783
0,42820167 -3,2013064 -1,2210826
-3,6888666 1,45953343 4,88708974
-3,5362713 1,57845377 1,82829415
1,3926413 7,68081025 0,45102728
0,57164462 -3,5601738 -6,3785119
1,5870578 -2,5222829 -6,6981876
1,97628595 -3,6740221 -7,3217543
0,77878854 6,99799777 -6,2082874
-4,4931168 1,73185837 -6,3995274
-2,7999114 2,27627856 -4,4425493
-4,0797898 1,87434421 -7,6531011
1,18785496 -4,0059022 -6,5828283
1,01283764 7,19995833 -8,9924495
0,61142843 7,24292403 -8,866496
1,62984903 -3,8618262 1,92884504
-3,1874252 1,24163685 -9,545689
-2,7492038 1,33431252 -4,7247936
0,46405146 -2,6532347 1,27653825
-2,8328806 1,91901497 3,11887193
1,19658474 6,79033759 -7,9691552
1,46162028 -2,4014097 -7,6478299
-3,1771935 1,99379051 -1,2849373
-3,5484631 2,57989968 4,0842331
0,65268457 -2,7452226 -2,7961699
1,07977478 6,8917548 -2,2428068
-3,4607431 1,57872987 -6,4497258
-3,2288039 2,4694345 -3,362231
1,48047849 -3,8769292 -7,1465605
1,28753131 -2,3938535 -2,7921713
-3,701001 2,27906583 3,16244692
0,91137597 -3,8816147 -1,3712844
1,98312108 6,56942963 2,44878205
1,76973403 7,17724122 -5,474297
-3,1331785 0,97845149 1,96005048
-3,09659 1,47281846 -0,0902425
-3,4012317 0,78999919 -6,5901089
2,17385317 6,42739621 -4,5641441
1,73232521 -3,6502523 0,73946579
0,7430831 6,60951712 -8,7818728
0,47489991 -3,1993989 0,25923745
-3,7205196 2,39723618 -8,8699972
0,97862935 7,61907199 2,66344507
0,75725083 7,35110426 1,65193761
-4,1802487 2,03545133 0,00091379
-4,1936906 1,61924137 -7,1224877
1,07432124 7,58492207 -1,2600391
1,68614336 -3,0672648 -8,753219
0,59942078 -3,3057382 -6,1185773
1,61807145 7,58332864 -8,3841432
1,09553726 -3,09358 -6,5414262
1,77563699 6,09494165 -9,5512122
0,70552855 -3,5971557 4,10582497
1,51844513 6,48516595 -9,5479121
-4,0046437 1,14370783 -4,3192205
-3,0239553 2,40560808 -7,2309594
1,25281891 6,93193578 0,38298078
1,22361935 -2,5032014 -2,633435
1,04383636 6,16716453 1,65112256
1,92128281 6,29573291 -5,3120449
-4,4989578 1,69856643 -1,5118845
-3,660345 1,5655079 -9,9222515
-3,6255091 1,81808583 4,09930143
1,9464798 -3,3654146 -0,5160578
0,89957262 7,23780494 -5,9622057
-3,678785 2,52598741 0,42349372
-3,1021727 1,31704308 2,36318686
1,20222174 7,46977623 -5,2507802
1,1949562 -2,8487496 0,19582912
0,82659138 6,75092413 -5,7042134
0,69679339 -2,8684079 -8,4936552
-2,757076 2,07775046 0,1731725
1,12799664 6,98494919 -9,4544061
-3,2492116 1,3306058 -1,1693019
1,6588437 7,00775164 3,87929338
0,68244402 -2,9623106 2,69835818
-4,5102192 1,62249974 2,40896537
-3,3167094 1,25496516 -6,2465316
2,39017981 7,12967513 1,24681066
-4,4679259 1,732125 -6,5298826
-3,5130108 2,28021421 -7,1651577
1,92855622 -3,7837968 -7,1675749
1,03725155 -3,0384957 -1,7433985
-3,1845806 1,68340196 4,32856917
0,52890194 -4,0466153 4,00338545
-3,3030968 2,66555584 3,0756594
-3,8220875 2,00135646 1,33761879
1,09214428 6,46565244 1,65033393
1,6884304 -2,8460039 3,42617564
-3,1205866 2,50807589 -3,6134909
0,92832282 -2,8990209 0,10003602
0,30501924 -2,9398322 -2,330519
1,12293289 7,28330998 -5,6646532
-3,5238479 1,39807419 -9,0126601
2,00492562 -3,1077335 -4,4751578
1,31768057 7,6462591 -7,5526094
0,73448863 -2,4172491 -1,1932794
2,12345706 6,82973155 2,84440145
1,1449801 -3,5936748 -8,3866854
0,23003315 -3,1375969 0,90288927
1,88107968 7,46716211 2,32553233
1,41987972 7,13370321 4,99608974
1,74768377 -2,6721196 3,38144255
2,09829272 6,46379981 -1,9134103
1,32418806 7,43576116 -6,160628
-3,0380418 2,26380258 -2,6865603
1,91875069 6,79701373 -9,2698889
0,58549644 -2,8282454 -0,2339485
0,53652856 -3,2745519 -7,6286138
1,58654404 7,01865355 -7,6421068
-3,7405418 1,31836902 -5,1840673
1,75635462 7,15615033 4,5138343
1,95562968 7,26038658 -9,945163
-2,6905503 1,94434429 -0,4313712
-2,941657 2,32653473 -5,9827761
-3,1911541 1,6552023 -6,420856
1,73460595 6,87810341 -7,045342
0,30910095 -2,9835207 -0,0285695
1,20975324 6,73571799 -9,1980711
1,80351422 7,60369602 -0,9487821
-3,3679816 2,07417972 -1,9381216
1,03995901 7,21791833 4,42845568
-3,272038 1,99220762 -8,0046743
1,72240191 7,32823752 -4,4056871
1,68961872 6,67523403 -5,7734203
2,04425175 6,79892682 -0,087412
1,4264593 7,21439259 -0,6907596
2,27793795 6,89669925 -6,6353127
1,67928834 -3,2161377 -7,5658359
0,59122542 -4,0035714 -7,3117232
1,63198574 -3,1097322 -4,2332606
1,96557386 7,19564793 3,49438129
1,42961594 -3,1820463 4,32356898
-4,1123403 1,07188021 -7,6897394
1,8213568 -3,5104589 -6,954452
2,52566376 7,26567286 -1,896298
-3,619678 1,30074934 3,14776059
0,61897283 -3,9465353 4,03712352
2,1393012 6,60287945 0,09635692
-2,9577515 1,447044 1,11572541
1,47543806 -2,3769967 -8,2707654
1,78519474 -2,7874744 0,68046295
0,44504296 -3,3585163 -3,914863
1,22747651 7,8817366 -7,1606773
-3,0428707 0,9653605 -6,9250181
-4,3297242 1,79160396 -1,8115585
2,21121321 7,77056369 -6,3237844
-3,4352492 2,41881821 -9,4003665
1,51886365 -3,8251032 -9,6818052
2,06565589 -3,4308758 -8,1994411
-4,1823629 2,38384735 3,70823795
-3,3921385 2,15047489 3,39470518
0,97323965 7,75784467 3,10246676
1,56708772 7,00614682 -7,2999806
1,92992393 6,77142005 2,65099608
1,06715416 6,52635103 -8,7379864
1,24858678 -3,0435743 3,53205525
0,72746456 7,02191067 3,28173686
1,21336393 7,20594187 -8,1058266
-4,0470282 1,78884746 -4,0019655
-4,4455781 1,33962197 4,1383344
1,08695187 -2,3650574 -8,1377699
0,81952797 7,30393958 -7,5571407
1,20471015 -4,2789329 -7,1494116
-3,4106317 2,17053557 -7,2847068
-2,8481211 1,6757669 -4,7129054
-3,8357131 2,46416705 -4,4648086
-3,6060068 1,46325472 -2,3761737
2,0389063 6,77464575 -8,289175
2,19954841 7,33912802 -0,3543974
1,65162758 -2,9721758 -2,0948918
0,31251361 -3,5380618 3,10790696
0,70060672 7,04641328 -0,1044771
-3,413988 1,83848559 -6,9179854
-3,0765325 1,73161333 -6,6089963
-2,8931415 2,30404977 -3,3617795
0,87336147 7,50099459 -3,0085048
0,77461884 -2,9245885 4,62551058
1,30781321 -2,9115333 -1,9851754
0,35154926 -3,1910934 -4,3118959
-4,1194266 1,94006666 -2,6180123
0,71265824 6,6215833 -8,4782218
0,75039602 6,80110839 -5,4960671
0,50467607 -4,0270664 3,39933098
-4,2794897 1,71561936 -8,9137632
0,37537796 -3,4678066 -1,9978277
-3,8585034 2,63376583 -0,3358797
0,74411976 7,34903633 1,47233629
1,99900467 7,87635782 3,93659052
2,17183613 7,59501081 -3,9503724
2,01092968 -2,9702434 -0,4590284
0,71152709 6,51365695 -8,4514726
0,76586754 6,54625582 -2,2003371
0,57572338 -2,671212 -6,9910863
0,40580136 -3,8395968 3,37670972
1,03865295 7,71663962 -2,199369
1,88542198 -3,0339653 -7,6397651
-4,0282087 1,76146548 4,15532598
1,17512846 6,27915994 0,90730731
1,34743618 -2,921248 -9,9508182
1,70522452 7,49639696 1,79499087
-4,0098938 1,2883325 -4,379813
-3,3780251 1,49412755 -8,4379377
-3,3873519 1,88080318 1,85894497
-3,6930025 0,75867058 -2,5244985
2,06642458 6,30038456 1,81111301
-2,7937194 2,22293579 -3,3492223
-4,4538041 1,70531349 -3,7076063
-4,182984 1,65124891 3,96414863
-3,2073844 2,3539234 -1,0404902
0,38769018 -3,3001072 -8,1549774
-3,6535031 1,91026852 4,25129863
0,63699079 -3,8722084 -0,5619502
0,53346427 -4,0788414 -7,6630774
1,27163511 -3,6642556 1,88827745
2,00633642 -3,6435141 -3,7217567
1,72004252 -3,2110648 -7,3346799
0,7644921 6,93933077 1,06119017
-3,6107265 1,09107012 -7,0825204
-3,0669341 1,89109068 -9,3957174
-4,1345125 2,11125352 -6,6771239
1,69313115 6,22080444 4,1714898
-3,3143998 1,57671215 -2,647003
-3,0269102 1,71424701 -7,2929928
-3,4911968 2,26427133 2,43433018
1,60045149 -3,9072372 4,27277374
1,45647615 6,14703606 2,79908129
-3,912516 0,98324805 -8,5074711
1,60275394 7,06978143 -7,3274659
0,75395887 6,94659587 0,45383613
0,25295316 -3,7634108 -8,9347852
0,41846191 -4,0136573 -9,3663866
0,74140044 7,32615911 -2,7478265
0,83155351 6,99740927 -4,8188858
-3,1867318 0,88229404 4,23300614
1,61074946 6,26329896 -5,4818094
1,83448264 -3,3812028 -2,8018749
-3,7011971 1,80563079 -0,3128964
1,68112673 7,29878548 -1,6276806
-2,8914432 1,0996819 0,33882769
0,68309369 -3,1445674 3,48701569
-3,9296585 0,84222823 -2,3031136
1,27083473 7,41251249 -1,8748344
-4,429872 2,14392404 -8,5116965
-3,4138974 1,24462746 2,68525914
1,99326853 7,34036794 -7,9522962
1,68080631 7,67612977 -1,4257007
0,71392986 -3,469623 0,76356361
0,39855759 -3,6029095 2,49174841
2,33769754 7,56106948 -3,849534
1,36487606 -2,9055936 -7,5676331
1,21766892 7,69217327 -2,9711407
-3,9673443 1,88622529 4,1430098
-2,7789524 1,62640259 -9,4173851
1,0438243 7,15193711 -1,0671576
-3,0566486 1,36997148 -7,8094371
0,86768908 -4,2470889 -7,5606342
1,49273685 -3,598667 -8,5990163
1,88649664 7,02080751 4,90404177
-4,1786765 2,18844129 -0,6388542
0,79631901 6,43069235 1,06440932
1,50382351 6,7638726 -2,2697905
1,26357149 6,39115182 -2,4025655
1,41066405 7,58152892 -7,779883
-2,865125 1,47093617 -5,5249794
1,29116452 -3,043006 0,14038811
1,45169138 7,47592659 -7,6628688
0,89493456 6,27286263 0,0648916
1,41597483 7,96784489 -7,1663134
1,55245499 7,90606066 -7,8743662
-2,7028281 1,67876109 -9,7982399
0,9995873 6,25530597 -9,206523
2,25125997 6,33876301 -4,0962284
0,82043788 7,32157796 -8,9433054
0,91050794 -2,6209494 4,98764888
1,99410988 7,67351995 -9,1669246
1,19085051 6,77246192 -4,8677885
-3,4023553 1,14410526 -3,9519451
-4,421547 2,22812854 4,60533011
0,75521081 7,08551861 -4,1347972
0,32956586 -3,2604548 4,5219076
1,76703787 -3,5118298 -2,017657
0,98274531 -3,0524354 4,03159835
2,04219003 6,81050389 3,10212694
1,16607696 6,91068066 -0,3157189
1,89948504 -3,1040057 1,32451846
-3,8207911 1,10335801 4,20837673
1,3382333 -3,6551361 0,44862167
1,83485563 -3,9495959 2,02135178
-3,6845557 0,8748124 -8,9184527
0,26267409 -3,1804095 1,82683172
0,98153912 -3,0772223 -8,1627275
1,22296291 6,97514935 1,0719437
1,25127537 7,25513775 0,57778521
1,08397929 -4,2719105 -8,5237806
0,33072643 -3,894267 -0,5768603
-3,6799572 2,08104353 2,02570377
-3,7301459 1,2653407 -4,6384361
-3,1372309 1,77531481 3,4868021
0,37797673 -3,0903646 1,25137052
1,19753226 6,16385163 -6,7351101
1,03258693 -3,7885829 2,93812183
0,81468226 -3,8646437 -1,1837225
-3,1033604 2,34506399 -7,4426055
1,02719927 -2,5273082 -0,1617286
-2,9618909 1,63807685 4,78739279
0,27656292 -2,8029171 -8,3875383
1,80793127 -3,009003 2,39464233
1,50992123 6,06858729 4,04939938
-3,9372276 2,32168761 2,50703487
0,15275759 -3,4635808 -0,649446
-3,2186786 2,30228808 2,47011301
1,20646081 -3,5865667 2,71460534
-4,2133106 2,17302819 4,75263685
0,12970327 -3,3092311 -3,4061995
1,1192014 -3,3050034 -5,1915912
1,48618244 -3,4799541 -8,4357656
0,9425997 7,07747013 -0,4128056
1,71600209 -2,6791822 -1,5574901
0,92236679 -3,1563583 -2,0735102
1,88707704 -3,508162 -2,7673079
0,83512642 7,59524434 -4,3762086
0,86692607 7,23561637 -1,294838
-4,312807 1,38411046 1,56154796
-3,617604 1,58116367 1,26902115
1,80635148 -2,9704629 4,16723517
-4,0713072 1,64484567 -8,9780871
-4,2377743 1,02474689 -2,3827357
1,59771646 6,79750377 1,37215782
1,22281027 7,75306298 -0,1449313
1,26465315 -2,8265973 -7,4394331
1,17192634 -2,3730347 1,634491
-3,3519707 2,05158206 -9,9386893
1,3520264 -3,2778368 1,23748533
-4,4022448 2,04181943 1,59078131
-3,197457 1,54714616 3,98560945
-3,307303 1,30628317 -2,4905317
0,40684435 -3,0716497 -4,128459
0,43105197 -3,7696092 -3,7021991
1,82616059 -3,4268689 -6,5407073
-3,9516399 2,00967032 -7,2000317
0,66094014 7,05632878 4,97168402
1,99588373 -3,4362909 -4,1420171
1,40883135 7,08557065 2,67998713
1,85373 7,16083602 2,51689259
1,60811529 7,76967074 -4,7370029
-4,2125602 2,42089658 -1,8627522
0,8045446 7,43650134 -3,0010483
-3,3859647 1,35874256 -9,9245383
1,28391934 6,40413411 -4,5486324
2,00620744 -3,3951728 -9,5809055
-4,3134393 1,77756799 -5,24336
1,1469559 -2,7119628 0,58214022
-4,3605042 1,55243143 -2,5635556
-3,3706586 0,77321371 3,20328754
1,53848392 7,39720964 4,4345691
1,1516513 -4,2944055 -7,484616
1,28274856 7,03385875 -4,3552277
1,18018764 -2,645106 -6,0134671
1,94042961 -3,6815842 4,8315008
1,91681017 7,15845143 4,2730483
-4,0739272 1,38128362 2,09558167
2,24763382 6,88314718 -0,9923495
2,3788598 7,25302533 4,79596844
0,89270934 -4,2137364 -9,9162411
0,83357631 -4,0316499 2,26088958
-2,727577 1,84105999 2,80662487
0,330704 -2,8853669 -8,6521486
1,36821686 -2,370773 -1,2719608
-3,877203 1,67025244 1,69796117
1,75207495 6,19264978 -6,4064423
2,17906151 6,96906775 -0,746161
-2,9419517 1,60533414 4,10642553
1,79375333 -3,9693882 0,62565842
1,77967003 7,48172567 -6,5216832
-3,3365469 1,83095232 1,69182834
1,38704585 7,74003943 1,22378395
1,07893715 7,15299901 -1,4257512
-4,3996301 2,11202589 -5,2298198
-3,011366 2,53265408 -9,0347857
0,70246612 -3,9000835 3,99152526
1,66601253 7,45278935 -3,4463711
-3,6496181 1,88802833 -5,8995062
-3,3596602 2,71235498 1,09655815
-3,8248836 2,51450651 -6,0421603
1,01242048 6,76352687 -1,320886
1,87748109 -2,7985152 0,06189987
-3,8105031 2,11062879 -1,3214183
0,23658986 -3,191317 2,55001164
-3,2409968 2,55261553 -5,9053609
-3,0497147 1,60762012 -6,9520916
-3,9662897 1,97921188 2,19825824
0,88796445 -3,2782162 -5,1748476
0,5957184 -3,0719317 -2,3273502
2,02717801 7,08641418 -5,1698251
-4,1859616 2,19405924 1,76936684
0,68867678 -3,3619225 -2,0519251
1,44869152 -4,2228265 0,72208275
-4,2194858 1,15634731 -9,9019917
0,69187797 -3,1149768 2,440571
0,58681975 -2,8170466 -5,7034658
-3,8249882 0,8111333 0,23225121
0,82503463 7,51407721 0,95722426
1,00806882 7,79627665 -1,3278106
1,32281318 7,94664645 2,85858675
1,95423328 -2,7979434 3,4816317
-3,8543139 2,56794071 -7,3236685
0,75930349 6,47278548 -3,2108711
1,07954929 -3,0470056 -0,1183376
1,42779189 7,46746352 -9,7941073
1,18269475 -2,5186812 -6,0269432
-4,2139338 1,98931441 3,72145436
0,68897575 -4,0212824 -3,0872747
1,32128223 -2,7214326 -0,0526019
-3,8459069 1,39024308 3,9802909
1,63385924 7,87602734 -2,3173097
0,66635303 -2,7653625 -5,0419681
-4,1437456 2,54307395 -3,5510798
-3,153111 1,8957626 2,82364048
-3,1634532 1,98475661 -4,7641361
0,92278724 -4,1583612 -6,7579046
1,75551002 7,22819137 -7,9307077
-3,9533448 1,67473719 -2,2845952
-4,4696584 1,8408605 -6,7630269
1,31019673 7,53104411 1,04354942
1,10357253 -2,4349462 4,91654193
-4,0064136 1,94533561 -6,2755161
1,50336632 -2,5005504 -7,3744225
-4,2234799 1,32667597 -8,8898037
-2,7909645 1,2405505 -1,1286067
1,22095823 -3,9913548 -3,5007456
1,61195759 -3,3294515 3,47546417
1,30322647 -3,0827995 2,26660087
1,80875729 6,96697834 1,63109103
-3,6543171 2,65230554 -2,4393365
1,45196444 -3,0076109 0,33952072
1,8148339 6,23486114 4,85960628
0,58901402 -3,5863817 -1,4392845
1,5141989 6,48230987 -8,9978966
1,4392466 6,35786058 -7,3568218
1,99846047 7,54438732 -0,1600803
0,24718937 -3,555759 -8,8668983
0,46030079 -3,8637618 -7,5262326
-2,9108757 1,72554781 -1,113377
1,48388428 6,59697904 -4,2650507
-3,8439573 1,37008782 -5,0593544
0,51152439 -3,5072997 -0,0063764
1,39211908 6,28532707 -3,4031209
-3,9188082 1,57100308 -3,5488936
-3,6999448 1,39877734 3,84407368
-3,7629673 2,04395971 -2,5662318
-3,7879309 1,6519776 -9,9923434
0,24362509 -3,0357066 4,94233661
1,85285166 7,49860846 -6,6441465
-3,2146792 1,04225576 0,3535179
-4,0967754 1,00672012 3,24231213
1,19769941 -3,9024012 3,36309101
-3,4140624 1,83754685 -9,2940953
-4,2879523 1,09739451 -5,0947188
2,09894723 -3,4283139 -1,1293655
-3,1592757 1,90785258 -8,1021113
1,92323892 -3,40478 -9,6175429
1,52654695 7,95672574 4,72151824
-3,044382 1,12929304 -6,0489582
0,84531522 6,92515903 3,5342338
1,47403803 -4,0491797 -9,6082548
1,78771371 -2,5791113 4,84984583
-3,2154705 1,81214447 -8,9724073
1,63646378 6,84633796 1,45453483
0,6853772 -2,7204301 3,34114652
0,78578642 -4,0877004 1,57750939
0,87844339 -2,4822695 -8,8808342
1,58155762 -3,9018669 -2,2939496
-3,6415683 0,80833335 4,24948429
2,4344409 7,33680443 1,03911694
0,73338782 -3,585907 4,73908816
1,55834805 7,2281642 -0,0243397
-4,1268735 0,95429223 0,27926427
1,49286864 6,63877174 4,06973869
0,86547779 7,18514017 -8,4074998
1,38508637 6,27240789 -3,8717975
0,76375401 7,06836431 4,09438944
0,5541929 -3,5998605 1,70302165
0,37521423 -3,0509833 3,19684455
0,77246073 7,55149599 2,21642911
2,00832067 6,16480505 1,82102687
-3,1323044 1,51972534 -9,6942084
1,78716262 -4,055494 2,81138027
-2,9054656 1,91201743 -2,221071
1,67652081 -3,0179845 -9,8361824
-3,8874681 1,15697594 2,70211379
-3,2862778 2,12224658 4,77397324
1,5963589 7,96159625 3,79287131
-4,0599375 2,58323906 -5,1944699
1,1291932 -3,0405393 1,37386736
1,56195895 -3,9308011 0,99458705
-4,0084084 1,22325581 -2,3594473
1,18354503 -2,3499193 -0,7916088
1,34306081 -2,3974424 -4,8750928
0,9324407 7,70236861 -8,3689372
1,95350496 7,80919851 3,92734873
1,48603478 -2,4555149 -1,3371492
2,4257423 6,74944299 2,36924425
0,61982476 -3,4878583 -2,2581188
1,78859326 7,63687158 -0,0682432
-4,4934101 1,72197423 4,2865035
-2,6322726 1,68120073 4,9852184
0,87322152 7,64561073 -6,009177
-3,339843 2,48600881 3,80073969
-4,2975588 1,93248568 -9,4719758
1,1651205 -3,1431652 -5,6707254
0,84656788 6,55916305 -3,6293344
2,03436054 6,20214487 -7,2330414
1,55961104 -2,8756012 1,33934355
1,58898207 7,66160902 3,70045883
1,30647495 7,22349876 3,79992858
0,77570103 -2,5225298 -5,9491076
1,97398275 -3,0947392 -4,7021587
-3,8421364 1,55826284 3,4771953
1,87314221 -3,836474 -6,9240744
0,99587119 7,15358942 2,20931973
0,71962673 -4,034929 2,00996476
2,11432076 6,68564276 -0,7851861
2,03951822 -3,6161176 -8,7771457
1,16580699 6,94449357 2,03368902
-3,5263387 1,33675317 -6,6286086
1,43750216 7,15820913 3,54688412
1,4459002 7,13248587 1,95861941
0,32306056 -3,1892181 -1,3846377
-2,8086334 1,61807363 4,15148684
0,90917383 -3,9185164 -1,0928991
0,78562593 7,14468641 2,65099349
1,94180023 7,41068552 -9,717167
-4,3098102 1,33542988 -5,8281725
-4,0424615 1,79531603 3,6822986
-4,1002385 1,11943441 -1,0108439
1,29312556 6,74837063 -2,4377304
1,24388541 7,23855205 -2,8074323
-4,1943244 1,06659039 -2,4782856
2,1038119 -3,1704611 -3,6471843
-3,6886392 0,8020617 4,76509231
0,78895742 -3,4381288 -4,4271737
2,11229638 -3,1667519 0,36913341
1,57017352 -3,5959778 -0,509497
1,02343739 7,53049343 -4,3967066
1,18095219 -2,9998309 -8,0842332
-3,7693104 1,49931807 -6,2142246
-3,7681435 0,80312141 -5,0797945
1,55715994 7,86948547 -0,9164949
2,18510699 7,33841979 3,08953404
1,5787231 6,7419548 -8,5087273
-3,451301 2,20592472 -4,6003856
0,60376329 6,90475017 -2,487423
0,22120281 -3,5177975 -6,9497579
-3,8760692 2,61741441 -5,0156922
1,42543174 7,92357415 2,3649543
-3,1627753 2,17273364 -6,7656134
1,86846983 -3,4657665 3,30242718
-4,0188159 1,54568087 -5,606319
-4,2968938 1,34919632 -4,3164534
1,77622356 -2,6700071 0,43291601
-2,7530812 1,75090041 -1,0466641
-3,1235943 1,95948694 -9,5307077
0,57871711 6,95059243 -4,1214829
2,36226736 6,49786632 -8,5647172
0,99828554 7,02136571 -5,223984
2,10795693 6,99595907 -5,426677
-4,3981474 1,29581303 -2,9209243
1,78398181 7,64609869 -8,0453214
1,87638722 7,66051147 -5,3583247
2,06402784 6,7667042 -7,9867083
1,87938134 6,88112122 0,84991895
-4,0978824 2,34671778 1,24153791
2,19432676 6,48604704 -3,9759461
-4,1642071 1,51941445 -0,2946366
-3,449835 1,68613113 3,00686424
1,15674909 6,65800146 -4,4495262
1,06996839 7,80179053 3,63232787
0,72504972 -2,9248771 2,04933324
-3,11668 2,58959291 -0,1227066
1,24032731 -4,1306635 -9,8970646
1,83082581 6,15336625 -8,3038814
1,76906608 7,52024907 -8,280732
-2,878356 1,32582583 -5,1563566
1,11626067 -4,1819251 -9,3828342
1,62376635 -3,0357525 0,14875263
0,68663428 -3,102976 -0,2871682
-3,2627691 0,99443544 -9,2070467
1,32823824 -3,5718732 -4,9736744
0,20844174 -3,4517959 -4,822911
0,23288659 -3,4343688 0,2914987
1,66373711 -3,0607127 -4,6230806
1,90516139 -2,8300225 -7,8361457
1,57542498 -3,4146206 -7,1202155
1,22260119 -3,5580403 -9,6071719
1,75626892 6,58047367 1,78568939
-4,1700279 1,78287701 4,67656102
0,23260981 -3,6945022 1,33112306
1,38128724 7,26006289 3,38815037
0,87242827 -2,7026903 -9,9065572
0,55331757 -3,3837354 -0,1154293
2,21135122 7,07500983 -7,7604854
0,70721568 -2,8233112 3,02576615
-3,1384656 1,19078115 2,43628176
-3,0237515 2,46207805 -2,9507152
-2,8440368 2,14166705 0,49381788
0,8824316 -2,9403406 -5,0580113
-3,4471765 1,11290933 -9,6732016
-3,4308094 2,37343955 0,22145655
1,55507476 6,7583417 -7,1502068
1,76110174 7,37409775 -0,8848569
1,01880694 -2,6602197 3,77470968
1,69055274 -3,9794337 -0,3484908
-4,0027715 1,69497894 -7,1357913
2,42590887 6,87472294 3,3567414
1,10723728 7,7164856 -6,1112504
1,94906176 6,46344834 -1,0398157
1,0878403 -3,0601388 -3,3543564
2,25809719 6,92530451 -1,1079698
-3,9323579 2,16384962 -5,2186095
-2,6163549 1,74251437 -4,6497722
1,57588116 6,45275188 -6,3329765
1,76817387 -3,0972233 -7,7722918
-3,0971521 2,06568111 -6,9145829
1,36787941 -3,7061419 -7,4143415
0,95758122 6,50853081 2,48097426
1,38240543 6,19790427 2,7177471
-4,04336 1,42177557 -4,0676129
1,30589216 6,8694879 -5,1881265
1,20672187 6,53312433 -4,6307253
-3,5152482 2,4345017 4,90516188
2,28244896 7,69385068 2,32991759
1,65910509 7,6905148 2,28380643
2,11073381 -3,3371015 -1,9881902
-4,033349 2,39469656 -4,7760964
1,03701733 7,57578098 -0,4753022
0,44239838 -2,9361245 -8,2735617
0,22548246 -3,0833283 -3,3198621
1,54213847 7,56930834 -7,5047889
1,21439392 -3,0876602 -7,7777506
-2,8360811 2,34753554 4,92765102
1,73418551 -3,0222846 -3,1723131
-3,0342172 1,05846128 4,44534664
-2,7091509 1,9112537 -4,2915089
-2,7560259 1,56034395 -8,3657902
-2,8197814 2,35141633 2,59606477
1,52085758 -2,9279626 -9,9649008
0,34578833 -3,7264582 -3,7722351
0,63880057 -4,0150702 -7,0713312
1,90800444 6,36708315 -2,2793092
1,30856993 -3,1855237 -6,7350203
1,53700114 7,86587642 1,63675523
-2,8303785 1,53018951 1,29374797
0,96666684 6,36000248 -8,8417294
-2,6098656 1,84552938 -4,1253525
-3,1589432 1,59914379 -9,4366485
1,05870257 -3,228205 3,55618176
-4,0898845 2,07059059 -6,9518824
-3,1507288 2,59429224 1,06600787
-2,7224625 2,28553993 -4,6668365
-3,6214904 1,3724297 -2,7727203
2,05378695 6,7085963 -5,7811091
-4,1074603 1,21872174 4,89714385
1,40447048 7,44183091 1,60527891
-3,5847265 2,23336157 -3,6110695
1,47989304 -2,8855837 1,54999645
2,06707786 6,6287809 -4,1877983
-2,9651623 2,175069 -5,5806547
1,8643476 -3,0757605 4,64493401
-2,8218462 1,47045657 -8,9514659
-4,0728176 0,90673845 -3,0342644
-4,2645664 1,8455706 0,31459236
1,45854722 6,1164409 -0,9464295
-3,5213556 1,04167536 -7,2660176
1,79059204 -2,9210267 -0,8844775
1,29908895 -3,2430168 0,11011254
2,05193304 -3,4406711 -0,3641394
-3,8341263 2,29562504 1,01388869
0,19531993 -3,4708225 1,00139585
0,81971885 7,45540002 -9,7330712
0,94753974 -2,7452616 3,13398369
2,11496236 6,6775349 0,56270767
-3,1373792 2,48054254 -1,6809721
-3,6321318 1,97738981 -6,0918265
1,11088419 -2,555655 -3,1706136
1,16580921 7,50312303 0,95972951
0,65922143 -2,7848869 -2,8989764
0,85284394 7,17766647 -7,9259643
-3,2050718 0,99522903 -1,8486835
-3,5676045 1,61862937 4,89573702
-2,6758489 1,70672876 -6,4629552
1,97733307 7,3342153 -4,9504506
1,97001055 7,19925826 -8,1338449
1,65121923 7,75906233 -2,4324211
0,91121869 -3,0642891 1,31630131
1,31711554 -3,4753665 1,38123571
1,08639916 6,95398402 4,53975358
1,14025995 -2,5338406 -6,1498513
-4,0427302 1,20754447 3,5955216
-3,0941347 1,04860909 -1,3378726
1,92905034 6,35356046 3,62996633
-3,0806402 1,77479631 4,04317028
-4,3473265 2,10483304 -2,2927229
1,56411128 -2,8427019 -4,0966898
0,99720218 7,36289087 -4,2542958
1,89746071 -3,6857569 2,99237592
-4,186385 1,48856244 -3,8300113
1,37452828 6,12902256 -8,5205382
0,97325153 7,18195807 -7,0693925
1,90359479 6,79423726 -1,3018795
-3,6396613 1,82911249 -7,0073521
-3,2790527 2,10995917 -5,0399061
-3,6673614 0,82453768 -3,0479716
-4,372062 2,28578906 -1,1811848
1,72355303 -2,5304339 3,24898445
1,85563819 -3,1188773 -6,2789998
1,87150991 7,03212068 -4,7695284
-2,9160798 2,34762509 -1,2748018
-3,1729177 2,39015321 -4,8461853
0,92298053 -3,1435571 3,98337236
-3,3369968 2,54485188 -2,7688355
-3,2227309 1,05654743 1,63502865
0,38249528 -3,4694752 0,0728608
0,56388005 -2,7088844 4,25764104
1,92195148 6,16357919 0,98760344
2,05055601 6,46576989 -1,3120502
1,05750201 -3,5141862 -4,8345753
0,90431365 -2,8198228 -5,0819748
1,12244852 -3,7351479 -1,3911882
1,81170864 6,07260709 -0,3389785
1,69938444 -3,543862 -8,4754751
-3,6972002 2,0586961 -8,4584624
1,90803669 7,92716766 -0,5543413
0,55252552 -3,3562704 -2,9197827
-3,7848722 1,22732349 -5,4428744
1,1738816 6,46340607 -3,1274338
0,5833292 -2,923819 -2,3164439
0,52044711 -3,0401436 -8,8782397
0,70919321 -2,4879316 -1,2958555
-4,5386226 1,81684705 -8,7881815
1,68434896 -3,1071981 -6,6972902
1,71316543 -3,9900972 -1,5170391
-3,8578153 1,48203737 -2,2416143
1,49987171 -3,9897893 -3,4162971
1,07277069 7,37417034 -6,4542238
0,90723818 -3,2041941 4,4788216
-2,7861713 2,24919899 -7,6977184
1,92225934 7,89321364 -6,8717511
-3,5931734 2,03550439 -2,7104235
1,4354488 6,22823229 3,59722597
-3,2795456 2,09044846 2,37128957
-4,2840403 2,10716034 -0,6670477
1,60862174 7,79438142 -6,8756707
-3,3927869 2,69762302 -4,316922
0,98032895 -3,2555715 -3,1585764
0,46982879 -2,5715884 0,06841522
1,64414683 6,43591016 -3,9063012
1,14356934 7,57887811 -8,5546081
1,98144795 7,09992443 -8,7783923
1,22476666 -3,9691955 -1,3403206
2,07488878 6,87322118 -9,1441794
2,35475994 7,51000805 -1,8234928
0,77241935 -2,4906785 -0,9641942
-3,8710144 1,71791084 3,03553764
-3,34911 1,13274595 -3,3222382
-2,7575256 1,61446678 -7,4733344
-3,7265933 1,65905866 -4,7383153
0,76181497 7,37183098 -1,1682656
0,98699737 7,62632618 3,81180417
1,70191892 -3,4589764 4,31441143
1,00484684 7,20481445 0,08796198
-3,3158155 2,48996732 -0,7155319
0,6676427 -2,5061302 -9,4328595
-3,549208 1,68395095 -0,0034717
1,90285246 -3,2891023 -1,9967431
-3,8818375 2,02106768 -9,2774658
-3,0064406 2,06696905 -6,2528496
1,72151398 -3,4389412 -6,5635102
1,79852512 -3,2266446 2,05877361
1,90839375 -2,7105304 -2,4157923
-4,3404196 1,25842712 -8,2338538
1,67998369 -2,6078873 -6,7426513
1,59586576 -3,2072223 3,68438482
0,57486158 -3,5427953 -2,2058691
-3,8902718 2,03315707 -7,3934068
1,64490095 6,80321789 -5,9622857
1,16778921 6,13782175 1,89464083
-3,4998176 1,25757164 -0,1236962
-3,6118885 2,74108312 -0,0209184
2,2532478 6,80299395 -9,4453479
0,74687297 6,79507184 -7,2651529
1,52559304 -3,7673305 -8,8225937
2,3430833 6,41951082 -3,5631498
2,27774681 6,54216217 2,88618337
1,56473439 6,33542878 -4,1087951
1,85195495 -2,6970924 -5,0644104
2,12121118 7,65856876 -0,1245133
2,03763468 6,81028534 -5,3168824
0,92712126 -2,5538096 1,14379214
-3,3745254 0,78635949 -9,6742346
2,28581212 6,50818073 4,99156584
-4,214384 1,11025399 -2,8050209
-3,7631622 1,7721164 -7,0458351
-3,8019445 2,26650471 -4,7768781
1,36385244 -4,2320233 -5,3932718
0,60584096 -3,7425699 -0,7827828
1,55621964 6,10244658 0,68598267
1,00216941 6,97013825 -5,4904396
1,00487527 6,21571065 -6,4145418
0,32991559 -3,5265018 1,84445999
1,0012952 -2,5611522 -9,9168892
1,49236978 7,13534589 -1,2012374
1,13519873 7,57252861 -7,6107932
-2,9580685 1,47848725 -9,1977693
-3,6105719 1,53640519 -4,8956362
-3,917533 2,3696204 0,51235532
0,97981515 -3,9166867 -3,0324549
0,44487829 -3,3056212 -2,9114965
1,22078619 7,71608324 -1,2109535
1,1852177 6,7565148 -9,5722381
-3,9650308 1,78920235 -4,1633489
1,76057804 -2,9830554 -9,6337039
1,93552734 6,69680053 2,78051186
-3,396516 2,58861322 -4,2570665
0,793743 6,74975277 -2,5439788
-4,4698161 1,44957768 -9,8543599
1,25057777 -2,6212433 -2,5540049
-4,3299698 1,15106368 -5,8068967
2,30120026 6,3925458 4,08287855
1,60546032 -3,0199449 -9,3967989
1,51721865 -2,4625473 4,16260741
2,10561528 -3,3083097 -2,3355496
-3,5714272 1,46555946 -7,0563263
1,06909129 6,86662195 4,96502975
1,98977473 7,06085327 2,29409937
-3,5590263 2,7446737 -4,9425836
2,02218752 -3,2902295 -7,5118437
1,72461145 6,46848273 -8,7639863
1,76962019 -3,0409738 0,13363459
1,59185895 -2,5785795 -0,333899
-3,7213081 2,62587121 3,68427949
-3,928601 1,42026182 -0,2243092
2,27247445 7,55118975 -8,5517504
1,35451471 6,37295605 -1,3576294
-3,4377379 2,53605781 -5,8896144
1,50163628 -3,9975765 -0,0725396
1,52697084 -3,9911315 -2,7295217
1,24762218 7,36835937 -6,4328368
1,58101812 7,45848644 -1,877615
-3,2586674 2,22053382 -3,752298
1,6617769 -2,6032345 4,08632408
1,26280788 -3,6525702 -7,6885229
0,71214746 -3,8393783 -7,2856495
1,72728929 7,51375313 -7,5675872
1,66486456 7,18926347 2,86103589
-3,8270997 2,30584236 -3,9547716
-3,09472 2,27623848 -9,3887595
-3,9133233 2,21104095 2,80040991
0,95617713 7,7853785 2,61804514
1,48320974 7,69918963 -6,4520425
1,35312927 -4,0703575 -4,5974507
-4,2804076 1,74079098 1,53110512
2,15083905 6,47281548 -4,799309
1,28480055 7,90620243 -9,3049419
1,44277129 -2,7942901 2,15474182
1,89710953 6,08044433 3,59699462
1,11234052 -3,6523182 -9,9452674
-3,6783584 1,35724538 -2,586374
0,70689465 -2,5611115 2,16320551
1,14363327 -4,2766677 0,1131438
2,33659627 7,26119993 -7,0781792
1,82438766 7,12068388 -6,5402722
-3,3462182 1,26205456 3,96095927
1,12178706 7,04677976 -1,1658737
-3,527463 1,7356861 -5,5819412
1,22166111 -2,7481004 -1,6213091
0,99607216 6,89311698 -4,4533423
1,91274359 7,52677568 3,45671032
1,51087404 -4,0879706 4,15386523
0,96706526 -2,6120729 -3,3744951
-2,6006739 1,92797065 -1,9351425
-4,4392994 2,01930904 -6,9835493
0,86140213 -2,9890086 -7,7856331
1,79109184 -3,273821 3,82152108
0,81497131 -4,232074 -4,1517101
0,47644232 -3,8027359 -1,4356531
0,97681958 -2,5975147 -6,6891837
-4,2045372 1,24975403 -2,2801584
0,33460859 -3,0345121 -2,3342549
1,02758415 6,87286596 -7,1067255
2,16165266 7,3520678 -4,701908
0,92945417 -4,0096279 -2,5416745
1,93324303 6,6210718 -9,9053302
1,38868638 -3,4594766 -2,166113
-3,3602868 1,60830889 -7,8019105
1,03103299 7,67470003 -3,1070253
-3,6749304 1,97160217 -2,4997548
1,43701156 6,90340661 -4,8717567
-3,3912011 1,20049004 3,20569525
-3,0064429 2,25146079 2,76152038
1,64952087 -3,0991863 -2,5180471
-2,6452533 1,4141837 -5,9068064
2,35580321 6,49248005 -0,4992182
1,52014248 -2,7687541 0,53408808
-2,7124014 2,17133994 3,66478303
-4,0760125 1,85511533 -5,5779613
0,72509497 7,23720481 4,22685356
-3,3624658 1,55264342 3,73025175
-3,4924086 2,47041649 2,85063955
2,25502062 6,6782548 4,60610882
1,04272028 6,49196836 -1,9476773
1,20325413 -2,5192571 -6,3624172
1,51530134 6,63926286 -2,7937346
1,2674883 6,73007589 4,34289279
-3,7919126 1,09187301 -8,1013596
-3,66873 2,16529923 0,54557214
1,31518655 -4,2255968 2,10628287
-4,1378184 1,96263963 3,27526086
1,75331066 -3,0995892 -1,1609496
1,70823632 -3,6656443 -9,4565577
-3,4419219 1,38342137 -0,3322834
2,1500533 6,29542492 -9,560969
-4,2566854 1,84613839 0,16138791
-3,6176293 1,43652705 -1,774081
1,07149232 -4,1234772 -6,8678202
0,8842402 7,08684023 -4,6637121
1,7737891 -2,7242821 -9,7048434
1,54487127 -2,8776804 -3,51643
2,23434891 7,57888524 -7,8214066
1,82140231 -3,443497 4,74800336
-3,6546032 0,82888956 -3,4671163
1,07600367 -4,215548 -9,2818943
-2,6340464 1,48894572 2,32552552
1,48045836 -3,819225 -2,8058395
1,13359549 -3,7613823 -0,0027165
-4,0530185 2,2104008 -3,6282152
2,0630059 7,14338521 2,65849966
0,83882646 -3,3393542 -8,4982275
-3,7928196 1,02560236 -7,9375692
1,5838516 -2,4809494 1,66273263
-4,1014749 1,47189378 -9,9196608
-2,9078211 1,00451074 2,02855601
1,42839107 6,26558648 0,23683047
-3,455519 2,25008225 -3,8653533
0,20022948 -3,0739098 -7,7448755
1,01783333 -2,9571956 0,3677777
1,39328618 -2,3644591 -7,1236069
1,48958809 -2,4765128 -9,471546
0,3942937 -2,8682467 1,84275132
0,14777387 -3,3210147 -4,3784857
0,39300882 -3,2629706 2,38922206
2,23465796 7,54670092 3,37542371
1,76866566 6,74286159 4,88903858
-4,4964133 1,54954095 -2,6525349
1,78896564 -3,4494886 -2,6850637
-4,3715028 1,93142717 -9,9510493
1,47443748 7,36443536 -7,3503532
1,01153125 7,80067499 -8,521278
0,77121366 -3,2241376 -3,3951479
-3,4973848 1,76741079 -7,1275246
2,26016864 7,42104706 -0,0540549
1,19457413 -4,1583464 -6,0759833
-3,6604681 1,28359163 -8,8031548
2,13657274 6,25314797 -8,6117611
-3,8757176 1,07383328 -4,3181988
-3,7441135 2,44751437 -5,5803557
1,23164275 -2,855036 -7,8270512
-3,757434 2,70457376 -9,6908422
0,9529908 -2,9419738 -0,2138529
-2,9411126 1,14504009 -2,518154
-2,8635867 1,37523877 -6,4769033
0,55406692 -3,9331677 -9,6417609
0,60935958 -3,1302496 -9,9616125
0,97161146 -3,0188191 -5,200101
1,37784383 6,68854202 -8,1636807
-4,3616061 1,64795294 -6,1650172
1,19737396 -3,456972 -0,6818063
1,98274534 6,894937 -9,6160811
2,23692703 6,27800537 3,08494097
1,44704259 -3,8207673 0,19143569
1,33518996 -2,7749654 -0,1084115
2,04887876 7,1949256 -1,960698
-3,3900462 2,66075082 -9,3977274
1,16729211 6,12368934 2,59428987
-2,6880119 1,48701073 1,13953861
0,97439976 -3,4502658 -1,7063484
2,20376396 7,31025397 -9,6480283
1,20087861 -4,0226088 -4,288208
-3,427496 1,63230941 4,72777908
1,40725899 -2,612496 -2,8714647
-3,5736936 1,01764019 -3,0902262
0,88670479 -4,1547868 -7,186857
1,65288806 6,91479437 4,57816633
1,14396451 -3,2743025 -1,6807935
1,95103525 6,59614306 -1,4088052
-3,7889297 2,14460001 -9,9831898
1,53530675 -3,5500183 -4,9421759
-4,1529432 1,94857013 0,86209513
-3,7924831 1,77108979 -2,5744976
2,04674172 7,39392318 -4,3089329
1,4712949 -3,199919 -9,9404769
1,18310879 -3,0095625 -4,8747645
-4,3730794 1,26124886 -8,4260901
1,36410435 6,18401188 1,65377288
-3,2476762 1,61222082 -5,5293582
1,37221999 -4,133887 -9,8672285
1,0211469 -4,1175984 -5,0982413
1,10272275 -4,0802164 -1,5356297
1,98632372 6,57592669 2,73839055
1,67110956 6,36622539 2,28984144
1,1955889 -2,6436554 -4,9152523
1,09557264 -3,5019826 -9,1441678
1,14761608 6,28222782 3,81532282
2,01769077 7,17657817 -5,3229252
-4,1451928 1,30883849 -1,6525377
-3,6891184 1,62802385 -5,29212
0,51983757 -3,1972885 -2,8354899
1,1834853 7,63260649 3,6127265
1,36127022 7,40618458 3,83718695
1,53244172 -3,9258813 -6,2347676
1,18124046 -2,3990679 -2,6694339
0,81985423 -3,9490983 0,95491985
1,51837928 7,06714467 0,37776524
0,83867082 7,04440307 -4,0542545
-3,5836243 0,85362567 -0,4041771
-2,6447995 1,36012886 -7,9028636
0,16091114 -3,3163365 1,19593715
-2,7998451 2,37889754 1,52200978
1,59622555 6,46296854 -4,5623485
2,1099541 6,48136561 -0,8839345
0,98246923 -3,5359318 -5,1980372
-3,7580355 0,87433785 -5,1432514
1,77508753 7,90278612 -0,9120742
1,40085029 -2,4377113 4,1025507
1,36664543 -3,8730922 -7,5591021
1,17608459 -2,4077608 3,72264109
-3,5480808 1,27590864 -5,3003819
1,01637394 -3,8923496 -1,8476916
1,69033327 7,31188415 -2,1449084
1,57790013 6,58104959 -3,3536858
2,02204426 7,5850101 -9,0964561
1,43241856 7,95922776 -3,7965575
0,93425044 -2,6454547 0,51813518
-3,8782222 2,34775893 -0,1139174
0,61450282 -3,0269746 -6,9326477
-3,7130817 1,06105423 3,8436784
0,92659981 6,35183956 -0,9859867
1,30264528 -2,5887922 1,13745616
0,84509739 6,58606212 -3,1933749
1,56829943 -3,5504734 -4,5390075
-3,2678385 0,84301261 -7,2561737
1,03842675 -2,9304751 -9,1797191
-3,8762075 1,7776534 -1,516416
-2,9806608 2,3763927 -3,7618772
2,16281144 6,44879162 -6,1958936
0,99701831 6,87916895 2,19228529
1,38330307 -3,6339695 -9,4988123
1,09836085 6,98462333 -8,3818411
-4,1821809 1,52161304 2,02099929
1,13465211 -2,844964 -0,8082841
-4,2055925 2,25069219 -1,5659211
-3,0061837 2,22228726 -2,0913107
1,87003748 7,76850366 4,69841936
1,52653821 7,0341882 -0,3913936
1,12878986 -3,3141106 -3,3057526
-4,0208102 2,01012041 -5,00603
0,90589273 7,11225813 -3,5024352
2,1649915 6,33760622 -0,4257467
-2,8093559 1,74048007 -6,2458567
2,02984195 7,45858898 -4,4186284
-3,2694809 1,70051441 0,30974186
2,44244708 7,02837825 0,66714521
-4,1580197 2,06010415 0,3114957
0,67425552 -3,2453493 -7,2581912
0,75802823 -3,6987408 3,38996857
1,75958023 -3,1222972 -8,6241812
-3,1777532 2,36022584 -2,4570413
1,76649888 7,29125129 0,43944573
0,77945245 -2,8119757 2,17297149
1,32835383 7,92734568 0,24238249
-4,3499557 1,8955657 -2,5793314
2,51045772 7,07584109 -3,4274685
-4,2376114 1,80833797 -6,336645
-2,9910058 2,08183597 -0,6093993
1,13632675 6,40126789 1,62795342
2,00960379 7,83249605 -3,1106806
0,85942072 7,65692988 2,14664255
-4,1398704 2,18840589 -2,8503007
2,12442901 6,79580923 -6,6179145
1,35537616 6,53852684 -1,7604163
1,37852123 -2,4061465 1,28460512
-3,8286901 1,4362359 3,82514807
-2,9006661 1,64160012 -6,9823364
2,00518404 -3,5602019 -1,1336722
0,8887151 -4,1694588 2,69461975
1,76804019 7,35720505 -8,6019015
-3,0235696 1,0106892 -9,5705076
1,90902026 -3,5138093 -0,9805749
1,41571936 -2,4185875 -3,8485066
2,12561007 7,17947523 -8,8279746
1,38548892 6,60643017 4,4053969
-4,4256747 1,95276598 -9,4816284
1,37669201 -3,9828537 3,87709915
-3,9656719 2,57309463 0,48296864
-3,2513329 1,67577516 -1,0283595
2,2295165 7,66531134 -4,9272558
2,0331893 -3,534758 3,16055538
0,63761596 6,88733483 -0,4723408
2,2312349 7,16244815 3,74910454
-4,2305126 2,41380994 -0,5193175
1,40259803 -2,732869 -0,8854967
2,17669585 6,76877816 -8,5368461
1,80335982 6,70146502 -8,1986914
1,47598888 -2,6803948 -7,6442334
1,66839916 -3,8575865 -4,4084261
1,45374116 7,52653523 -0,6908585
-3,2380984 1,43254901 -0,5384606
0,75650014 6,56633584 -7,3222818
-3,7000175 0,89269978 0,8349175
-2,948793 1,60454646 -3,5914951
0,89509653 7,68353219 3,67908286
-4,0758948 1,72838054 -1,1273985
2,32377797 6,55493235 -1,4410579
-4,1802467 1,82982089 -3,0033252
0,81847862 6,50214362 -8,9111606
2,0092124 -3,0695362 -9,0140431
0,54008711 -3,9423132 -1,1473557
1,0099625 -3,4835496 1,07408789
1,69192943 7,11256465 4,83684996
-3,0304909 1,74164631 -2,6070828
1,33267106 7,245962 -9,7116594
0,69300729 -3,8837258 0,96219986
0,41068146 -3,7563202 -9,7867338
-2,9101141 2,42022467 -7,7546949
1,43298662 6,37576257 -9,2071452
-3,7589675 0,81515949 -0,7727111
2,09168304 6,60370524 3,71585572
1,70448341 6,96440561 -2,7435615
1,17464119 -2,318485 1,75109503
0,69211646 6,62649368 1,16860835
-3,4430147 0,90791216 0,82350258
2,13863292 7,39984348 0,73512925
1,58850774 6,52997548 3,88468936
0,99563076 7,25007259 4,95950798
0,7697073 6,75842368 2,10483157
2,05470533 6,75130947 0,71096703
-4,0555783 2,58826765 1,46938282
-2,9451974 2,14993617 -4,8385141
2,38011937 6,86269703 -8,877426
-2,9825311 1,89190495 4,19920157
1,58946901 -3,7756103 -3,7009632
1,11668637 -2,9338471 -2,1223061
2,2830357 6,69517743 -0,2800645
0,97048717 6,98898097 2,91910197
-3,8981429 2,13199948 -2,2658944
-3,6934811 1,78637838 0,69174544
1,68734767 7,58482783 -2,4389016
1,76453957 6,14155134 -8,2362161
2,49152814 6,83171549 -1,7460316
-3,8927224 1,69565687 -9,3170845
1,54995844 6,2404536 -7,6341245
-3,9675627 1,20330405 2,00884322
1,46088273 -3,6446625 -4,4425766
2,38836406 6,53301378 -7,2068262
0,68930786 -2,6535318 -4,9985455
-3,2712926 2,57151592 3,61653013
1,46473812 6,97489579 -4,1104682
0,23003664 -3,202832 -5,2825257
1,3358887 -2,5011688 -2,2688438
0,32690823 -3,2113309 0,63955599
-3,4212451 1,60129853 -1,4436933
1,20919198 6,84131757 3,03381671
2,4157009 7,44874507 -4,5504997
0,90985348 7,62077123 0,0463973
0,27138926 -3,3213855 4,74567656
1,33225118 6,13150839 -1,9121066
-3,1156487 2,21200377 -0,078675
1,81621027 7,61876621 -2,9361338
1,77743367 7,24780004 1,39128286
1,7007163 7,95286759 3,82099164
-3,3703343 2,26156589 -4,6069206
0,4535015 -3,6516739 -7,0409947
1,90632971 -3,6407489 -7,2753943
1,45559313 -3,5751321 3,2648397
0,41307264 -3,7221757 1,70208048
1,31958749 -2,9328674 -2,1487759
1,09124722 6,31657095 -6,5181244
1,90512389 -3,1035527 -5,0013946
-3,1054962 1,72582937 -5,2493344
-3,6848445 1,36003383 -6,8972183
1,12872853 -4,1929018 -8,7017146
1,18059951 -3,89075 1,17508096
1,41648783 7,6256441 -6,9124317
1,8699147 7,00921807 -2,3549612
1,3637916 -2,3900392 -1,0907872
-3,4448699 1,4068276 3,08960203
-3,7062081 0,87434046 -5,0687341
1,90759501 -3,019973 -5,0613818
1,52475298 -2,6670974 4,65861998
1,75177612 -3,2034624 -1,631961
2,00854451 -3,0123724 -8,8875138
2,49125191 6,98380862 -5,7114663
-3,9973405 2,43997739 -3,3167713
1,16155951 -3,2074748 -6,9990463
-4,1519822 2,28759538 -5,3403342
-3,4223842 1,3026415 2,13475739
-3,8128415 1,29804868 4,20280013
1,78719948 -2,9380855 -5,3147286
2,41946459 6,82090466 -9,3006153
1,33892869 -2,6918104 -4,9942416
1,05504205 -2,7417328 -4,3704336
2,06895921 -3,5353888 -5,2382182
-2,871996 2,40503096 -0,0507511
0,73580661 -3,2703028 -6,3022246
-3,2497276 0,83741998 4,81488628
0,97845293 -2,8811982 -6,9581707
1,05506677 -4,1699348 4,42837442
-3,431151 1,01932603 -7,9339058
1,54060107 7,62859915 2,36560283
2,17607991 6,57916061 -3,8320696
-3,1689728 1,99618507 -1,4266032
1,72659337 6,54271072 -8,9785469
0,31517948 -3,6812532 1,07487159
2,14917069 7,15504491 4,6465996
-4,1276388 2,0105942 0,28804174
0,75402749 7,30001745 -3,606352
1,02506436 -2,43491 1,86954303
-4,0751897 0,92448196 -7,164118
-3,1113052 2,29826541 -3,0525394
1,87058307 7,58705732 -9,4859168
-4,0425779 1,15777635 -6,9363687
-3,3725126 1,93823325 -3,3277552
1,82489091 7,85052521 -2,3185474
0,86904589 -4,2234187 0,44170542
1,21733212 7,13510333 -2,1091597
-3,3050814 1,90597634 -0,466136
2,37065526 7,53946021 -8,0123028
-4,0356685 1,47401391 -9,7133668
1,40924971 -4,0546407 -1,5746577
1,60570418 6,84788992 -1,3023992
1,19177827 -4,1567721 -9,4599399
0,66841516 -2,5147965 -6,3786759
-3,7238816 1,16152795 -4,5354317
-3,2260008 2,20746123 -4,5973968
1,11513642 6,86420086 2,93152821
1,53260515 6,93978176 -0,725404
1,5040494 7,52891331 2,44081395
0,43108968 -3,5526613 1,74877873
0,67987393 7,35224101 2,60332763
-3,6413335 1,49347868 -7,5387259
1,75400421 -3,4235335 -5,1327537
2,00482974 -2,9324431 -2,2187821
1,34298077 7,6144168 -2,6114525
1,44713248 -2,9302652 -0,1447052
1,61928232 6,29540386 -4,0667182
1,48766945 7,77211346 2,71911734
1,44049228 6,11160436 2,76326743
-4,2869497 2,04451113 -0,5979661
0,58938744 7,11079209 -7,0294782
0,88427971 7,17231096 -1,3464076
2,45186643 7,32238342 -3,3654803
-2,7556389 1,27332224 2,20472845
2,39513853 7,21209863 -8,0279545
-3,8164209 2,45943328 4,33242211
-3,9497352 2,07322503 -8,4391893
0,7727 -3,4803453 2,86173266
-4,4212808 2,00294544 -5,9233481
1,70623569 6,83343882 0,62393861
-3,8029027 1,45810653 -8,0899153
-2,9248103 1,58469353 -8,1931877
-3,010657 1,35861619 -0,9718362
0,96604567 -4,2419903 2,35590738
2,47060033 6,87448097 -7,1086465
1,11435301 6,77641047 -4,0192986
-3,7027795 2,31851248 -4,1530781
1,99756985 -3,2080048 4,69680104
0,95804964 7,41831108 0,55653538
2,2567431 6,78796638 4,25335352
-3,8046415 1,98955934 -0,6058197
-3,6393494 2,01782737 -7,0966338
-3,1228633 1,67731062 4,26199941
1,29147234 -4,1591278 -8,5166709
1,57764951 7,98497415 -7,2011598
1,91292978 7,22467785 -2,9910187
-4,0334301 1,53761655 -7,6879971
-3,4339031 1,07489057 -1,5110175
1,67858131 -4,0886156 -5,8581201
1,6763921 6,29449608 -7,4312979
-2,831656 2,0513678 -1,0996333
-3,3447454 0,80447111 -1,4317095
0,87679214 -3,4744986 -3,9009583
1,62897486 6,89663792 -9,6318093
1,41264182 7,06330331 -4,8331233
-3,5839868 2,28596412 -3,8307366
-3,2236942 2,48339593 -9,9412922
-3,4124088 1,90655996 2,88259125
1,73840406 -3,2746914 4,78667338
1,33888998 7,44958024 -7,7646826
1,40414079 7,14731046 2,64648
0,20447075 -3,6452719 -1,3856862
1,40763087 -2,5896367 -4,1561786
-3,8304068 0,9242304 -8,4896597
1,77246182 7,66000273 -4,4648086
2,01167049 -3,051268 1,19246784
-3,2222184 2,1098525 3,68947233
2,21068991 6,49574326 -7,0455744
0,43474481 -4,012147 -4,571513
-3,08315 1,32081287 -9,9033145
1,10534911 6,56877243 -3,0084206
1,5249925 7,08580336 1,81203931
-3,4018481 2,00868823 -4,7267224
2,21047651 7,16120693 2,87696216
-3,4817669 1,25794343 -4,9689902
1,51466169 7,22923537 -5,5536395
1,04171571 6,99669707 -5,869642
0,67204163 6,76365538 -0,2267264
1,49605973 7,40936667 -6,5614172
-3,6823865 2,7086228 2,59521234
-3,7395455 1,01428473 -1,0974072
-2,9452658 1,73628733 -5,1212362
0,93228357 6,58699864 1,1986772
-4,4140274 1,45065254 1,51055457
-3,0281236 1,40067565 -3,2479176
1,05972342 -3,2846643 0,50943382
0,93735167 7,47330398 3,43119631
1,8543112 -3,0680444 -3,6463116
1,14203294 7,8639788 -6,2932521
-3,9487022 1,43350189 -6,3328085
1,28997922 -3,7002334 -9,266759
1,52157032 -3,9038907 -5,6145523
1,18619497 -2,6152659 -4,8435471
1,73384221 -3,620724 -7,4842149
0,56696733 -3,3035664 4,08134148
0,76106991 -2,5032859 -1,0648589
0,99044141 7,4390002 -3,5765845
1,84599724 6,59840458 -3,7803597
0,79941151 7,30371976 -9,2559664
0,98880671 7,38096864 -3,2209947
1,81472573 7,96137657 -7,0732237
1,99481337 -2,8935472 -2,5283068
1,82648642 -2,7045204 -8,207311
1,70289357 -3,7107148 -5,5525747
-3,1832938 2,29402649 -6,9863815
2,18248894 6,22328584 3,84507693
-4,0121605 2,52527925 1,48749422
0,90162944 7,39528599 1,57873706
1,93416228 -3,0282603 -0,693644
-3,5723327 0,80413799 4,29390229
0,76052835 -3,3852424 -4,3555085
-2,9881739 2,067842 -2,3457941
1,47792981 7,823719 -1,1488268
-3,7251898 2,18723635 -3,5171779
1,34636216 7,43558164 -1,7530859
-3,4643527 2,0808012 -2,8667952
-3,837732 0,90453962 -5,0088729
1,71208267 7,17963195 -1,0802816
-4,5151494 1,79893135 -9,7291951
0,69332079 -2,7737887 -8,0759269
1,66265372 -3,3392277 4,60378251
-2,9203172 2,23501789 0,26763044
-2,7622411 2,08425021 -7,1264798
0,90175127 6,62332317 -7,3235123
1,18174227 -3,8156417 -9,6529364
-3,1829136 1,96109571 2,89041617
0,75836311 -3,4705527 -0,8131797
1,24563223 -2,7840935 -3,9545697
1,38620756 -2,4438408 -4,8497475
-3,8396697 1,8816527 -9,2338874
-4,0898628 2,07905406 -7,6770518
1,92401552 6,85983495 -3,9035983
-3,6732278 0,81641968 0,06733202
0,26184227 -3,0737104 -2,672726
-3,0679331 1,18927283 0,58433834
1,44120086 -3,8834779 -7,0097524
1,62819485 7,07429156 -1,4054041
1,34539238 -3,4621226 -0,1924499
1,29657694 -3,9594738 2,6050018
-3,4609376 2,36959869 -4,4532692
1,98636514 7,23000475 -7,231126
1,79587558 6,42516283 -2,2498765
1,01136958 -3,7353174 2,06390146
1,25062661 6,26119934 -5,0249006
-4,2119868 1,45673685 -6,8334366
-3,6682068 2,29553129 -9,9956256
1,057825 -2,8371114 -7,2343324
-3,424839 1,83456854 -7,4684601
-4,2359147 1,10912884 -4,6907228
1,12674189 6,931195 -2,8187511
0,19523485 -3,5762514 -3,1384333
0,76260569 7,58200621 -4,9425706
0,50545498 -3,5079106 1,11276641
1,55761956 7,07249476 -2,6802308
0,46100983 -3,842101 -2,4664782
1,19410309 6,86768585 -6,55662
-3,6551629 2,25180554 -9,8044562
0,70873034 -2,4156308 4,618848
0,88009181 6,79283286 1,94716572
0,61809607 -2,8171081 -3,663019
0,78341165 -2,7825732 1,38300293
1,2840354 6,92799893 -3,2993538
-3,3653001 2,33996851 -6,6881255
1,44277414 -2,3885112 0,12728436
0,73918192 -3,6665153 -7,8716442
1,06951079 -2,6557237 4,28409288
1,08938612 7,82692676 3,07775338
0,51382741 -2,5778586 -3,7510434
0,72879908 6,95179639 -5,5851808
1,70631538 6,34182896 -3,2654494
-3,515458 2,72632579 -3,0005837
-3,757142 2,06664985 -5,6438578
1,04011884 -2,4265461 0,96712213
1,93446923 7,06247954 -3,1690119
1,61210241 -3,5693453 -3,7261577
1,77921 -2,6615143 3,07010702
1,02722892 -3,0717915 -2,7364356
1,71030018 -3,7535155 -1,8207855
1,13566716 -2,7368157 -5,2346714
1,80772192 -2,7354211 -5,6912838
0,73616694 -3,6922872 3,25919265
-3,8623661 0,92558904 -3,9021819
-4,0095066 1,96786048 -8,4800563
2,08441487 7,12379146 -0,2824334
1,49463389 -3,6118824 3,65124175
1,50275243 -3,2904069 -7,3678519
0,46912492 -2,6020203 -3,1497588
1,54462343 -4,085829 1,16939527
2,21840343 7,76371833 -2,3637249
-2,7856977 1,87983442 4,09018626
1,24381456 6,17852151 -5,1442495
-2,8961718 1,38613844 -4,9084396
0,35151308 -3,8954969 2,47545269
-3,7598598 1,46075903 -1,4922786
0,28195844 -2,884926 -7,3603548
0,75613505 -3,3191941 4,76680296
2,41182943 6,90732808 -4,8977743
1,30270131 -3,6022014 1,77880111
-3,2253261 1,36440485 0,90906923
1,4304881 7,75282697 0,14806829
1,11388311 -2,5332344 0,67366585
1,14603917 -4,1394202 -2,2397419
2,30522294 7,31392121 3,59132189
0,93328719 -2,914453 1,94240452
1,99072157 -3,1473499 3,73009681
0,92027386 -3,1962709 4,87010851
2,12921358 7,49501709 3,36023034
-3,3679114 2,10514211 -2,5271484
1,66469934 -3,4450439 -7,4613184
-3,0394514 2,42475954 -1,5684037
1,83996932 6,83650058 -8,7531287
1,40629222 6,61631507 -9,1256566
-3,3301706 1,22741595 4,17000366
1,59223202 -3,4350724 4,33814474
1,55022787 6,18439716 2,0936249
1,54690369 -3,3604688 2,4845401
-2,7040154 1,99615888 0,26991848
1,82225506 6,39570227 -4,957588
0,24532175 -2,9119736 -0,5381449
1,82178753 -3,0905733 -9,5889782
2,02595262 6,28697656 -4,6388818
-3,6945154 0,79038451 -3,8537309
1,10272015 6,54584833 0,82891765
0,79164078 -3,9930454 -6,7566628
-3,3366782 1,20076418 1,7100284
-2,9603183 1,94342712 -7,1810508
1,21920522 -2,5882045 -0,1255531
-3,0172599 1,30835121 -5,8243534
0,9682164 -3,0080246 -6,1747644
2,44621784 6,92851013 -9,762232
1,1904348 -4,0002051 2,57704512
2,06252924 7,15386986 4,52724081
2,34741368 6,92805276 -4,3181901
1,08646505 -3,3975254 2,3739719
2,02299388 -3,2870962 2,46745612
2,52947634 7,16971621 -7,4151846
-3,4276348 0,99516891 3,69718589
-3,7738037 0,88053689 3,50590108
-3,2594583 2,214171 -5,226174
-2,8882092 2,09140377 0,66856686
1,66428077 6,62884315 -7,2171697
0,66050037 6,59623133 -1,9247368
1,22272686 -2,9761573 -8,0601292
1,69962988 -2,9379007 2,9298389
1,23594754 -3,9170817 -5,1673437
1,70164163 7,76938964 -1,4480929
0,2259625 -3,6246264 -2,6434267
1,19936685 -2,6604557 -6,8415189
1,55062268 -3,5427288 -6,3849132
0,57937728 6,95803122 -4,6068889
1,72605964 7,55602374 4,7900101
1,66197805 6,81666414 -1,1177652
1,69486581 -3,5581661 -7,2893632
-3,762462 0,9746922 -0,7404103
-3,3959559 1,03044723 -5,1283979
1,63286859 -4,0861152 -0,7427075
2,16014396 7,143344 -1,8200428
-3,3262714 1,61562133 -5,399516
-3,7773668 2,52373865 -4,5381752
0,9865863 -2,6059606 0,68430301
-3,63382 1,7503988 1,33139194
1,71599661 -3,7278668 3,28460016
-3,3189386 2,69596036 -9,4675933
-3,0824909 2,52991094 -3,6262276
1,03344245 -3,433628 -2,4292317
0,4144011 -3,5993784 4,91309266
1,13478222 6,85928619 2,11270358
1,36295258 6,09615983 -3,0260049
1,89144627 7,57919854 -6,3418448
-4,4483737 1,94107061 -5,5310209
1,42369951 -2,8925839 3,43244491
-3,5974756 1,86207941 -7,2290937
1,46292539 -3,8113537 1,99258956
1,4258642 -3,7472086 1,70084238
-3,3151295 1,33454061 2,57034992
-3,4378015 1,6470767 0,07967517
1,13807762 -3,2488012 -9,8125382
-3,9373403 1,81665697 1,66242696
0,52972207 -3,5731613 -3,5963656
2,25128991 6,95114722 -5,2120591
2,06827521 7,68736077 -3,4060856
0,450219 -3,6080855 4,31713611
-3,4346225 1,97062375 -7,9035999
2,50854581 7,06702016 -8,3205682
0,43355264 -3,4891789 -3,800071
1,15496915 6,23563765 2,65424213
2,0344781 -3,6656237 -7,7703151
-3,5517771 2,36524659 -0,2711508
0,96358687 -2,75563 1,04308529
-3,4619273 2,34809078 -8,6568382
1,16343683 -3,5772169 2,67663916
-3,0587996 2,27860991 -9,0748186
2,41795774 7,02249496 2,46240205
1,56955206 -3,2039458 -1,2100911
1,55481527 -3,0389186 -3,1509983
1,67728171 6,57396006 -8,4136708
1,46376332 6,68943388 1,71536084
1,36836013 6,9613357 -6,6776971
1,05854906 6,7239003 4,33525695
-3,4846219 1,14833626 -9,909759
-3,3413258 0,81080615 -2,9821025
1,26308969 -3,28832 -8,4514538
1,10517432 -2,5942822 -3,55726
-3,1454107 1,13223168 -6,2116905
1,46821323 6,06198933 -5,3801949
-3,2896131 2,22611728 3,0481859
0,31889531 -2,9932476 -7,5830593
2,02516879 -3,0217779 -4,5007093
-3,1621716 0,8563769 -8,1722564
-4,1642341 2,30551287 3,1795805
1,81221555 6,19463814 3,15499401
1,21630722 7,46007925 -7,1164048
1,10510181 -2,9026966 -3,0758341
-3,9423151 1,22023289 -6,2981998
-3,8565592 1,11934491 3,54085682
1,64580967 -3,9433738 -3,6766057
-3,6418108 1,11026238 -3,4821018
1,39845549 7,5400269 -7,1611906
-4,0421073 2,36031912 -3,7390226
1,86390789 7,22482297 -7,0540352
-3,7052238 1,313731 -6,6203237
2,26941096 6,90620145 -4,041878
1,8018105 7,5771675 -8,2914823
2,04113483 6,41855644 -5,3359651
-2,7169514 2,26483195 -2,7152847
2,00706364 6,16734959 -5,6557765
0,46367627 -3,9456018 -2,1865821
1,0951409 -4,0465108 -7,4433438
0,62708859 -3,2505668 -5,3773967
1,4072825 7,11435 -3,8551268
0,81996613 -2,5681169 -4,7865608
-3,5357013 2,19802258 -7,5566627
1,41793987 7,88855858 -2,8476123
2,42288661 7,31853007 -1,8052297
2,03092609 -2,9544738 1,32129549
1,72724064 -3,4732858 -5,0063829
1,7420553 7,34824237 -3,2740036
0,53161997 -3,5014138 1,51640613
1,27002296 7,86662059 -8,3866695
-4,5231526 1,99478099 1,32141468
2,0806995 6,516808 4,18473577
1,91547557 7,81710529 2,92636339
1,70536374 6,58716047 -2,91722
0,54260645 -3,0415942 -0,0261632
1,48884413 -3,9980194 0,54620786
1,77476012 -3,5897864 -9,3828287
-3,0626394 1,76960451 2,26119225
-3,8122204 0,94121336 -7,8825205
1,51662727 6,28841112 -1,6225533
0,99324789 6,57083642 4,48681487
0,78412653 -2,9584346 2,31988763
0,9757292 -3,0704974 2,19579489
-3,0120061 2,15236705 2,97937981
1,27808428 -3,2292912 0,88614676
-3,8579899 1,37355737 -1,2413732
-3,4662633 1,0412834 -7,4518966
-3,5907555 1,44428306 0,95593526
1,05627215 6,74942037 3,352825
1,94834529 -2,7938616 -8,4590633
-3,5395871 1,07015379 -0,3417499
0,71587662 6,74927741 -6,4286056
0,99637629 -3,9831483 -1,3842585
-4,0101569 0,94216049 -6,8327081
1,49257268 7,52466941 -5,672666
-2,9005535 1,29361686 -7,5006523
1,35534065 -3,8030526 2,90402956
-3,2511055 0,93696815 3,76671861
1,74385429 7,65389817 -8,4242641
-4,1182525 2,12108744 -9,9895006
0,85070368 -3,6763995 -6,9528281
2,02318296 7,05159681 -6,3004386
-2,8431999 2,32575196 -9,8310597
-3,6846487 2,52316696 3,4285666
-2,7768013 1,58309713 -8,3461932
0,9538773 6,31299922 -3,9505391
1,20738355 7,3885148 1,22281152
1,17974182 -3,2290618 -2,9305374
1,91313905 6,84665175 3,72823668
0,73556931 -3,6031809 -3,1824571
1,9863161 6,28749769 -9,9399161
-3,1273228 1,88664337 3,48847637
0,25410034 -3,6804019 -4,5837337
-2,9463594 1,25287291 -2,4663416
1,22573641 6,211335 -2,1333762
-3,1690527 1,89785337 -8,6249381
2,19114943 7,40990014 -2,7217037
0,73240596 -2,5527959 -1,9963465
0,25925702 -3,629228 -5,919915
0,16995927 -3,355478 -9,1916759
1,56103337 7,53270478 4,90777075
1,44526358 -2,3807778 -3,2544658
-2,7229241 1,406539 -0,2118043
1,11893105 6,95574515 -9,4340689
2,52043527 7,00048129 -0,5426415
-2,8526768 1,56135789 3,95146266
1,57983693 -2,9044721 3,91993622
2,02350616 6,869759 -4,7408739
-3,52163 2,62300285 4,16387947
1,17264427 6,79079404 3,52211005
2,26384695 6,97049971 -8,8448753
1,39722626 -2,3750446 -4,7752261
2,23384924 6,66022909 -6,456037
0,50699968 -4,0399943 -4,1287381
1,75988699 -3,4523576 2,55836792
-3,3638361 2,72246048 -0,043707
-3,8986597 2,07469226 -7,1642043
-3,9110338 0,8760839 -0,0912243
1,59140381 6,24571082 -7,7106029
1,51579324 7,03761709 4,03710172
1,78745006 -3,566142 -9,9576296
1,50609916 -3,3220174 -7,4051708
1,26187426 7,50628662 -8,2167964
-4,5095233 1,74082157 0,20958651
0,8042714 -2,6686463 -2,0651991
1,80268913 -3,8524163 1,49287283
-4,2392988 1,22608433 3,39264502
1,21947474 7,32441605 -9,9673742
0,840331 -2,9515999 -5,4241036
0,90721481 7,55841465 -5,2841656
1,46122285 6,31197906 -4,2656463
1,78881586 -3,5866632 -4,100914
2,42945272 7,02359854 4,64908358
2,1078949 -3,5139554 -1,033891
-3,0349248 1,66231227 -9,9448179
-3,1872971 2,41387305 4,99936275
-3,4892372 0,89374808 -0,1822763
-3,9921586 1,58395962 -1,1153337
1,40435119 7,44954161 2,98328404
-3,6875611 2,61502023 -1,1289549
0,99709213 7,27503018 0,84266349
1,15792911 6,12955684 -6,7429063
1,39217507 6,97470053 3,64883839
0,52315173 -3,2225478 -3,1559849
1,39723956 7,92691804 -8,5352781
0,57191346 -3,5262405 0,95880046
-4,3486096 1,40288929 -2,918235
0,30364409 -3,7570156 1,0178436
1,68693123 6,28506691 -6,4038076
1,56119648 6,82372142 -6,836615
0,49613005 -3,3497343 3,22838147
1,81476733 6,57875029 4,28870791
0,66827192 7,1016543 -5,6934544
0,69045207 7,16413827 -6,0496562
-3,9320071 1,18597193 -1,6607283
0,84816422 7,11679436 -2,1137682
1,93108355 -3,0181204 -7,1068452
1,11720834 6,18634664 -3,1576882
1,19830793 -2,7748686 -7,2163377
1,68564682 6,96665106 -1,3452069
-3,4759436 2,17439958 -0,1622787
0,50062028 -3,1178686 1,48921827
0,75644447 -2,4972909 -4,2772691
-3,076545 2,33098267 1,35094263
-3,1463554 1,12684097 -6,2417521
-4,2276713 1,09241291 -9,4624573
1,79410636 -3,6699895 1,25073297
1,1480277 7,87902285 4,03444602
-3,2719592 2,13984289 3,91974732
1,80926439 6,57224156 -2,3178756
1,48768571 -3,9366494 -5,9759479
-2,9658722 1,48370241 -4,967556
-3,1693598 2,49511709 -3,2663526
2,31969989 7,5131423 2,52070077
1,0419198 7,27683297 -1,0993524
0,63080983 -3,6660877 -6,8523925
-3,3840203 1,16186591 0,22449668
1,97105192 7,5743224 -0,6777002
2,29720024 7,43100204 -5,620611
1,83637886 7,5115989 -9,3329813
-3,2623896 0,88915253 -6,1690806
-3,8227448 1,97736243 0,06425749
-3,2902696 1,51685449 -3,343937
1,69942149 7,60499539 -5,2805618
1,04439686 -3,9631212 -7,202841
0,83619284 -3,9501427 -3,0516954
1,34446583 -3,2517472 -6,4588925
-3,8843739 1,98655191 -3,2347924
1,35531746 7,93689356 -7,0978636
2,24753092 7,58626921 3,87336397
1,56909615 -4,0384695 -2,2571655
0,99966352 -2,6099819 4,28834836
1,13208134 7,11335465 -8,1465241
-3,9107157 0,93454511 -5,5068118
-4,2969917 2,21323595 -2,13284
-3,6238758 2,73204073 -9,1779416
1,51658103 -3,0468617 -5,9271181
1,86287648 -3,0530406 -9,0715404
-3,0954609 1,51299659 -6,3640695
0,70582585 -3,8613333 -9,3785991
1,09983279 -3,1706304 -1,9059451
1,20491666 7,77083246 3,97786195
1,91181886 6,71280997 -1,812853
-3,0949686 2,52648219 -4,5633128
1,88462152 -3,9343138 -2,3955455
-3,4527284 1,33968442 -9,5726797
1,48966439 -2,4102093 4,12531256
-4,3926934 2,06918404 -4,4201772
1,95464435 6,29064023 -7,3807809
1,58136427 6,22091113 -1,0058737
-3,4721024 2,11693263 -6,1893075
0,70084296 6,6665534 -2,1988634
1,73055095 6,49675957 -2,543953
1,88684341 7,63661449 -0,6184736
-3,0654927 1,53108444 -2,4452854
2,36645718 7,02647161 4,35829704
0,99026532 -3,0673253 -3,6416227
1,59635621 6,70161581 -8,5298618
-3,2862355 0,86765173 -5,8078375
0,84740957 -2,954945 -6,8904326
2,53625689 7,14123263 -7,6897667
2,33447622 6,79168194 -4,8672216
-3,2792116 2,39472205 -6,0481965
-4,2744944 1,56674685 -3,9312886
-3,3710002 0,90904356 -4,8026873
-3,9397094 1,38342244 4,82960071
-3,6995219 1,76332948 -4,0427986
1,76436359 -3,3863376 -5,5907682
1,56574877 -3,7240984 -2,5478232
-3,2104176 0,84886267 4,16475184
1,77506603 6,50731778 -8,1482264
2,24210674 6,59538608 -8,6244515
0,92913702 -4,1644104 2,56067399
1,61829824 -3,8143414 -6,7356131
1,80250419 7,80640833 -0,2351106
-3,3152495 2,09896639 -2,0174166
-2,7866693 2,22399468 -4,0158518
-3,5410415 2,10293877 -8,5653654
1,14379091 -3,8168437 -9,7644609
1,60419882 -2,8518048 -1,8134881
-3,6603184 1,6057766 2,21749077
1,2073462 -2,466912 -6,4087584
0,47547285 -3,5151789 -1,14895
0,3366019 -3,787729 0,35790507
0,73473533 -3,5969199 -6,8697093
0,74359553 -2,5810959 -2,9281938
1,451247 7,96946708 3,06810747
0,94605949 -3,9336961 -3,7199549
1,81223932 -3,2584416 -5,2097393
-3,0665485 0,90079568 -3,7428557
-3,2897575 2,11692448 -0,5891696
-3,6215652 2,15168416 -7,2584176
-3,4519438 1,90042055 -6,722143
1,05587502 -2,4735027 -4,1481945
0,3799989 -3,2650474 -3,6263342
-2,8520707 1,1282421 2,43449031
1,34200314 6,5808168 -7,7496424
0,682321 6,56815763 -2,4204033
1,85389251 6,82662475 -5,4610264
0,93864004 -2,6090734 1,44415196
1,46150996 -3,7522641 1,02331264
0,65557036 -4,1453916 -9,2892184
1,24162883 7,03388813 -9,0178425
-3,2941495 2,60607657 4,41928728
-4,4996078 1,63398342 -1,7121621
-3,3425736 2,37611851 3,08700028
1,27378088 6,46452581 2,07926924
-3,6682595 1,63714658 -7,1280559
-4,0148677 2,06109534 -3,4377061
-3,13945 1,23285262 0,33759894
-4,4335903 2,18501041 1,26555401
1,15999968 -2,9049726 -8,7074252
0,6799752 -3,7820388 -8,3647344
0,69867289 -2,5703736 -4,8964064
-3,9021734 1,14428854 -0,9222085
1,71911034 6,8908575 -1,9621892
2,46250936 7,01953228 -1,1473404
-4,0548183 1,13460248 -2,8036744
0,25866722 -3,076301 2,46979025
-4,0536364 2,10675268 -1,6323665
1,80532996 -3,5701382 2,91638764
-4,33055 1,57349119 3,01273703
0,27025565 -3,4446427 -2,8921395
1,58456292 7,6414711 0,90328304
-3,9002063 1,89469427 -5,5503203
1,21347398 -4,2163455 4,99609684
1,23816133 6,40740675 0,47181696
1,65290115 -2,7691982 2,46015641
-2,8326159 1,33481472 -5,0067164
1,24222606 -2,735559 -8,4613133
0,65944233 -3,5375768 -0,9539628
1,99220808 6,93786059 -6,7253301
1,16932799 -3,320987 -4,1955963
1,36759814 7,57091871 -0,0145233
-4,0799998 1,54309601 1,57219856
-3,5962509 2,17869707 2,60511067
1,33381954 -2,7973521 -6,5268884
1,86543378 7,16322071 -3,4394924
-3,4324543 2,51070163 1,80520664
1,8866178 7,92883265 -4,8787975
1,26770735 -3,1995841 -2,0512199
-4,1166738 1,0391832 4,69014966
-4,4641144 2,02450023 -6,5890884
-3,6444667 2,63162677 2,95917067
-3,9939391 1,40288862 -7,508022
2,02073268 -2,8717927 4,2657776
-4,0824033 1,03586294 -8,0793824
-3,1575959 2,27641137 4,28473698
1,76428796 6,81306179 3,19213521
0,71531208 -3,0385407 -4,3886346
0,98946236 6,51507574 -9,6708181
0,73281935 -3,7126466 -3,7637332
1,52332925 -4,1599725 -3,219663
1,82560005 6,55700332 4,28656473
-3,8213378 2,00124423 -7,3161223
-4,3433276 1,73049395 -6,9278263
0,69416987 -4,1552615 0,37194111
0,6824591 -2,5956263 4,43578243
1,20291768 -2,9865186 4,69663675
-4,3999585 1,46334306 -7,0082196
1,42793186 6,63871169 -0,3628789
1,98670788 7,45575571 -3,8876965
1,20460028 7,01632564 -6,6986783
1,20134554 6,52411767 4,37721308
2,29600262 6,54262512 -8,2436119
-3,3599475 1,0915102 -5,6213658
2,01185713 7,15191927 4,20799728
-3,5061214 1,98005385 -5,0117334
1,16468173 -2,8799229 3,09915018
0,9155938 7,47978307 3,40191063
-3,9166696 2,50687421 -9,8624157
-3,5712313 0,87930647 4,27966548
-3,0256002 1,22178937 3,90121429
1,65829866 -4,0401302 4,63759028
0,985538 7,60289229 -4,9653349
1,4368933 7,31842229 -0,0780568
2,40464411 6,53459506 -9,6639866
1,02664 -4,287415 -0,0876547
1,32517889 -4,0705473 -7,311583
-2,8298444 1,40720836 4,54103432
1,02755187 -2,8619316 -8,6202681
-2,6001534 1,87005733 -7,827243
1,17219419 6,2047303 -9,6114485
1,22148271 -3,15531 -9,782201
1,02954996 7,6488537 1,40865812
1,87992768 7,54114295 1,45831597
1,06525495 -3,4064857 -4,3867873
-4,4978932 1,79830896 3,5358336
1,86532681 7,34633642 -2,5897427
0,78729325 6,78716044 -2,4336137
-4,3859963 1,73437861 -6,7990669
-2,6175545 1,99296875 2,30582009
0,96194809 7,16497303 -3,2563875
2,35637314 6,59772802 -1,5271605
1,23519543 -2,472329 0,03635262
-3,0511821 1,26680059 3,57393634
1,79715313 -2,9559635 3,74947279
0,98487001 7,22012594 -4,5711324
1,98675946 -3,5862087 4,15520208
0,69998595 -2,9072749 2,53523176
1,51592432 -2,9269242 -9,9096129
0,75413155 -2,7332347 -4,5836376
2,45006985 7,42801221 3,65277949
-3,098288 1,63832515 -6,3036875
-3,0690776 2,23740822 -1,9611322
1,43437021 7,98548002 -2,3177221
0,22642202 -2,9617789 -6,8709476
0,95606377 6,56395207 0,35237523
1,32478151 -3,2790002 -1,1071366
2,31606214 7,33556505 -6,1043788
1,97327358 -3,3856086 -3,4252578
0,4572717 -3,3334055 -3,0406758
-3,9174173 1,5563606 4,13122011
0,17209571 -3,40487 3,68567514
1,60411941 6,13608779 4,79148915
0,85745542 -2,7949772 1,13396471
1,25416828 7,28597644 -4,0798232
-3,7779958 2,68234789 -4,83893
-4,5309808 1,79235523 -3,2792255
-3,1284355 1,25019628 1,51678074
0,66499696 -2,989531 -4,0253233
-3,1688421 1,90498631 -0,6297785
1,95624174 6,18814364 3,05514102
1,29075004 -4,2749946 -1,6443162
1,15645894 6,76207451 4,19976912
0,31190017 -3,411728 1,49485216
0,40230367 -3,5266174 -7,648685
-3,4641348 2,30341126 -5,1374003
1,3109799 7,18377844 -1,3726229
-3,3298435 1,32839684 -8,5295929
1,04180788 -4,0977633 -0,2953225
1,20735758 6,87790141 -8,9642995
-3,8073637 2,33401065 -2,8621974
1,33751759 7,87197982 -5,2334933
0,7025844 -2,9575495 1,85455803
2,23125057 7,67163144 -7,5724612
1,69763007 6,14235205 -0,8146659
1,56751804 -2,5268385 -4,8828021
1,15038238 7,86926717 -7,9052649
-3,116923 2,56524583 -1,9218799
-3,0419202 1,49345159 -6,951764
1,58453073 7,32334039 4,88240664
0,83365278 6,48544758 4,60309309
0,93074953 -2,9374429 2,21050165
1,45622706 6,20747883 0,09337683
1,94285706 6,31506776 2,16362744
-3,5702581 1,80229258 -8,7910486
1,36485156 -3,9488415 -8,5688218
1,86822667 -2,8163559 -5,8060453
-4,0584568 1,96624436 -9,8445345
2,26173726 6,6440761 -4,2045828
1,20492998 7,17963494 -1,9431326
1,75765338 6,12554936 -7,3293701
1,82145375 6,56715128 -8,8907174
1,33103532 6,83957474 3,93265176
1,6597997 7,77192286 1,40067989
-3,4781659 1,1504808 -7,2573966
1,28878546 -3,7484373 -5,0595936
1,67844073 -3,8455354 -1,1486059
-3,2896122 1,98534397 1,40199198
1,8116001 7,94996491 -9,0154881
1,71034654 7,04355054 -6,0296879
-3,6494392 2,39409549 -5,6786994
1,47495525 -4,1334365 3,88557236
1,14420386 7,81965887 -9,041532
0,92078992 -2,9815176 4,99436187
1,61630653 -2,5788823 -8,0381335
-3,6683432 1,19913834 -4,6085646
0,65628825 -2,6489251 2,6301511
0,69998913 7,18355837 1,98625838
-2,8102944 2,31515383 -3,703384
1,04150371 6,67514367 2,873491
-4,3642293 2,0223558 -4,4596211
1,14771079 6,81582889 -7,7378561
-3,6836976 2,00403081 -7,8780247
0,80155116 7,06643916 4,10871614
-3,2938567 2,57143612 -6,884485
0,90153477 7,13869807 3,20815627
-3,5619274 1,7472065 -3,3964969
0,38147443 -3,7282757 4,77765111
0,88569358 -3,0984759 2,82488168
1,50093499 7,63981444 0,15414124
-3,0197759 1,36316538 -3,9807702
-4,0294497 1,77270713 -9,5206804
-3,4447453 0,90931917 -0,7675619
-2,9951513 1,7746546 4,20517337
-3,1057563 1,1793533 -1,5210413
0,52486714 -2,9101254 -1,2688998
1,4050405 7,69602853 -5,1254549
-3,5085596 1,17751333 -7,4479507
2,25498719 7,50113885 -2,6743894
-3,6622756 1,21485157 -8,2504414
-3,9256575 0,83404425 4,53580405
1,47349077 6,95503473 -4,1495621
1,88525908 7,59095686 -4,0668189
0,9381319 6,32003934 1,97349164
1,84373147 7,92406438 -2,6293892
1,10458293 -3,375142 -4,2428774
-2,6424575 1,81856619 -0,269605
1,41172252 -2,5762756 -7,9402429
1,4418687 7,96269604 2,13235095
1,3084819 -3,139402 -2,7184258
1,91068109 7,11310087 3,0701931
1,06901151 6,85081548 -5,5637582
0,37852904 -3,4227909 4,62165197
1,54104805 7,95263689 -5,5368641
-4,3112629 2,18023205 -4,791397
-3,9531873 2,33054358 -3,7029216
1,8685593 -3,3357949 -2,4425454
0,85113348 7,68001686 -0,2921292
1,41876279 -4,2627483 -5,6180956
1,68754781 -2,6402905 -5,8577121
-3,1106583 2,30797308 -3,2398081
0,80502209 -3,8763132 -7,8423699
1,67237719 -2,9273031 -2,6437834
1,06619864 6,1734599 -7,6280177
0,62239004 -3,290503 3,05343811
-3,4153496 1,90095678 1,8971897
1,85326469 6,85950084 0,4479197
2,22310482 7,43457496 -6,032906
-4,2063806 1,84487751 2,56889713
1,24053566 -2,9410604 0,53019245
1,19099114 6,56158744 2,72266529
1,50641365 7,40367898 2,4271874
2,08320581 6,50141329 -6,7990029
2,28655295 6,52512726 -9,1534489
-4,1647934 2,06475727 -3,9141721
0,84178291 -2,8046093 -9,683086
2,17383244 6,61689357 4,80235267
-4,462419 1,94465053 -4,3604871
-3,1133295 2,27903385 -7,8248296
1,25299347 6,58974182 -8,7073532
0,69336427 -3,3202023 -5,0496183
-3,7138501 0,80562388 -1,4266867
0,35071204 -3,0207367 -9,1107369
-3,8930519 1,38547483 -3,2298809
0,84273078 7,50164063 0,45221144
-3,3813592 2,08793508 4,61533659
1,13426443 -3,5293667 -2,8125499
1,97747321 7,49254316 -5,0525913
1,26457612 -2,5087026 -0,0124027
0,91636418 -3,706968 -6,234148
0,74058617 -3,5385942 2,38385392
1,50745928 -4,1873911 2,3933127
0,97684786 -2,8522594 3,37273089
1,92144943 -3,9130279 4,13243565
0,81228798 -3,5360001 -2,2687184
-4,0939215 1,20105188 -9,0830102
1,28348199 7,92826998 -4,2772166
0,21649523 -3,4917054 -1,0292497
1,79330498 -3,8245902 3,07350502
0,83134807 -3,8724173 4,90616558
1,51951351 6,76146107 -6,3053969
-3,7816471 1,58287668 -1,9274714
2,19603073 7,44794451 0,8705891
1,15854376 -4,1174143 3,56823769
-4,1560302 2,02994736 -1,2076904
1,2689441 -3,034748 -4,2280163
1,96324597 6,48888665 -1,6680245
-3,1229693 2,64082296 2,4507395
1,0137627 6,63752189 -5,3625642
-3,2212203 2,49133657 -1,8389732
1,1741651 7,00070527 -8,673608
1,66632007 7,2151924 -8,9321483
2,41826463 6,73788032 4,66553358
-4,0743295 1,24522707 -9,988822
0,68327987 -4,0290426 -9,0265414
1,8953453 7,86492742 4,17369343
1,06846114 7,36380549 -0,89437
-3,9780879 2,03877148 -8,612766
1,36642596 7,91562698 -1,5148543
1,43187759 6,52089413 -0,5043897
-3,8845552 2,6015613 -4,7707351
1,67675137 7,09438484 2,48298784
-3,170618 0,99732774 2,46236182
1,35677221 -3,9390931 -5,6914645
-3,4198099 0,86383885 -5,4530347
1,19123305 -4,3056152 -1,555913
1,07762685 6,2304314 -9,2463981
-3,4118416 2,0473184 -5,1011288
1,16786225 -2,3501313 -2,5258377
-3,757683 1,29735367 2,20598746
-3,5859039 2,11320449 -6,7585685
1,30076915 7,84662976 -1,0944277
0,91693693 -2,9089773 -8,2774489
-4,0802947 1,72647553 -2,1387919
1,587033 -3,9717777 -7,5302346
1,54386207 -3,6691731 -3,8646048
1,74156011 6,04125933 -1,8971556
0,32830151 -3,7087967 -9,0568931
-2,8103434 2,12632326 -2,6789701
-3,7647364 0,91811779 -6,3021316
-3,8617263 1,02962638 1,65714907
-3,7494394 2,08163025 0,76053997
-4,2963797 1,404351 -5,2080059
-3,8141731 0,8035104 4,15259824
-4,4440987 1,33387438 -0,8082048
0,8592447 -3,4922242 -8,6849232
-3,3331267 1,04679759 3,02261476
1,08727852 -3,9389634 -9,9066124
-4,15716 1,68375737 3,99140517
-3,175528 0,92217491 3,98694387
0,92933584 6,92076698 -4,0277455
-2,7363505 2,00294533 -5,4450824
-3,6833812 1,63293526 0,43052925
0,23497705 -3,6633547 -4,1493294
-3,8645735 1,94078007 0,71544771
1,8259747 7,70790337 1,22749509
1,03129487 6,80533693 -1,6732858
-3,8722211 1,9867527 -5,061851
1,33845992 6,30811223 0,54866231
0,25199528 -3,3799283 -0,0202808
-2,9875385 1,28020163 1,7141394
-3,1787677 1,60670855 -4,0361753
1,57917695 -3,9396599 -5,2616565
1,30995909 6,70496505 -0,8143699
1,34658788 -3,5575975 -3,1644583
2,10480287 7,81219166 3,68804437
1,55096028 -4,0289165 2,81119372
0,5736435 -3,9924339 -1,5728416
-3,929638 1,15741668 -1,8825195
-4,1688266 2,08369511 3,7165478
1,4173038 6,89477427 -9,302434
-2,760353 1,99463721 -1,9443151
1,77955557 -3,5475935 -7,7060054
1,20274019 -3,540767 -0,3484116
0,34815292 -3,5647845 -6,3979699
1,394142 -4,1894408 0,42099113
1,44625326 6,27061361 -9,1687451
-3,1575036 1,81906825 3,21173795
1,89772788 7,08431356 0,99065196
1,43058365 -3,0897688 -1,6110252
1,52252198 6,13275712 -3,9685437
-3,302332 2,06571107 1,22673281
1,87107933 -3,4564405 -1,6450889
1,94763177 -3,2723345 -1,9202976
-3,2623588 1,82136073 -3,098364
0,69557009 -2,8994185 -1,7479983
1,36733151 -4,2690351 -5,0792801
1,59048694 -2,4539946 -1,8670611
2,26019288 7,37798382 -7,3857367
1,84553753 6,43260775 -8,9039748
1,51170671 7,67399116 -0,788107
1,90868126 -3,8593309 -4,4706391
1,46106952 -3,7795782 1,3589467
1,45022942 6,77420846 2,5531794
2,0706992 6,25823761 -6,5114607
1,58769637 -2,5892435 -7,4978576
1,34032669 6,51329077 3,09141278
-3,2734303 1,0335531 -3,3243594
-3,4764183 2,55398662 2,23469128
1,68441246 -3,6134691 -9,2249214
-3,5877412 1,12187088 -9,7774522
-2,7511131 1,56222484 4,3766493
1,24264958 -4,1027752 4,68660025
1,99618864 -3,521577 -6,4010723
-4,3707632 2,18457298 -0,2336576
0,44889379 -3,3673949 -8,7125233
1,83075938 6,25522439 -6,1054186
1,82147116 -3,6579058 0,43087031
0,92392505 7,69936235 -4,8141885
0,66046923 7,22655208 2,97122201
0,58430813 7,05813476 -0,546524
1,1157355 6,14006724 4,14386746
1,81139286 7,31379671 4,1069149
0,69173278 7,20265472 2,95943204
2,46167212 6,79970634 -1,5850359
-3,4976552 2,30893708 -9,7008101
-3,4752645 1,28752067 -5,1731799
1,64875577 -3,6468191 -1,6332296
1,36542988 7,04777317 -5,5916939
1,32076947 6,90914367 -0,5003576
0,63986368 -3,4090504 1,46354321
-3,2768206 1,35935349 -4,9360096
1,37587461 6,13135352 4,18084452
0,32482598 -3,7405448 1,55313118
1,78894851 -2,7269327 -5,3197485
-3,2306593 0,93686452 2,89707154
1,78153532 7,1062544 2,14907946
1,06668355 7,51093754 -3,197908
2,23878004 7,55816688 -7,7230289
1,1428852 -3,5652794 -5,0047836
1,84789691 -2,8447209 0,32766053
-2,9387586 1,13203714 -3,6290318
0,82206454 7,41992825 -5,126584
1,92672791 -2,9358357 1,6096963
-3,3886929 2,02212432 1,18247062
1,74727436 6,23843825 3,88247789
0,82834078 -3,1215865 -9,3863797
0,86752094 6,6425492 0,71513241
2,21174287 6,44150958 -8,2977858
1,0608256 6,66135297 3,69601048
-2,8284565 1,95294751 -8,5636293
1,77090858 7,52066518 1,57365227
1,54104532 7,26667695 -5,6197264
-4,1616514 2,22473704 -4,6434171
1,10778567 7,07302521 -7,4945073
1,00815401 -2,866677 2,32775001
-3,7657184 1,40012539 1,95644667
-3,3353562 2,00513063 -9,7826706
-2,9810188 1,93056741 3,90285268
0,95447307 -3,4836604 -8,1741863
-4,3510036 1,46084759 -9,479513
0,76036137 6,67268057 -6,2429879
0,95145688 -2,746103 1,59170364
0,18649468 -3,0453318 -4,8108323
-2,7890219 2,27458411 -7,5533751
1,75821043 7,49399236 -0,3861402
1,52860761 7,39216865 4,75861939
2,36485035 7,28953619 -6,0797489
-4,2862402 1,10212987 -8,3393804
1,4825473 -2,9277732 -0,0936846
-3,1233126 2,14384319 -5,2460698
2,09516446 7,38104129 3,6014865
0,70894021 7,01483964 -5,6291907
1,22240039 6,77704017 -9,6296899
1,97307689 6,65339905 -8,7260165
1,68710494 7,02715334 2,01905414
2,40942367 6,83905057 -3,1167466
1,08452883 6,76288536 2,69944505
0,89896003 6,78729714 -0,8157203
-4,2201053 2,46498881 4,4838144
0,44734445 -3,1881594 -5,1045863
0,93989256 -4,1504089 -8,7460325
-3,2559226 2,5002744 -6,1634292
0,32120921 -2,7601651 -9,9475443
-3,3522776 2,03612508 -3,3544102
1,34010632 -2,9573675 -1,9853501
1,91227953 6,54678246 -9,3998093
-3,311714 2,12152297 -5,3722761
0,48542416 -2,6870678 0,14344304
1,30668471 -2,4875121 4,50678428
-3,9880238 2,15081846 0,40494531
0,72311164 -4,1537376 -1,1573997
-3,5482119 1,32413603 2,22935803
1,67189397 6,51529597 -2,9603957
1,69724716 7,5104193 -3,2047674
-4,019098 2,07207706 3,31341085
1,18586339 6,18941528 1,97324176
-4,0295132 2,21242946 -4,9930734
1,20878936 -4,0116594 1,63157141
2,05273 7,82668545 4,02284322
1,5468683 6,09638554 -8,0414888
-4,4220999 1,43568683 0,75552844
1,49146608 6,83746181 -5,8298234
-3,8835856 2,17809335 0,64732938
2,44950876 6,66497102 -5,9800255
2,38961003 6,67083564 -0,7962442
1,34534565 -3,4110567 -9,69374
1,32760039 -2,9610089 -0,5663433
-4,2183573 2,48558257 3,67610599
0,58025227 7,1469185 -4,0289058
1,93395666 -2,9608036 0,24732507
-4,0547948 1,25782228 -9,0048918
2,04991641 -3,2918293 -7,8766726
-4,0013612 2,42435167 -5,2658692
1,06177269 6,21181217 3,66576254
1,51303399 6,24906512 1,79276165
-4,4008079 2,2358765 -8,1285896
-2,9168607 1,06592127 -7,0363193
0,17910489 -3,1275439 4,249533
-3,2025289 2,61533289 -7,8774503
-2,9627032 1,46266821 -0,0196607
1,75113122 -3,3822549 -4,6453909
1,73204787 -3,2195867 -5,4918535
-3,5305983 2,6924683 -8,77514
-3,5466004 1,10437544 4,80920566
0,79476963 -2,6637622 -7,3247523
1,84258187 -3,4044163 -7,2014237
-3,1678596 1,6622065 -0,3004012
-2,6137267 1,78079221 2,24076279
1,69264814 7,67503741 -1,8633272
1,23858323 -2,7313896 -4,4820063
0,41757549 -3,4223733 -7,4386919
0,22446313 -2,9981565 -1,847233
-2,76112 1,849546 -8,010672
1,87632801 7,54870354 -8,9732909
0,35380216 -3,0732529 -2,6246389
0,28576315 -3,3957322 2,4978509
1,38609334 7,38030842 -7,6155225
1,43287796 -3,7494129 1,13241343
1,53804675 6,11618952 -0,3799764
1,31247108 6,92418203 -4,1885342
1,54611023 -3,3068757 4,26747129
1,38466937 -2,637922 -4,0257358
-3,5934968 2,58818209 -8,8984411
0,87158734 6,83407634 -7,4397707
-3,5234299 1,39965192 1,29288292
1,99472976 7,24110154 -8,1607389
1,50851128 7,99071417 3,36876767
1,1205667 7,41601568 -6,1818713
2,02702198 6,35850035 -6,0090397
1,6717743 6,24757666 -7,7818868
-3,7205193 2,43931289 -7,5122832
2,01890154 -3,1553612 3,90031767
1,1550745 7,08301003 3,85567152
1,38013129 6,21160828 -7,3232437
2,02098507 -3,7376979 -2,961877
-3,9092491 2,34110308 -6,929839
1,33453259 6,54131769 4,33597326
1,49674844 6,45328496 -6,7519405
1,01857426 -3,9085121 -1,6252076
1,46945898 -3,182418 -7,1326036
1,27951439 7,72163348 0,70257292
1,1739136 -2,8920787 -8,6234063
1,28700795 7,12430712 4,60900649
1,06519294 6,18670912 -0,206806
0,44329934 -3,6733468 -6,3689334
-4,5512708 1,63275278 1,50230976
2,05384268 6,25007069 -8,3425706
1,04302812 -3,5618644 -5,4624386
-2,7245081 1,50575834 -3,6677822
0,60879778 7,00133946 -6,9328158
1,44472313 6,60355435 1,75640929
0,77887914 -3,5827016 3,26891074
1,84320637 7,69548865 -2,950137
0,97244796 -3,1610141 -1,1307425
-4,1337659 1,69283929 -1,8672079
-3,2589503 1,2713068 -5,2201677
1,97324356 6,63964372 -8,1942916
0,69525903 6,98153118 -4,5775721
1,00555809 -3,3154713 -7,1453617
-4,2602038 1,16511067 3,10011235
-3,2836643 1,99959124 3,73343407
0,33813142 -3,636908 3,96491932
0,7218824 7,2520425 -5,4458316
-2,9781492 2,05045602 4,71876747
1,01663133 -3,5693876 0,86164785
-3,5072617 2,63838201 -6,9202372
0,99465811 7,05515137 -0,0906986
-3,0361771 2,08377884 -3,7847547
1,83724265 -3,4906693 1,11140251
-4,2234375 1,91606 -9,6891263
1,69890097 -4,1000692 -3,2180803
1,57481255 6,54385104 1,45972698
1,52908538 6,02142235 -5,6975783
-4,050138 2,53535579 -5,7438369
0,80811194 -2,5699676 1,33678434
-2,9218853 2,39900744 -4,6556866
0,44419657 -3,1572963 -3,5563618
1,15891219 -3,3235392 -8,6902618
-3,9645755 1,3787501 -9,0557669
0,79097504 -2,8184325 -2,2047827
1,57611677 -3,8044041 -2,3967994
1,53059487 -2,5453384 -2,0769455
-3,2664801 1,52318758 -9,0985707
1,32247134 -3,0826655 -0,3538933
1,26375793 -3,8764756 -2,4786217
0,68372727 -3,613072 -3,3265007
-3,6039396 1,78018388 -3,7588788
1,02529519 -2,8586235 -0,9754828
1,67727379 6,99333955 -5,1328688
-4,3147229 1,42391137 -6,0173571
0,73863604 6,53427758 -7,9569374
1,26460646 7,91068731 1,01813893
2,36922766 7,37840273 1,82812067
-3,7180744 1,91665744 -7,7837084
1,0920461 -3,6861171 -9,8707387
1,48372969 -2,9797844 1,12235003
2,33422235 7,12165289 2,32248703
1,56014734 6,52383505 4,69434942
1,50307259 7,47775045 3,41717557
0,92753396 7,20638869 -5,9738144
1,69299037 7,79209909 3,60845225
0,35071686 -3,4809775 -1,528226
0,89350992 -2,7535249 3,17019223
0,85232592 6,43984351 4,67437873
1,05783595 -3,5702717 3,93776462
0,91015297 7,02170422 4,31890415
1,73584553 6,06607331 2,60911125
-4,3741278 2,01982842 -8,6067103
0,57648375 -3,3444194 -3,3459733
1,12738269 6,2502997 -5,967714
1,87994143 7,69290965 -8,2168032
-3,6850967 1,53733753 4,28784086
1,68293428 -3,8684776 -3,8344407
-2,5795751 1,59643574 3,39693324
1,79689548 -3,5249502 -1,2860181
1,97164024 7,28748875 -6,6756798
1,99464881 7,63757389 0,93978771
1,32324118 6,31019697 -2,9106537
1,22933271 -3,2188926 -8,9818445
-3,5165665 2,55203119 -6,3104845
-3,082223 1,68216318 2,20046365
0,98704195 7,16466573 -5,4021669
-3,53453 0,85306175 -1,9490784
1,9567572 -3,4088648 -8,4303266
1,71638392 7,67726847 -8,6335966
0,84486871 -2,6888059 -3,2406016
1,30243882 7,09501654 1,10390333
1,64672537 -2,9788869 -3,9210139
-3,5550492 1,04937779 1,1730007
-3,291006 1,36692103 2,28015213
1,54791054 6,82931645 3,31611647
1,03805666 -2,828619 3,34461441
0,60876164 7,19239061 -3,932511
0,72402714 -3,7836026 -1,8224134
1,92231241 -2,8964364 -1,2353739
1,0612642 7,79747005 -2,703277
0,6809946 -3,7334042 -9,120932
1,32962558 6,53514542 2,95344192
1,42738026 7,43573056 0,05180236
-3,0440658 1,17697653 -6,1129542
-4,2288031 1,62554977 -4,2812286
-2,7524435 1,2345481 3,3518172
0,90928244 -3,7830352 -8,600905
-4,144878 2,22530427 -8,6298389
1,25828513 -3,9481276 2,6586917
0,72160837 -2,913392 -0,4524218
2,47360893 6,79911001 -7,5737058
-4,3179977 1,79852054 -6,1552962
0,7700933 -2,5939894 4,90042147
-3,3701478 2,09094062 1,27964161
-2,9519562 0,95617704 -9,0526725
-2,6706063 1,68994461 -0,2603539
1,04234183 6,42697536 -7,4332232
2,39173138 6,95015136 -3,6573185
-3,251414 1,8879511 -8,78723
-2,660605 1,56223737 -3,32924
-4,4579451 1,4636592 -4,0921743
1,32644994 -3,2775472 -6,6917061
1,08136005 -3,0079103 3,13043702
-2,8816449 2,43264242 -6,0708373
-2,5937484 1,86872504 -1,7856983
0,86765808 -3,4312923 -7,3608748
1,83899447 6,507925 -1,1683301
1,51599084 6,14370708 -7,5585999
0,72522648 6,70216683 -4,519358
-2,8131417 2,36778921 -2,5878339
0,95286755 7,34112898 -6,942119
0,73862551 -3,8554886 -0,4814406
-3,9371368 2,13148905 -3,8854128
1,96488274 -3,8400498 -7,0996163
2,01523307 -3,7312907 -4,0757935
1,71601954 7,90957351 -9,3595398
1,48998647 -2,7816285 -0,0789852
0,64212887 -2,683608 -8,9009829
1,13396103 7,35928763 -1,7165199
2,16495114 6,65511481 -6,0860044
2,21389133 6,48735467 -4,7795063
-3,1983797 2,26152409 -7,548702
1,72566887 -3,6184526 -7,6709161
1,22039057 6,56209392 -4,119576
1,21285225 6,47685897 -0,4286215
1,3002162 -3,9700981 -0,0377379
-3,6565805 2,08471012 0,87676252
2,0423598 -3,0249727 -0,196218
1,84562973 7,00843899 -5,4560455
0,96389019 7,40101684 3,6925637
0,85566123 -2,7498682 -8,6434925
1,22479819 -3,7903578 -0,7867025
2,02124962 -3,4051056 -1,0193995
1,92650732 7,5317178 -8,6789658
1,57091603 -2,9697991 -1,333302
-3,3613416 2,48689838 -8,9336741
1,28036443 7,64260469 -2,0721127
0,81665075 -3,7185041 -9,6216825
-4,0214949 1,86523967 -3,999808
2,53452419 7,07905512 -5,0180758
-2,8031588 2,09585851 -2,55334
1,02410527 6,73920219 -1,5257812
1,3137345 -3,769774 -3,7297074
0,36973747 -2,9447754 2,02834213
1,49401437 -3,8120259 -3,4610148
-2,9632457 1,19124342 -8,4786691
2,22129465 6,97824819 -5,2325843
0,92404005 -3,949931 -1,3361786
-2,9598236 1,01250259 -4,7678464
2,14008976 6,72154294 4,23268486
-3,4332607 2,59645449 4,69260475
1,79771912 7,56398395 -7,7197115
1,07154719 -3,3497735 4,1433521
1,45129411 -2,9278803 -6,6199062
1,03670645 7,71383444 -9,7724167
-4,4284138 1,4465556 0,23379517
0,83337886 -2,9984268 1,33460391
1,07967938 -4,2648085 -2,7587684
1,27473635 6,42393136 3,37943304
0,65406083 7,33724265 2,75358185
1,33754732 7,06633528 -7,3455031
1,31077472 7,7814123 -2,5499309
1,53637049 7,23935386 3,27818312
1,17966406 -4,0040886 -7,2042346
1,65952812 -2,8272459 -6,0993365
-3,384117 2,3838875 4,01066136
1,41142318 -3,3146029 4,03092018
0,90831242 -4,0613656 1,95141554
1,8120911 6,20453906 -2,8655181
-3,0962135 1,75873945 -1,5347101
0,7398118 -2,613061 -3,0944343
2,36956293 6,83818388 4,46552223
1,46768726 -3,2242038 -1,5206254
-4,0248035 1,6691722 2,20876174
0,85215378 7,64572066 -2,5704318
1,06262917 -3,1755641 3,69235036
1,04392929 7,49413416 1,2185168
-3,8604083 1,73047953 -0,9647688
-3,4846736 2,29926072 -8,0905622
0,78444121 7,42387773 4,77685067
-4,36844 1,22995569 -4,7228456
-3,7312918 0,83842659 -3,1188096
1,51208596 7,68999938 1,09662379
-3,814549 0,97840212 -0,4765764
0,40570478 -3,3400405 3,44033284
-3,1823129 1,23483771 -8,3308527
1,2582212 6,23356473 3,92137466
-3,1288241 1,56036372 4,38558881
-2,8221651 1,73971971 -0,2011185
1,35946377 -3,0042945 -4,1623743
1,26406173 -3,9021323 -3,5449316
1,60888124 7,59870211 2,53938654
1,52341838 6,61466766 2,21128356
1,8069356 7,43518235 3,2594144
-2,9698086 2,0524671 -1,7079732
-4,1198425 2,342187 2,56524982
-2,8613766 1,36664891 -9,5548592
1,43913049 7,20987132 3,62913599
2,4565033 7,10732527 -5,1426496
-3,7349251 1,60335742 -8,9524905
2,01064282 7,34951125 -6,8103397
1,51114249 -3,7644041 3,80770784
1,15143089 -4,178515 -3,2956223
1,73234605 6,54318996 1,98491342
-3,0273142 1,7682051 -0,8313469
1,04994197 7,39645845 -2,0055762
2,29227601 7,39452797 -1,9986293
-4,2904015 1,95047987 -0,4537202
0,70171382 -4,209237 -1,1868956
1,09962728 6,59093171 -9,6754611
-3,5380421 1,19914329 -0,7029301
-3,0832504 1,97689277 4,00740492
-3,4679552 1,88461876 -8,0232923
0,6193705 -3,2185584 3,86067422
0,87812141 7,59848024 -9,10152
-3,7561583 2,60655788 -3,5283227
1,84802429 6,08355518 -0,9584961
0,61651762 -2,7496536 -1,0972717
-4,2014718 2,04672005 -8,1285135
2,29212977 7,60941408 -4,9565906
1,25627034 6,06699847 3,04684977
-3,0352418 2,41711112 -7,0378631
1,3239024 7,42887053 -4,1043355
2,20986602 7,43117233 -7,6022558
1,76839289 6,89627134 4,14883426
1,27048373 -3,218365 2,87215063
-3,3556243 2,63556719 -0,0696629
-3,0830106 1,29821256 -1,1837355
-4,2370556 2,14165112 -8,6744927
-3,5517802 2,6092941 -7,4589759
0,39855116 -3,3559164 3,97810531
1,85135743 -3,9026056 -5,7875279
0,80368336 -2,4283385 -8,1705176
2,19244518 7,4791779 3,46509842
0,88577533 6,4941189 -5,4816009
1,39569165 -3,0500676 -3,6999323
1,62164136 -3,353815 -8,9259599
0,98427442 -3,8987633 4,6161208
0,43263681 -2,9785608 3,29420257
1,26456273 -3,7845176 2,76305366
1,36395265 7,518218 2,547541
-2,9730283 1,28792925 -9,4881787
-3,5919972 0,76637545 -8,7560557
1,61517672 6,61033427 -8,1098812
1,90266342 -2,6995505 4,93403113
2,56403428 7,04862103 -2,7111196
-3,3043386 1,62691483 -5,0594691
1,30891844 -3,1393346 -3,8463537
1,58285767 -3,6083289 1,69834912
1,00084022 -2,6979345 3,84907636
-3,5807163 1,15097126 -7,6698404
0,72450232 6,97572935 4,01023712
0,89207064 7,60712408 -9,6273158
2,05651879 6,64488436 1,8779443
1,37249667 -4,2210736 1,2654115
-2,9567159 2,45186465 -6,5584011
0,30819472 -3,3633803 -3,141278
1,68297282 6,85193813 -6,9758898
0,90968453 6,66115961 -6,0658758
1,7331893 6,95290672 0,68589719
0,4071442 -3,4251017 -5,8742868
-4,2141197 1,99976136 2,48204959
1,00416958 7,76665017 1,63725056
-4,4146966 1,646013 1,23448895
-3,3858492 2,52427883 3,47671911
-3,3999668 1,52948045 -1,47565
1,88232973 7,44034007 1,85031298
1,50538393 -3,3119202 -0,1068922
0,98768388 6,82354774 -1,0497568
-3,517061 2,09068447 -5,7833516
-3,6085613 2,67540746 -0,0379894
0,88404779 -3,9728146 -4,6283849
0,16009118 -3,3830496 2,13681921
1,06700444 -2,9323341 -5,9444123
0,90067864 7,70911016 -8,2194556
1,02633682 6,6223784 3,54410429
1,05063844 -2,8305275 3,03926898
-3,0847043 2,15924717 -2,3851564
1,27522952 6,08991276 1,84960699