-543
-6345
4468
-1266
-5117
-2013
3172
5094
3183
-879
7364
537
-9931
-9240
-802
-388
-1509
-9347
1668
1137
-6705
3454
-1924
-6871
-8612
-2731
-6263
-7461
-5109
-4703
7496
4325
-9735
6989
6618
-7708
3715
6009
-4012
-4339
3425
5959
-9221
9470
4634
-765
3167
-6759
893
7159
4040
9785
-4804
-5675
-3534
-5353
3303
-7211
2121
-9630
6823
-6254
-3537
1238
7896
4388
-6591
-6562
6047
3743
-748
809
8698
3545
-980
3797
6727
-3214
3303
3394
-6653
9827
-7586
-124
7395
-8773
2535
-4069
-6662
-7150
6605
885
764
407
2079
-5378
-9763
7298
3244
-1161
-5668
1342
31
-1453
9830
-5458
-9494
-5386
3813
-6959
7874
-8891
-2323
-9455
-1531
-9804
-8581
-8521
4263
-7535
4728
3251
928
7829
-6499
3732
-204
-3640
-4813
9888
-9647
6360
6080
-5524
1443
-1805
8053
7766
4125
3724
8981
7179
-5385
878
728
6514
-827
1257
5893
1717
-5591
-1907
4953
-1853
3026
1129
-6338
7504
7033
-7878
-1196
-1498
8656
4862
-5620
-3332
3687
4545
-2060
7682
-3713
5565
1917
6440
3472
1154
-1860
-6951
1953
-7477
3993
-4548
4950
1307
-1469
2831
-2832
3193
626
5926
-5621
7013
-7001
8267
4423
3098
8893
-6838
4783
3516
-7029
-896
5156
-275
7346
9547
-7903
3330
-5044
-7257
-6335
-1674
4114
6831
-8654
3715
1785
-1194
-4668
4346
8016
-2206
-9836
-2870
-3728
-1996
-6155
-252
-6679
4830
4364
1917
9859
-3901
-8711
-9582
-803
-5978
8164
7647
6158
-6607
-1647
-1085
4410
-8724
6872
-2004
9259
6455
8442
2285
4616
-762
-1936
5165
-7331
673
-8531
8532
-8633
6364
8841
4284
-2110
8849
-4401
-4125
6561
-37
1237
8792
1267
5168
571
456
-2766
6665
467
-3006
-1335
8161
-1499
-7526
-9890
6558
-6761
8975
-7872
3230
5471
-8168
-2646
5446
9553
-6958
1838
2073
-3512
2517
781
-891
-4157
2875
-257
-8319
-8602
8770
-4177
7081
4712
-8857
-697
6722
-1439
6090
-8588
1011
2075
5733
-4436
-4125
-9390
-5029
-5869
-5436
-9905
-8076
-673
2064
7170
-9944
-7550
-5822
-597
-2765
-160
-5589
-9819
-3305
-2230
60
6663
2591
-93
325
-8315
-9945
-4027
-4067
-7785
-7000
362
978
2632
2758
4934
-5376
9223
-7630
4353
-1244
-4535
-3864
732
5090
-4507
-7645
1333
-5824
-5033
-2326
4684
-7785
937
-2448
-3710
7946
8907
1125
6290
-5465
-384
5931
-3564
8372
-4159
5176
-8847
-3955
-3795
-6206
1960
3408
9056
8635
5041
-1462
-9050
7382
-9349
-2045
-8047
9567
-8241
-2285
1257
1659
-913
-6853
6642
-2183
8081
8303
8858
8704
-7253
5233
-8561
-2554
-2565
5374
-7060
9831
-5600
2548
4797
4714
-9321
6833
-3506
1770
-1862
4107
-8767
4449
-4549
817
5183
-1791
2521
7956
8426
-2631
-6876
-2227
-7607
6763
-3003
-5896
3387
7561
-6399
-6848
7487
8065
-6106
6623
-33
1072
-4315
-1512
-4796
7224
-5048
4223
8031
1598
4354
5489
-2911
1825
1129
5918
5335
-3203
-415
-5179
-3814
2379
-1328
8072
-4208
-3043
6933
-3067
-196
7717
8662
7400
5924
-6096
-590
6013
5645
-6030
2311
1718
-3789
-6478
-906
-5562
-4407
8719
2665
-3305
-4876
2393
-7810
-7295
2258
942
-4177
-4257
5139
-19
-2706
8227
-929
-2618
1959
2111
8331
-708
-6402
-9599
-6005
7461
1690
2515
-4372
-2125
1166
8087
-1420
-8208
-1893
4213
-8248
-4766
9571
-7755
5711
5228
-9837
-4612
4947
2803
17
7187
4371
-3431
-4804
-6501
5620
-303
245
1785
-2245
-106
-2426
787
-2818
9197
5128
-3915
2662
-2690
-8543
-9537
8849
-6928
-6215
5712
-4232
-2641
-6309
-3364
5333
1567
4801
2697
-2368
9831
-8858
4191
-8693
-8253
4152
-9346
-5915
9602
7349
7836
5942
7663
1209
7199
8309
8668
-5237
5183
-3555
-3916
-8617
4268
1565
7817
196
-9482
8885
4555
1035
9723
-6060
-6618
-825
-8944
2383
-1812
490
9075
-8310
281
-9192
821
2963
6502
7801
-6987
-5669
8297
-251
3095
-319
603
-5068
6724
4750
-5353
293
-134
9843
3580
596
-3623
-4839
7631
-8637
-348
3280
-4888
71
-9469
8387
8954
-5712
865
-820
3771
9392
6607
-3328
-1725
2552
4489
1742
8091
-1748
332
8312
-3238
-1840
-7258
-3873
-6222
-1500
-3332
-8803
9378
5924
1606
1431
4875
-175
-1844
-1635
9065
-4874
8147
-506
3941
-764
7858
-9534
-4524
160
-9874
6738
-185
2550
-7359
9947
-9196
-815
7790
3321
5097
5389
9813
2793
-2501
7447
-2328
664
9512
-418
-7337
5768
7176
1869
-6575
-5699
-701
4343
-2433
265
-6545
-8702
-5245
-1806
7843
-5026
3354
-1278
1535
-1875
5575
-367
9275
-9954
3028
-6303
4137
-1386
-3997
7236
4645
-8802
-341
4998
-2380
-7327
-490
1894
9436
-7342
-474
4927
477
7816
658
9662
-150
-3701
-5834
2761
-8754
-33
-8623
-2808
-6901
9148
-6823
3447
663
-846
-758
2352
-5112
2489
2501
-3148
2831
1745
-269
-7009
-7457
1572
-4098
-7486
2659
307
-6688
-4633
9883
4432
-410
-5584
9227
4636
-5647
-9894
-5376
7728
6174
498
-9269
4092
4457
5821
3946
322
7837
4684
364
-2408
4406
-8555
6814
-2239
-8649
-7831
-4198
3227
-6914
2415
-6762
2454
6355
625
6210
8477
2569
-6856
4836
600
-5742
4413
-114
-42
1793
-3912
-772
8556
-5028
-3975
9198
6134
211
2247
-1531
5058
7392
-285
-1418
-639
1394
3499
-1213
8660
-6556
-4162
8149
401
-7026
-9593
5374
783
142
-9775
-4820
6869
5954
-7736
-7363
-4510
-7492
8354
7061
1108
4069
2798
4091
3994
5533
-3329
-1647
9134
4795
780
-1554
4799
-9394
8728
7712
9043
-2842
1696
7839
-6546
8666
-9238
-168
-5604
4107
2036
-4843
794
-6729
9828
498
-6118
-243
-6651
9878
6174
-6451
9931
-868
-348
-3136
-1189
-720
8221
-4185
6439
-3976
-6748
-8391
-1339
5588
-7351
-2110
-6032
-6157
1182
2121
4454
3416
-32
564
6955
-2471
-248
-570
-8519
-5791
-1098
4438
4399
-8737
9035
633
7478
2841
8103
1738
-8858
3642
-7308
-221
-4790
411
2994
-5393
9526
1423
3383
8980
-4108
-7684
-3481
1655
-387
-7076
464
5643
2717
2454
6001
1548
4063
119
2158
8843
535
9125
3202
-9580
9438
1255
-9967
2307
8751
-3296
9790
-6988
5019
9492
1889
7321
-1177
308
-7868
-2236
-4532
7594
5446
5694
2522
931
-6783
5682
-5977
-8310
4720
-2071
4751
3155
-1067
-1498
7555
6022
9189
4538
2436
1259
157
571
-9325
-9321
-3515
5172
518
16
3921
7016
1692
1101
-6278
1367
1713
-3488
2417
321
8511
-8604
-5512
-2285
9593
9711
-5387
3570
3914
7737
-5183
-2596
3085
5824
-8052
5420
-749
7306
3604
5444
-2843
-5553
-5841
-5440
6028
-4524
-5969
-9367
3961
7337
3778
-9629
-5580
-609
-7720
7488
-5594
-5514
-3733
8222
8726
2847
-3780
6744
-8235
3135
7676
6506
-3947
-3194
9896
9139
-5509
-7279
4950
-5097
9108
7736
-9605
-6556
2100
6922
8692
-7151
-6681
4950
7619
-9374
-2878
-5805
950
-3069
-3684
-6575
4243
-4811
-5253
-5
1008
8042
-6945
4648
-1449
6321
-9615
-4284
-8229
-1063
574
-6228
-2321
-1199
8097
6875
-9870
7112
-1663
-7495
7897
-4548
5111
5371
-6063
-4045
-6417
7298
-5198
-3164
6126
-7074
2228
-7253
-102
9563
-3522
-4828
4468
1319
5594
5126
-4683
8163
-53
-6415
5797
-1323
8943
7356
3295
-7587
2537
7513
5061
-7999
-9894
-5328
5177
-3318
5002
-4653
-7104
-7939
6553
6373
9464
-233
9062
-3687
-4561
4602
1930
4596
-8614
-4693
3331
-6255
407
-9853
1889
-5098
7912
-2150
-6217
5624
-4892
-8557
-3289
-985
3321
1033
-2660
-8625
-5286
3533
-107
-5646
9658
-1168
4313
-1011
6479
2425
3271
5608
8758
-638
-3200
6351
-2010
-5888
8080
-1476
2503
-4273
995
5453
2
7998
-164
-9296
9851
-884
-1112
8658
-2310
-7231
5308
-8109
-4569
7070
-8613
213
2403
8048
5152
2073
320
-6599
-3477
-8447
-3982
8538
6000
-96
9540
8087
-775
421
-3097
9220
2407
-3382
4021
2490
-8919
-5317
-9650
9277
2875
3263
-5918
3956
8421
6637
-8052
5666
-9655
-7459
-7573
-3536
7067
-8464
-196
-8242
2006
-6269
2010
6505
1565
-8410
-3127
6675
-9669
-9498
3287
7835
1219
1656
8532
-2388
-2132
1217
-1563
-5035
5684
-3093
52
-1656
1183
5616
1549
8182
-9174
5830
1575
-6777
9147
-7014
-8897
3813
-9698
9704
-4484
-201
-5361
5228
5449
-3534
5362
2646
-1033
-4538
5343
3715
-4155
4486
3083
-3587
2150
8528
6585
3084
-3564
4915
1166
4386
2242
-5660
5372
-640
-6674
888
-123
2183
3838
-8708
-2550
1955
5109
4886
5317
-1790
-6330
2671
-2972
-7405
-6866
7648
1066
30
1537
-8829
391
8597
3735
-726
9486
-4439
-2499
9423
-2383
3910
8678
-7884
-6932
-2861
3285
-3071
-6295
-9803
-6336
-6414
9671
-3221
6701
-7882
7590
-4017
-162
-4290
-5953
7579
-5264
3741
-7391
624
3789
3831
4140
2077
62
8847
5243
-313
7055
6997
1508
-6524
-1183
-1987
-3933
-4919
-8189
3099
-2600
7158
2391
9844
-9239
-3973
2036
6713
-5785
5393
-6554
2878
7744
7464
578
2593
-6861
636
7122
-3677
4463
166
-6382
26
-6085
-9676
8611
5768
-3072
1187
-2405
4041
850
-1214
5958
-9356
-4243
-3557
-3054
-3095
-6067
-4228
-9128
6291
-8616
703
1995
-7277
9055
7818
-7305
4496
2312
-543
-386
-5350
9976
-3893
7399
5743
9469
-7465
1248
4441
-6130
1058
-3645
-7362
-213
8443
1613
6127
-274
6072
-8760
2836
5043
-1934
-4466
945
2598
-5961
-2889
-6811
-6193
4008
-5546
-5551
-9217
-8902
-2180
5
136
935
7799
6977
5267
-34
-1387
-2572
-7742
-7816
-487
-210
-2013
893
-7065
-5743
6518
-3999
8016
1753
-9078
4323
4079
-7815
3418
6241
5715
-2365
5378
-6302
2314
5728
8124
3295
6191
-7251
1620
7433
1204
1452
-3248
-6065
-8500
8807
164
-6639
-6121
7058
-3118
-2621
-6449
-8015
8655
8283
7526
-6994
7022
-4447
3068
-4709
6606
2814
7154
4627
8224
5483
-6426
-1169
-7341
-3109
9730
6020
812
1094
4287
-7056
4435
2518
7616
-4939
-6266
-4333
-365
664
-8079
-3841
6906
-2910
307
3578
7139
-3868
3254
656
8939
-9467
-8147
-3720
2597
2077
2317
4224
-7954
-7015
-6333
-9319
-8809
9092
-1290
2470
-5426
9438
-5323
8736
86
-7946
1006
345
-4565
7763
-6965
8614
-6687
232
2761
4047
-2775
3392
6575
-5303
9883
8311
9977
-3750
8183
8560
-6626
1921
5585
-3480
-597
-308
-5587
-8389
7639
-6413
-5276
-425
9909
-2683
-9141
-1922
-9887
-2212
8362
-6231
-730
4323
3613
6554
-6019
-2774
-7566
9597
-7969
-7866
2340
1988
-2144
6005
-7488
-6174
6668
-7246
5972
1873
-7687
-8007
-6985
-5624
2235
7947
-2399
6700
-2805
-4202
-3043
3106
7497
-6743
6643
9325
4500
-6132
-7669
1103
4974
-7236
-2117
-3970
-5093
1778
2343
-7299
-4598
935
1374
-2006
8809
-3907
2726
9225
6951
8796
2875
4993
-6559
3456
7913
5416
-1779
-2234
-4301
-9657
9763
2823
-7285
8742
-7393
-7495
4466
-8374
8370
-3259
-1262
-5686
-6609
3727
5280
2706
-7279
8961
5990
-7491
7868
5387
7110
8656
-6421
3566
-390
9102
-9840
1487
-6405
662
-8177
-7743
-7771
-1089
6617
-8367
-4370
-3431
-5523
-896
-9236
9654
-8860
-8040
5804
-3756
4774
9955
-9200
-9821
-7996
5155
3333
-7995
-4530
2687
9984
-9784
3527
-6889
-5069
8879
-836
4872
6561
-3453
4358
2801
9230
-5123
-8178
-4150
-2565
-1926
-3306
-4779
5160
9106
-5809
3443
7195
-4500
-7616
-450
4455
-8238
4878
-7904
4244
-1382
-8823
8671
-8643
-5396
4843
8629
-841
-1830
2181
-3203
-9600
-3080
4386
-1573
3811
-4071
4046
9308
5907
8012
2383
-3935
-1106
78
-1086
-6355
-2784
-6310
-8945
-1805
-8697
-1409
7009
5789
4489
1882
-8950
-2520
-6669
4121
4618
6135
5296
-8865
-5606
-6928
-5429
4925
6620
-4689
5303
884
8994
-1909
-5321
-4442
-7632
1725
-3981
-5434
7388
5098
-7473
2545
-4042
3707
-690
-5943
-9029
-4018
-3044
-9500
-3115
-9929
-5007
8341
6402
237
2309
794
4142
-2742
-8581
-1908
-2440
1662
-6412
-273
2246
-9467
-9524
-8239
6619
-3076
-3006
129
4162
3910
-3564
533
-7505
8969
-1399
-4462
-226
4156
-9388
7012
-4150
602
-9202
-482
3654
7091
-235
-493
-1994
2111
-6920
-9799
92
4477
-786
-2860
-3269
1870
8040
-9531
-9158
7781
-879
7813
-8886
4577
5485
5537
6981
-9941
-8463
-4578
1810
4512
2816
-6219
-1149
-9305
-9999
4636
6317
-9825
-6068
-8642
-9021
235
-9531
2945
1060
3906
-8359
-8624
7101
9648
-4859
-5682
-5566
-5448
-3783
4484
-157
-1882
-1432
-9497
-8028
8218
4134
-2858
6986
3296
5126
7948
-7234
-5458
-3778
-5659
-8788
-3864
6046
-6717
3673
7195
-1393
3992
9303
9483
-4676
8423
-6689
-4779
315
6790
-8585
2689
-8039
181
1425
5415
-2403
-9718
-9125
2652
2039
-707
5934
-720
-7346
-5850
3315
4387
9506
2360
1523
-8274
-5857
5973
-1286
-638
2865
7912
-6345
-6697
-5061
4849
-8850
-6403
4183
-674
7470
-4755
-1754
-4098
5608
-5311
-2436
2038
-4344
-4557
8958
-3049
9117
-1534
-8138
-5756
2181
2926
-5011
-5667
4424
9697
-6659
7808
-1485
2573
-1914
5743
4180
-2010
2692
-5931
9811
-7614
-3302
-4744
-3455
6138
-4752
6716
6694
8803
-5494
2290
-7931
-7449
4021
-9449
5622
655
-9145
4425
6061
4971
-9926
1732
5559
7949
5767
-448
-9327
4978
4901
-2330
-9372
-6089
-1121
6847
-9308
-5381
9050
-1614
4023
-8
8872
-5300
8320
6036
-5526
3464
7079
8917
-36
-4595
-1917
3043
2989
1113
-1546
-9142
-5875
3931
943
-325
468
2165
5948
-9430
-1707
1838
256
-3788
6566
-2322
1367
-9753
-6024
-523
-3918
1976
2562
9244
2094
-7418
-1817
7673
1806
-9130
-806
-8940
699
-7937
-9896
2347
-9088
-453
-1692
-4487
5538
9117
8691
-3005
-8282
1009
1800
8496
7921
1131
-9418
-4754
-8289
8943
2143
4382
3699
-7504
1862
-4425
2690
-4570
-7272
-8376
3454
750
-115
9484
-2200
3174
-5291
-7439
1065
-3088
4662
4146
-1870
-3564
-9124
-9933
341
-6624
736
-8243
-5307
-5180
6364
-5440
-5643
-1404
4172
-8697
2295
4571
-6595
-1078
-7113
6944
-6940
-7087
7151
6334
4616
2202
105
-5136
-6119
-9101
538
1014
5989
-8864
8505
-6785
-8737
3537
6582
1383
-25
-6089
-3249
-3016
-5795
-416
7594
586
-3700
2591
3431
-9525
-6401
-4525
-7257
2531
5242
1428
-2511
-8253
7952
-8987
6724
7524
-7807
-9720
-6471
7569
3301
7792
4134
6376
-1046
-7466
5875
-9138
8014
-1320
5144
-7154
8916
523
-1134
-565
9690
-6421
9473
2734
-1752
796
-6063
8889
7144
-8462
665
9627
3045
-135
-497
1097
103
1854
-2041
-6950
-2722
-9454
-7064
168
-641
-4795
-2511
5197
-6573
-1257
-3824
8369
6374
4832
-5744
-9791
-5310
-710
9750
5815
-8597
-6207
-5010
2954
-4601
-3935
8178
-9920
6447
-2807
7570
2628
9222
997
-450
-3633
-1787
5069
-7296
4583
-3595
-5556
-2032
8616
4506
3858
-7704
1694
-4770
-5927
-9719
-5830
-3226
3832
9771
8466
-6376
5409
5859
4427
-653
6309
-2723
-1662
-2973
9309
-1097
2288
8511
6318
6081
-4526
6250
-2925
-2075
-8785
-8426
-9500
529
-3505
6464
-9695
4902
4953
1499
1901
-6762
815
-5560
9278
6015
252
417
4138
-3959
7214
-5348
-5705
5555
-3566
4520
8509
-6086
2886
9278
-1151
7824
3259
1469
1551
-992
8432
2857
7477
7067
5653
1959
-6163
-4820
7020
2707
2898
-6304
46
3098
-9120
-1058
8635
6312
-7230
-1703
6023
6567
-3098
-3704
9491
699
-1182
-4216
-6088
7671
2234
-3708
4085
-4389
9592
9592
5560
-6600
7317
4909
-2326
-6824
1842
9387
9301
-9092
-1800
9850
228
-1047
9045
3604
6193
-204
7234
-702
2191
-5922
-1857
7741
-7260
7585
3605
-6670
2808
-968
-1378
-9680
3308
8234
-8665
7838
-3550
-9676
-2641
8933
6549
-6620
-5409
-349
-7228
3883
1988
-8918
2012
-792
-1047
-5095
-653
-3341
-1126
-6808
-7325
-9529
8504
-2007
-6446
-5784
2749
6382
9004
-9240
-8977
-4909
1493
6126
9242
-8335
9554
-899
-3784
-7273
-3313
8699
7547
2634
-6935
-6604
-8075
-8920
-3650
4077
2119
3402
-6103
667
-383
1994
1328
-3937
-2398
-7246
-9641
5226
2911
-4953
-9174
9851
-8049
2113
-4460
8767
6514
-9549
-7874
3235
-2353
4733
843
-155
-8510
1168
7372
-8514
-1192
-6671
-3997
2311
2330
-8017
-3165
7462
-1643
7381
-6840
6696
6562
-9486
404
-4573
6062
-5898
-3205
-9387
2800
-2501
7918
1685
9337
-6738
5839
-2013
-6088
-4824
6254
-3293
-9790
2188
1056
-1577
-4959
-7665
-4665
-2784
-8447
-4381
-5649
2690
1799
-1129
5967
2667
4544
8802
-3428
424
7495
-644
2207
-173
-5519
8508
-2441
1202
-9321
-767
-6115
-4347
5279
-323
5028
-4308
2386
9230
-6842
-2912
-6878
8817
-952
-7370
4643
174
1960
-2507
1581
-3300
-3288
-3401
-6739
-9576
-8417
-6589
-1757
-6498
-3864
8250
8886
-5963
-2353
945
-1805
-6028
-7960
-3528
-2762
5380
5781
277
5652
-7706
9713
272
9322
-6691
1216
-9037
3300
725
9300
8365
-3266
-8271
796
-4303
1949
-1386
8274
319
393
-5743
-8043
-2174
3424
-5002
-7707
-578
8753
-5417
3942
-1369
-309
-6840
3787
-1911
3784
-1175
5802
-3393
7959
5004
373
6925
3454
-7914
-5138
9250
215
3427
-2809
3290
4131
9569
-3793
149
-4168
-7402
-9903
-5312
-1854
-2590
-6742
-1685
7240
1848
-5225
-3602
5876
6474
-8311
7195
9954
-443
9912
-7620
-4546
3982
-2759
6120
-6377
-504
5634
-509
-1865
-4003
1632
1818
-92
1194
-5753
-6179
-7974
4782
-1039
-8858
7219
4164
8479
4147
-5802
3813
-2368
-7778
-5612
-4783
-7874
-8502
9596
-5664
-9097
7344
-8720
-7596
5080
4616
-8737
-20
4352
7873
-5299
-9587
1294
3023
7865
-8844
-9928
2595
8128
-7694
9882
-488
9193
-272
8825
1806
6837
-3529
-9761
-1209
-3900
-4015
-9437
-60
-1151
-8079
-4854
6169
-6292
8018
3245
-1843
5793
-2003
-823
-8492
9520
-3442
-2372
-1764
-1335
3563
7504
-6794
3393
-2495
9114
-1815
-1179
-5062
-8995
-9605
5889
4842
8156
8458
-7349
-887
9505
-6131
-7223
5647
1616
8803
5722
-1089
-1978
4967
4927
2529
-7847
4552
9867
-8867
-6735
7515
1485
3426
5416
-7161
968
-1005
8729
-5257
835
5616
-6870
5283
-6397
-3579
-3142
8223
3224
5153
-8474
1939
-424
-3658
7117
1312
-6289
-3276
2584
5248
7141
-8280
-18
-5118
6065
618
-2152
-9809
8756
-4828
214
3644
-9761
-2363
-2285
-3439
6101
1946
-7782
-8425
8109
260
9160
-8455
-1439
-4778
7050
3715
3017
-2064
-5609
1449
-678
-1679
1523
-7272
-8188
-7676
-2903
6012
5981
-6627
5724
-9830
-5397
5127
8502
-7709
-4611
-3676
-5257
8228
4004
-4455
-3597
5858
5180
-6736
-7528
-6702
-6438
-7809
808
-1338
-8640
-5771
-4401
-2350
1408
-7440
9734
-8691
9531
-4002
8966
4632
-5426
-409
4659
8640
-8327
-8655
8048
-3027
-4529
-1751
-9004
7042
-4215
6902
7358
2080
-4365
1361
1511
-66
-7868
-8536
8087
-2830
-5876
3890
870
-1633
-6743
-2025
-814
6328
8472
6732
-886
3995
-4445
5661
9151
-6333
6670
6457
4867
-9857
-7493
-1417
-284
-4759
-3197
4055
3491
3292
-4888
3453
-6603
-3033
8725
-6538
-9740
-415
9922
-5574
-9860
6393
-9809
1269
-7790
6756
-993
6134
-9679
7433
7000
-7236
-88
750
-6930
-1483
-460
9453
4571
-9164
3097
-2139
-1132
-9329
-6487
7652
4801
8620
5749
3743
5585
-5703
5192
-1971
8699
1173
3315
-564
1770
-370
-2179
2611
-7769
-1239
8311
-1596
-9605
-4503
1040
-4986
-9094
-3071
-2656
863
2164
5553
-6291
-3665
1860
-6354
7559
9764
-9660
9097
302
9528
8852
-7271
8484
3791
2560
4070
5886
-1864
4523
2833
-8134
-7625
8522
-8255
-1196
12
-4933
1860
-6024
-319
-1304
5119
-7925
8596
-4176
-847
385
-2446
6936
-9489
-2523
4919
917
367
-8900
1719
150
-9870
-2612
3116
-5658
-4447
-9004
1352
2545
-3084
2720
6977
3032
-1158
-2940
6138
-7454
9623
-7917
2359
4284
4429
9508
7493
3714
424
-7983
8296
7096
4485
-5889
-6770
2458
-3589
-8402
882
-3799
-3016
855
8646
-7503
-2944
5313
-1981
2989
5602
-898
6788
-5230
6988
-5843
-5127
-7367
-7403
-3523
5398
1210
-986
9195
2126
-5081
3602
-3050
9384
-8219
-672
601
-318
-7370
-6998
-6669
2063
9302
-1015
-5962
-4150
2558
3621
-2487
2244
-2867
7302
-6431
9869
-2810
-1307
-4591
-7025
-692
5563
-2264
-4456
7431
-7751
8506
-7050
38
-1699
268
5294
-8455
2787
-3791
8798
-2849
-5301
-6250
1145
175
-6765
3829
-9547
9597
972
2450
2864
3936
-7992
8566
1855
3975
-9158
4359
-7024
8522
-8553
-96
9422
-7975
-6054
-2905
-3883
-664
3152
6430
8299
5458
-8718
1999
8469
6190
5531
4390
9117
-2473
6021
-9024
762
381
5545
9209
3806
-1842
-2704
6061
-6197
-5488
6989
-4059
-5745
-3484
-7000
7353
3771
262
7703
8244
-1354
-2162
-6105
7547
882
4871
6370
4267
-2702
-4278
732
893
7982
-6854
3995
-982
-4073
6751
-1505
8771
-9655
-8208
-2060
4075
3993
-5255
-3836
-2890
9691
-8572
3950
-5270
5091
-8682
-5458
7487
7932
2505
-171
-820
-967
9057
-7835
7110
-7844
-275
-6686
5342
9363
-9074
-4825
8721
-6056
7033
9176
9547
-4113
6084
156
-1123
8211
9303
7449
-420
9097
-4350
-1830
6929
-1843
7741
2316
-4403
-4424
2224
7689
-2451
-7225
-4515
57
601
-8986
825
-4263
-1483
3813
-1131
-4203
5068
362
-7216
8739
2225
7626
666
-4211
181
-4111
7180
3646
-3302
-4360
-473
207
1693
2355
-6196
-2844
7806
6059
851
-4172
2444
-173
-4328
-6045
8685
3253
1086
-930
4888
9861
6819
2117
2572
1990
-1913
-6821
-2100
8390
1454
9684
8868
-1438
5099
2646
546
-1636
-4614
-9077
-6307
1405
4745
9515
-1097
-5964
-5983
9360
9996
-4042
6442
-5438
7568
2534
-8393
-768
7914
-9015
-9707
-8279
8216
7732
945
-4968
3799
-948
-9875
-5926
3236
3473
6354
-5276
-5522
7190
-4404
7288
889
-6251
-4677
-4191
-6342
5481
8220
-2281
-7330
5215
-2523
805
6882
-4996
1125
-4599
4936
-834
8203
-6494
974
-7819
-4306
2575
4916
5179
-8899
-1189
-6180
9959
-354
3327
7277
8559
6822
3178
1076
5582
-2092
-8076
-8730
6045
-8138
-2941
-7006
-1963
5040
5665
3113
4564
1798
430
-5046
-4191
-1441
-1893
-7992
-2623
-3695
-637
-879
4507
-4298
8515
5317
-1680
-4123
825
-210
-2057
6798
4820
3465
8908
-9020
-5805
6178
4038
-6866
-75
6124
-3004
9394
7971
-387
4447
5970
-4930
-4300
1958
7868
-7255
-9557
5250
-1485
2503
5846
1317
-8266
7452
7774
9376
-8947
2755
223
-4258
-2246
-6786
-9177
-6255
3346
7933
-6758
-5535
-1319
-4607
-1833
-1665
4682
-6186
-9473
7406
7056
-384
-2243
-6111
-2779
1287
-6609
3073
1840
8830
7337
-6522
-5400
1094
6350
598
2393
3559
-2367
78
-4216
201
-8389
1500
2630
1846
5426
1736
-9685
8480
-2289
-9579
-9071
7253
-1353
699
9702
5247
7300
-7787
-7293
-9074
-5036
-5539
-191
2963
2950
-6700
-6649
-2448
-1113
4014
-8521
-4371
-4899
-3899
-9552
359
2012
-5183
-9481
7160
-5277
9925
-245
6860
1224
1589
-7365
8785
8693
6692
4522
3297
1563
-1221
-3796
-7187
-6637
-9203
-3515
4586
4716
264
-6688
861
-1254
-5012
-8542
9256
-1127
-8109
-3535
6984
464
4503
-3019
-3702
-5703
-8932
-6514
5583
9089
-9508
5915
-4064
-5866
-4216
-2138
6771
-6397
9320
-1701
-4810
6732
-1504
-5805
7294
-1475
3063
-2421
-4968
7531
6104
-1290
3975
9967
6173
-1711
-9662
-3306
-6539
4870
-3432
-7172
9391
-7030
3649
4785
-5934
7837
1764
-9042
4858
6228
-728
8756
-882
-4894
6813
2734
5110
8858
7306
2199
5576
-6556
8450
8830
2567
1276
7679
-8556
4363
-1383
3156
7402
9752
-4574
-6585
541
3133
5369
7484
2060
-6974
3966
4994
2905
-9846
-2748
3336
4422
5670
8607
-430
1557
-3179
842
2097
3010
-3748
-532
6253
4362
8244
938
-4540
-4711
-5269
-4882
9055
-674
5929
-7374
7853
-5268
-5562
5828
-1854
8613
-1940
-5898
-4979
-1280
998
1883
-2489
-650
9049
-534
9754
5207
-8966
-8840
7433
-2422
2547
-3819
-4986
3504
9817
-3356
-3481
131
2397
5336
7253
9030
7323
9501
7426
6232
-4031
-3790
-1907
-4554
5976
1702
-5932
3166
-854
-2405
8051
-772
-3242
-3985
6403
8693
-2752
2996
8350
9224
8112
574
7826
-271
3918
-4375
-4189
-8039
-9491
9006
-9197
-18
6871
-3264
3591
9660
-8432
6938
9439
4578
8587
-7518
-2161
-1443
-3341
9787
-7799
-4890
-5353
-8785
-4938
1861
-4795
-3774
2768
-7352
-6279
2199
-7717
-2836
9954
3220
7636
-9684
6076
3415
7188
-7977
-1356
3906
-4312
7322
-7246
-9498
6703
6074
8910
8240
4157
5533
-7364
-1640
7992
1633
-6164
1964
9259
4404
7168
455
3554
7433
8615
-3274
1612
-3804
2124
-5899
4370
-5150
2616
307
352
7014
9548
-208
1584
-9618
1828
7014
-1311
-7224
7109
-3422
2579
1213
-9624
7507
1775
-2933
-9160
5620
6732
-5395
7511
6855
7644
1067
3828
-3890
9347
-1346
5231
-8313
-3160
-6718
-5959
4479
9167
7367
-102
-4533
7957
-4390
8275
-1296
-1994
-5888
-5932
-5607
1049
-7173
-8420
-5303
-3335
6144
-810
5395
3582
-6573
-4002
6155
-4608
-3828
5988
6036
4840
5790
-947
-6728
2146
-6551
-1567
6005
6430
-5207
-3316
9714
-4151
4824
-6539
-6217
3716
3519
-7784
-3272
-6470
8684
4444
6276
7530
-5089
-2806
7376
-7199
3764
-4943
-5050
-3319
5832
-3108
-4762
-7070
-1609
4408
-2430
-8534
-6101
-1526
4946
-8111
2324
4141
-2384
7763
-2121
8971
2043
-1588
5306
1205
3459
-9743
7288
-6590
-10
-835
8162
6467
4963
-9372
-9362
-3978
-6677
-317
-1163
-259
-4560
2580
5090
5531
-702
-8428
2922
7711
4637
-8535
-9972
9534
-3433
-4015
-4970
-3218
-3423
-5764
9613
923
-5897
-2961
-7320
-2986
9093
4689
-5704
-9677
-5827
4613
-450
4248
-4282
290
2038
7280
7068
-4868
-345
9838
-7225
3865
5437
-434
-634
-3535
6145
1213
-7797
2779
9420
-6515
-4726
-4181
2358
5310
3439
-2039
8401
-6850
-3110
-3
5358
-8668
2608
-5368
-2078
-5389
97
7944
5003
7056
631
3453
-5380
8046
-9068
-1729
9944
9148
9703
6919
-9480
3065
5071
-2265
-136
-6616
-7572
9158
4755
-6291
-2749
211
8095
-9857
1649
-4941
2788
-8520
-6772
6444
-9053
-5387
257
4922
7265
5679
6378
9994
-8043
-6410
3422
1863
-5949
-9068
-6219
-4440
-9882
9347
4165
-5505
1286
7335
9836
-7458
5133
8315
2343
-8088
5661
8459
1018
-1924
-5336
-1721
-3086
-9281
3081
6301
2894
-9501
-7020
7579
2420
4415
-367
-7529
-3921
-5890
6476
-6319
-9284
5798
2917
8624
-820
1879
-9036
-7516
-7395
-8802
-3856
-8159
9717
1843
-4973
50
-7754
-8821
9362
-4367
-3687
965
6861
2260
-7160
-5496
235
7047
-9955
-4109
6927
8003
6985
4949
780
-1916
8085
-8900
3012
-8573
-3210
-6118
7766
8262
6038
-5145
1071
-3920
9205
1760
9027
819
-8384
-3845
8290
-2590
-357
1159
7222
3041
-334
5890
2375
-433
5478
2159
6910
1536
-7876
-5524
2842
7621
5539
5184
-4494
-371
6937
3864
-2625
3937
-6049
-7934
6325
2663
-9147
-6438
407
-4653
6503
2316
9025
-1210
-9927
-6392
9857
-4462
-7291
-6815
1520
-595
-1050
-2164
-7294
4044
-1893
1036
-7695
-3753
-6274
-4945
4518
7484
305
-530
4874
5407
4936
8665
2857
9107
-3709
-6539
4389
9058
3409
8136
6810
4665
7321
6394
-7176
4373
-6365
3167
772
-2991
8470
4413
3244
9216
8096
919
6583
2908
2847
-4802
-3065
-3012
6286
-2369
-3407
9841
-2837
7509
9834
9307
-3196
5694
208
1375
8884
3725
9915
200
-1525
-528
-4624
-6488
4229
5773
2668
-4513
9643
-3680
5501
8756
-959
4281
6041
-3599
-9416
-5597
-6407
1862
6594
-2415
-9156
-6180
3067
-6037
-3906
999
-5421
-1731
-711
-9403
-1863
-4070
-8342
670
9254
-8933
-7938
1710
-9768
2015
5826
-3065
-6354
8970
7992
8747
-1485
-1514
-5652
9556
5368
6423
9586
-4204
2116
-6485
4387
-8032
2096
-6676
4335
-8487
-1851
-6350
-9623
3644
9314
-1406
-1377
838
1838
3403
9186
-9068
6085
-4454
803
-824
-5297
-1464
-5120
-6123
3221
3026
9300
7028
-7416
-3836
937
-3079
1751
-6680
-6504
3480
8018
748
7752
-2356
1495
-4117
-2454
-9403
-7225
-5843
1500
-8462
4195
7273
-8238
2103
-2497
-3726
1999
3954
803
-3519
1965
1864
-7796
7481
-780
8831
7293
-3466
6180
-9315
-5406
-7366
-1374
-2402
2059
8985
-2107
-9293
7300
8989
-4019
-6608
-1283
5321
890
5577
-3449
-1530
-3552
9697
-6892
-4974
-1982
119
687
5444
-7486
1392
-2137
6302
-4032
5616
8076
-7659
-9882
2379
5169
4833
2952
9046
8959
-8653
-8039
-9804
1029
-3903
-4511
-8307
-947
-8045
7634
5845
-8848
3284
-1091
8532
7317
-8559
-4041
6820
7355
-9185
7280
5917
-5551
2941
4292
-8985
-80
-3113
3208
-1933
2311
-6069
5688
1726
-6804
3225
1177
145
-7408
-2321
-7186
-6841
-8624
486
9574
9614
-5468
2228
-6048
9605
-4421
9936
1350
8135
-1920
373
4162
-1357
8013
-3866
-276
-9708
7496
257
-8924
-5793
-8095
3156
-6227
8642
-7617
-9110
-865
-9792
-2047
9471
-6682
-5277
-6316
-9640
6476
1020
1057
-3833
3139
9846
-5678
3752
-5652
-4775
-2335
4743
6900
-5371
7300
-105
-8697
-1773
-9248
6110
3998
-7202
-3768
-2141
8788
2594
8200
-2952
2295
-3722
3478
-5190
2744
4232
-152
-8922
2175
-8617
2605
6866
-3217
-971
-5575
4479
-644
-754
7370
-1371
6268
-6230
67
7568
7015
-1924
2116
-1954
-3981
-9716
8355
7238
4512
2533
-2790
-1321
-6122
263
7869
1938
3064
-9957
1389
-5322
6318
7076
5880
5864
6984
-6141
8285
3162
2981
6327
-6027
1845
5112
-7764
-8336
-8773
190
-6643
-284
9497
4009
6468
8893
-878
-4473
4024
5482
9956
9764
3865
-8314
5354
-9222
-4915
303
4861
-9923
-7021
-7942
8979
1982
-6022
-7157
1845
-2138
-4222
-6645
9749
8758
1246
1864
3109
-4668
-4928
-2770
4412
4510
-7897
8400
6633
4637
-6713
9742
2857
5812
5910
-2582
3409
6857
-4737
-4753
5982
-7867
9161
9508
-1244
-584
1882
-6452
-7895
-9695
-7496
7486
-6266
4823
6144
-1048
2588
5133
6361
-9168
-5480
-4936
-920
7850
-270
3110
-9987
4582
3445
-7443
1886
-8398
7893
5789
1167
1905
-4807
336
-2512
9537
-424
-2709
-8937
-2579
-1671
-3249
5651
-6615
7917
-4815
4295
6108
8193
9079
-8462
922
4322
6108
3376
6585
5598
5320
6696
-171
-2721
-3384
3864
-7760
-8427
6840
7740
-1734
1979
616
2108
-3044
-5784
7905
-4547
2906
9513
-784
-6468
1062
6207
-3283
888
-6964
-874
-2033
-9559
-7208
-6952
-3720
-575
137
7486
7613
-5871
4435
8870
-4755
-9313
-5954
-8170
-6249
287
6833
6476
3149
-5939
6407
5596
2734
2996
-1928
-2284
3203
-8451
5796
7054
-6532
9781
6104
2040
8943
5935
3502
-9525
8011
-4614
-2522
-8342
-8706
49
-8124
5249
2940
7002
-4306
-7837
7595
-3292
3094
4364
6205
-5796
-180
-508
1263
856
-3822
7156
-1697
-4844
2200
4606
5045
-4646
1622
