5.632056467640789 4.954675240470774
5.980469609871754 4.944511009881998
6.563676432240996 3.493242821546294
5.211945071408501 4.486143404934964
3.039007432771152 4.381447609408106
7.769542540803248 3.292793714766397
6.861902267155374 6.315361068293129
7.518423486168378 6.303069794015104
3.1932468698200123 2.2759764672954628
1.0562052458650664 4.544808922532134
3.7389248142567264 3.5707945661592606
2.277327199166392 2.4940951308208317
7.867908099772073 4.023124788120874
0.9173870198861829 3.651123378118261
6.868865500589294 5.779170523572755
5.678472018655606 5.314471703774091
6.845856372698573 4.272274416835304
7.0195578313225635 3.0826113619874027
7.447464783303696 4.043071557951963
7.782752853025042 4.94042101427014
5.546055492504072 5.610164515250591
1.5677652171214904 5.12469867691048
6.416157918289586 4.775438630433913
8.21440275159691 5.2582851580197785
6.592455738934607 5.898289775750162
2.322718224915966 2.2379972201448113
3.766658646206985 3.9758523328176225
8.66562462685831 3.926548939420617
7.057662190431153 3.1920849191687743
0.840261636859897 3.130126113396175
0.5921765443430932 3.4306480755242985
1.6930393774490191 2.4340069816370518
5.463043458591126 4.569473291027563
6.946683436774307 6.0170119095677075
7.068859345186888 3.27410861419372
5.677774921949799 3.6463892594022047
1.0170379938572942 4.7928105781079315
2.797333336866492 4.903678392596907
7.02333537576666 4.347766117094749
1.0108730013186809 3.1950182615299125
5.390659174487277 4.688986072490359
2.173181586433023 2.2666762415968105
8.19375053030261 3.471946108100292
8.728798932291792 4.733949422519816
0.9163676385125021 2.589278198265975
3.0887054284051714 3.691495173235431
6.995718837172898 3.9102612929833875
3.7247328192863143 4.5489730403436175
3.2109844169324826 5.006160929265936
6.069225231817509 5.475272126653129
2.2479379451876813 4.1775362484943335
6.430802869734821 3.595628997583287
2.794597302879799 3.134378022014875
6.338875257901544 4.840026754122488
2.3533458888594136 3.1899577485076906
1.3382450258613388 3.6174729533320895
5.969711781988024 4.48261252278624
6.765882109910008 6.0161215890060635
3.4128253129299706 3.482363352719401
7.484935496810311 5.778093932209922
2.6331441471469454 2.5017572095276557
8.149109410187936 3.7032038447340474
7.865202240411715 5.32107121236128
2.5221812197675963 2.4329669387391704
7.369699933689554 6.2937440190511635
6.124518527234526 6.0062334627604725
5.662174370234975 5.32880548774594
8.082137945600879 5.163055320855562
5.993564460002974 5.227106451136372
6.379913164971081 5.688516097806923
6.000248115799973 4.5194705423389925
2.4757599698034034 2.796329530090674
1.318393825284595 3.20180602117646
0.834674416074849 3.62374273515742
7.225442306204725 3.0736654034765585
6.5214614653006695 3.565475832763126
6.251324619902611 4.834513027716664
7.30794552103711 4.166599091179521
7.181929320851717 5.061276028840786
1.904266751535764 5.2812534897410846
8.520178572733661 4.49567965288571
6.305419224398149 4.577870090084947
7.203245572782221 3.6036357353786976
0.8744241869268934 4.530295643380283
5.717773014127686 4.228359068398549
1.6073324667517237 2.341691710583574
2.135893238580517 1.9091861022633445
3.1045026391190964 2.6159224381049677
6.424648744941985 3.0378383419064323
1.8517698693571707 1.8825065207214462
7.070640242739791 3.9226680790733988
0.6066978710381458 3.037478182556714
8.701594394493855 5.162473811164175
6.112457691460011 4.535832815763835
1.4802166095058846 2.835967017634196
1.9102597525260634 2.446607835749932
1.875144023540448 5.234600500575947
6.616837345531524 3.092906683574603
7.706748402164997 6.2229469201196785
1.3508995277453666 2.510348701770247
7.044624996586405 4.0961566442671735
2.4135291065088595 5.061607896622791
4.01072868781765 3.529764235248467
0.8962196125450089 2.6559269380689834
6.759485222049547 4.9444131995133
6.7324784772236805 5.398459677604009
3.3295019994024333 4.226165605255031
2.4416338097735086 4.370549243471238
6.125145960910424 4.899982861287278
7.552596288082497 5.682841331316564
8.275554276067794 5.14358285416638
7.6942521950398035 3.0749942972572666
1.5301014657416478 3.8356142115344447
2.922377600404294 5.163105332506926
2.9242900759122823 5.102799869121201
3.4249903278794376 3.7768049620526964
2.622553920218329 4.584614179244372
5.773081192429335 4.857466688106548
7.486493864855319 3.2892213159814454
2.173881823112706 2.5244832648921576
3.1289853688344857 2.8233546716321323
8.293461999054859 5.306356082813054
1.9365621906042991 2.662286700360792
2.2849895607412205 1.9000228234605592
3.5474520320927834 4.180706229762498
6.261245601113567 3.3391722512004396
2.795666796399205 3.3531719795435735
7.823051453658674 6.147260579910708
6.317291340489997 6.086492597215868
7.154802408419233 5.418726022141213
7.963042695649131 4.796549655041657
2.9509943092298423 3.652012387629379
8.195984439396943 3.9671839220150296
7.8283793418054906 3.639635597823475
6.494458546204737 3.048893740971202
1.2985520092936085 4.448664782827658
7.834946066036282 5.97412228809221
2.2309102537745114 5.04681809006881
7.17612973969757 4.4263815598628495
2.9301336264311484 1.949568262149825
7.522862955473638 3.5568543244498647
3.1715741862847637 4.768564622090407
1.7899075682307921 4.986627817736968
1.1892497023810908 4.755390240110671
5.248986051520085 4.462643848981577
3.460283002328248 3.7736294893677025
7.455265430513855 4.434781555981011
2.378415599589494 3.2429218865887357
2.8734282958686097 4.8847487296174394
6.032513820686095 3.821525543726306
2.543658814466938 2.531344426963613
7.911907564020213 5.834893808658574
7.300474920934417 3.314911001233944
2.574068365687171 1.8490414097244652
1.6457685032794012 2.5207081933177893
3.203063239048353 3.767510814230127
6.814818479443698 6.161780815271407
5.696795547176835 5.746664495361154
1.62597640224595 3.6184644848733285
6.36025418902729 3.3274077830073927
7.331292510875451 2.973498514372374
3.1657069832194376 3.3216439231555093
6.923418984141254 3.5397414841589008
1.6129572904366516 2.479761597083916
2.6714208639979335 3.751304014200765
7.052035686363327 6.208456307419729
2.4195016301354446 3.3888787463422716
7.290483069032202 2.941769356862991
3.2756118361083018 4.992580932503262
3.2451429681426345 4.020066968494068
8.068539968878554 5.920919882054318
2.29874546620256 2.8088748996859048
8.158723310760719 4.355612881432256
7.928075710888005 3.5243999041739613
6.7421206731794 3.2359852720298417
3.6136706738287834 3.9042078657360344
1.3840272964783453 4.230867315042048
7.364171003899373 3.600602567316447
7.909688470583332 4.692384249747123
6.953706217012092 4.235055929058732
2.911514678839291 2.436964819441764
5.509587851543144 5.0935516549729805
5.949361530784856 3.522510629877967
4.0553488990398225 3.7155762326833206
6.460017777072399 5.984709212920627
2.632320600051272 3.7270533004663466
6.725007537184841 3.3296053724042913
7.716881565905105 5.402544396423569
1.3242698429433102 4.897864292712062
6.3223192368581165 4.134113356789837
8.669121842910728 4.875826071129302
1.5677800541941889 4.596144653827818
6.548149100599595 5.078189115789611
1.501230380565168 3.074326593815767
3.076453725351416 2.7077467725684907
7.698735925938288 5.373697390377445
6.625328884388249 4.521247192586073
6.342807620825384 5.531320762996532
6.666250915576529 5.166826801201279
6.800476402301819 2.856313799204859
6.6438111089449885 4.2594844722224625
8.28771218436647 4.589292697262807
2.8726137145156883 4.30139481822605
1.0868160262971232 3.7304098377446726
0.802252422932935 3.932705858861329
2.485906742183083 3.4197535394660754
7.5585564147628 4.994594047544569
1.6935953178947472 4.917522435440396
6.734497865622649 5.974962021277271
5.560017514016515 4.396950526255973
7.621049070316001 5.151814525672003
2.3864895711031813 1.8253126512277307
3.3361041810781025 4.6874881099695385
8.25480400826129 3.8303298540969117
6.643721314222047 5.208963250137398
1.9368032086374245 1.8552222944703773
3.1994930149987413 4.169189965592062
2.3977184882423184 3.4389513206573787
5.818833258099991 3.3345964524882845
6.2287343287188985 4.386877070480599
7.902155098116482 3.801864995757811
6.785770417325824 2.8274759670305483
8.538955894422912 3.7212139058981824
2.630922378996987 3.8458078229465777
3.887357817964084 3.183306007685498
3.1826470492911723 4.278804011534117
2.6445561346988047 2.7111753829956715
6.374987678996784 2.9996287544557525
6.617322041645853 4.577539838191463
2.6494347286942985 1.840086175895095
4.064348286656523 3.374259459621613
8.393541580043209 5.619791753572931
6.9667824511293475 3.800932361124736
8.242097099359812 5.108059206579324
7.980075885219149 4.310087193381327
7.582876865575969 4.236098550872191
3.4319598951806887 4.6089263643852805
3.6317949105645377 4.346723244618707
2.8831963682707147 4.0983546419131045
6.643954111500935 3.4105483341849467
6.093470382704438 4.590298621261218
2.3726623102014517 2.2100914673952183
6.130970248749551 5.956134336498238
6.154475443181428 4.622007282478218
3.1941817604235063 4.87189460053139
8.065495652038582 3.4904370558335387
6.040541756761981 3.4237590736237666
1.8755006866430886 4.485636385857712
7.790572154149892 5.662852030989418
6.520700550208878 4.137137280588159
7.817498991027828 5.803217370037163
8.315071928414959 3.4120481787515704
7.075468680589853 3.8805241635255046
6.485816847802646 3.576547547224388
1.3921664105352567 4.673266541399916
7.718699457727117 4.721311747065312
7.593112072056171 3.130687473562179
0.95876738786311 4.342968672220638
1.3991009229615279 2.8764118172328708
2.1030320864377683 4.873479832619032
6.603030517286109 4.241456961546642
3.103893867987173 3.964565965745418
6.280972280577247 5.650515712143853
6.694784617758201 3.6238237067058168
7.08552911945902 3.692396768677614
3.7460643678583816 3.71522232147138
8.358089330926 5.198924811531224
6.947656958074128 5.911618017660887
7.353916708417737 5.3670765959303885
2.1285928281811968 3.157230571904386
2.4442504561188496 3.215453676628708
7.428009297017013 4.211493416586285
3.834124599222424 3.6137181827314073
6.517064018992824 3.4735764548420156
1.9241673578908256 4.606765363296772
3.367344523634962 4.904768685335469
0.6662644953486521 3.986389999957929
1.6953314545347953 1.976160882554384
7.24268207957093 4.326518787156226
1.6879834043836044 2.5939105663662554
6.4501242935103305 6.148620682477372
1.8234976165666936 4.8704054336391085
7.695516341757143 4.910461313762512
8.04127775040418 3.426306492664387
0.6331343115832581 3.729308204360518
7.364482378448188 4.274153759778916
3.519788420941166 2.9206898145123383
6.869203786463108 6.05913058233964
7.4931429043495585 6.072332492752186
8.211661353219354 3.4561954881363586
7.7098065111926575 4.00641139921968
6.623016747098093 5.780100213838719
5.423346011786417 4.542048170440851
5.853382822630527 4.418104706959187
5.959985940864573 4.667419785600706
7.801266213030263 5.727951452363612
1.3807823300006492 2.5592329305357753
8.537466363701668 4.637239246407271
2.2016281095382637 5.053397389446496
8.094944563948497 5.459047507260083
1.216598897079131 3.001754298550567
3.7371969854376594 2.706682109839796
6.6789829537721745 5.306646685345775
8.086311371996715 3.584054862579036
7.880220438121636 5.427186248387129
7.007307090822346 4.722588650045583
2.275870016372293 3.2230180786475153
3.003327629305602 4.582819678581512
2.735253187269033 1.9442189985079037
3.2253331186498855 3.6555038318317807
3.4704229349485214 4.394876279754205
2.083438784933263 2.018773936789665
0.6943420290772588 3.867409622441407
3.7142131250595756 4.643665213517422
1.5408533821799224 3.52935932220081
2.465237764874787 4.9583554885181105
7.049731782891185 4.5770496672983025
1.5255055871590937 5.153134097627939
0.8081339893725428 2.9763749552043555
8.046969583763719 4.498829468319064
6.166128469016031 4.920383432518056
5.792133826894673 4.525581654227859
8.142074920949478 5.52671642311508
1.5048902033140144 4.017706759501397
7.1317809926741855 5.40892494759043
1.7818540312992541 1.955807693240197
6.298198224889621 4.15219113392504
2.174468461634348 3.0234144748199285
3.299490814283318 3.3260003376461507
5.9081631922569455 4.163700399616907
5.549185325970432 5.056868196430353
3.261567101169045 2.738814538459843
2.95187012200924 4.362160764605457
5.945548999524711 3.2816632976138713
7.328473972703287 5.179296637625876
5.512889259844513 3.6382772197778257
1.522526299830757 3.5151915057026253
3.0925127663155916 2.9778042596292735
1.4904996513984758 2.755923484980253
6.823114633269766 5.840164462418998
8.22490211420202 4.077850422788336
6.782275960210251 4.8631002493304365
8.723447216435137 4.117214168351174
2.228407165838917 2.062257862034072
5.9268495306297755 3.745844791859886
6.615641121616389 4.497886447934821
3.886859745929863 4.070925059035719
6.37293674804196 5.451433844963435
6.655481768275579 4.850933073147749
1.4043803700750421 2.6474387581029823
6.814634063200589 4.617025686854947
2.4199857679936287 2.94925328347457
6.905439991228226 5.646082872938552
2.1229500377974433 5.385400098826393
3.636661216836083 4.286789794304108
7.7494692739103055 4.480104169730498
6.74707286718374 4.029279506611464
2.851560575123653 4.2733215688537145
1.3420042265589542 4.495400947594776
3.4069038828696336 4.541346738355353
0.8730678504048619 3.831643337091461
6.308526810071319 3.1414112117398423
6.438827887455279 6.1377342196597375
