0.05697023	-6.79124638	6.23364
0.19161027	-6.20994223	3.06689
-1.56861658	-6.52983759	6.72458
-1.76271362	-5.84480889	5.56156
-0.41242874	-6.94809404	1.87133
1.20285504	2.79738643	8.98318
0.12419283	-6.97175146	9.11114
-0.65405478	-5.07336097	9.48938
-0.90068737	3.74169328	4.94844
0.54340964	-6.04354799	1.2296
0.72253267	3.00158962	1.77846
-1.96349239	-7.58202633	1.09237
-1.3274961	-6.50420022	2.98196
0.88138445	-5.9216001	0.76995
-1.42380205	-5.80405637	1.04694
-0.15771334	3.15875033	7.93323
-1.44569185	1.69450223	4.73872
-1.71878767	-6.48504453	0.61963
-1.07610466	-7.37518943	4.84609
0.64592262	2.54261806	1.75551
-1.19422177	2.68744184	9.90781
-1.41798609	3.50720709	6.39498
-1.21579496	3.74957211	8.51428
-1.31347318	2.85966992	6.54205
0.53934001	1.87564058	2.65951
-1.91583351	-7.91087582	2.79455
-1.04485282	-6.76366896	3.08068
0.74520508	2.05728399	7.41142
0.06241387	-7.59756044	8.8181
0.35485631	-7.18911384	1.51741
-0.66130748	3.77105935	8.2538
-0.44616493	-7.41659802	4.88572
-0.31330938	2.15241986	8.42551
-1.14147515	2.05493794	1.52119
1.04846146	1.52935771	2.57617
-0.7233834	3.36372319	3.33214
-0.97495389	1.44917837	3.12779
0.9777191	-7.11514164	8.09603
0.59727486	2.65708686	9.62294
0.46400764	-7.13724133	2.78545
-0.88516348	-7.56612335	8.25952
-1.40880249	-7.00955541	2.62678
-0.93564974	2.4964281	5.37546
-1.0030542	-7.85140681	1.13358
-0.84563152	1.25940888	6.83437
-1.92665744	-6.46580441	5.6224
-0.54590344	1.65594536	4.82764
-1.36152668	-5.10582089	8.99959
-1.10288771	-5.71768776	9.11218
-0.84486772	-7.5777488	8.91827
-0.52360525	2.56490273	4.58546
-1.17205403	1.36760443	9.89745
-1.79025486	-7.91758973	6.58213
-1.1837804	1.02758736	7.27133
-1.7272816	-5.15940403	6.1005
0.07298937	-7.26319706	3.11378
-0.41292601	-7.94812919	3.69314
-0.18004281	-7.79669874	7.65913
-0.39946694	3.39597033	5.82965
0.80666232	0.93692068	3.77308
0.26474647	1.06337201	6.27596
-0.88200513	-7.15913271	6.39965
-0.72496855	1.66473879	4.61122
-0.21591942	-7.24183057	7.80009
0.55275537	-7.88093725	0.20667
0.42831541	1.69626543	6.74589
-1.83417946	-5.41065783	6.74561
0.58416195	-5.09224933	6.01552
0.9220313	-6.04200732	4.63785
0.67132581	1.17859251	3.47763
-1.19573682	-7.22017184	0.10784
-1.22104117	2.99886636	7.68684
-0.75365101	1.12443738	8.62366
1.44773241	1.35041563	5.05872
-0.30001383	-7.66443762	2.52506
-0.06756764	1.04630544	1.12722
0.80893093	1.69740799	4.1568
-1.52239542	-7.48579014	2.90997
0.92213526	-6.86297971	4.87285
0.81478327	2.88126165	7.11975
-0.22490575	1.5693501	2.91096
1.0195086	3.77294698	3.66934
0.72417521	-7.37487858	1.34582
-1.76514751	-7.14476576	6.20102
-0.57885434	-7.47925099	4.33232
0.14467964	2.94983684	0.64198
-0.05695589	3.09976465	6.96815
-1.19593457	-6.62745305	1.45297
0.92276324	0.90423448	0.41059
-1.18314006	2.93483809	8.12826
0.46749015	1.00103613	1.03166
0.22924707	2.03806949	0.09139
0.48789074	-7.1853016	4.31094
0.73238347	-6.32140341	4.52239
-0.59137354	1.55628271	4.82886
-1.34608254	-6.0012252	5.00701
-0.02051137	1.50845153	0.37892
-1.0045441	3.35645001	6.87465
0.75669386	-7.65769205	2.32013
-0.99752287	2.98613968	6.19237
-0.51148197	-7.97364479	2.56557
0.50057052	-5.74188617	6.54063
0.21890725	3.16553788	5.95262
-0.11909095	-6.13014988	4.41009
-0.69175719	1.89154185	8.33436
-0.5840264	-7.23242095	2.60463
0.62243332	-6.15388676	5.05743
0.24967841	2.88666081	7.8102
-0.8034888	3.45889389	4.40587
0.74724752	-7.19715362	7.30722
0.98919075	-7.08298711	1.24365
-0.67299375	1.40563528	2.96692
0.20441572	-7.52448287	0.61011
-1.45664185	2.48106662	1.08519
-1.09057516	-7.38962833	4.13118
-1.37171704	2.23560771	6.96976
-0.40601875	3.52180125	4.15524
0.81719915	-5.57639525	5.85224
0.81855196	2.12603263	7.80934
-0.10534923	-5.56037738	8.90664
0.82737581	2.38873972	6.08572
-1.18804258	-6.57390119	8.84851
0.09695617	2.90342782	7.89105
0.95115068	3.26461318	3.29313
-1.642784	-5.99249396	2.47438
0.74727432	-7.55088136	7.58158
0.05342929	-7.85811349	7.16815
-0.64453451	3.41216439	9.42573
-0.23994127	-7.27852203	0.07109
0.51447848	1.88734821	3.09864
-1.83481161	-5.67419423	2.1212
-0.56561846	-7.6445486	1.22014
-0.68222715	3.47939858	8.5097
1.51076184	0.84704199	0.98993
-0.20829749	-7.90231242	7.86351
0.59910817	3.24917923	7.23456
-0.67338905	1.63391372	8.03539
-0.83740012	-7.71897569	9.02494
-1.49551789	-5.62539124	8.19842
-0.34731856	0.85944288	1.67667
-1.78073212	-6.4476238	6.98999
-0.7737546	-5.56398102	3.19998
-1.01515537	-5.35285778	7.89571
-0.00653981	1.25645473	9.12967
0.44829921	-6.86805028	8.08231
1.189801	2.98326455	8.06379
-0.52330218	2.03382495	2.65824
-1.01779417	3.66713195	4.62528
0.91823812	2.0933656	2.29702
-0.31958528	-7.37368464	4.00943
-0.03052403	1.60919467	6.59797
-1.83671782	-5.2989842	5.75412
-1.70089138	-7.67543024	8.41935
-1.16271174	1.11985237	1.75387
-1.64271769	-6.62338565	3.79181
-1.20867382	-5.3897033	8.3548
-0.65647376	-6.45959762	5.67496
0.87420425	-5.22189117	1.45036
-0.89079215	-7.78761583	7.54216
1.52207754	1.63679961	5.40853
-0.76600847	0.86165784	3.09315
-0.25930606	1.1551315	2.92608
0.69550921	-5.78425038	3.75471
-0.89616756	1.58350707	6.93546
0.78710344	0.87462759	9.49289
0.73587727	1.67774856	2.35724
0.47327859	1.54759389	8.2423
0.26559021	2.76504938	0.35472
1.2337663	0.91345494	7.90334
-0.10018173	2.96226128	9.01184
0.61615624	-6.16985256	8.81144
0.59744247	0.81988284	9.38264
1.1079665	1.73116072	7.37359
-0.85690435	-7.12689999	9.75397
0.33421038	-6.49934413	1.84552
-1.15688129	-5.69712035	7.27053
0.95295109	-5.07887005	9.31486
-1.8944523	-6.39143371	7.9199
-1.90691804	-6.4997948	5.00288
0.48685028	-5.55596808	7.88754
1.22678487	2.46957422	3.38343
0.47034967	-6.41616254	4.40459
1.06712954	3.23875667	4.76634
-0.83165377	-6.99372426	3.2871
1.46730251	1.05650806	7.68503
-1.13840883	3.25039912	0.9042
-0.99713868	3.3605892	7.74863
-0.6813957	-7.61678708	9.55088
0.47019238	0.86722287	1.04028
-1.22017782	3.18519479	3.73773
-1.86489018	-6.9153541	2.74234
1.1511831	1.76619825	0.18978
-0.88793475	2.96457378	8.18733
-0.49181915	3.19704857	2.88964
-0.09122786	-7.28373002	1.12485
0.35611786	-6.15735021	2.1482
-1.1098822	-6.78140711	9.15546
-1.19060031	-5.32153494	6.09971
-0.1846594	2.70382518	6.77732
-1.43318832	0.9303313	6.32845
-1.44817192	-7.78564306	4.74829
-1.91395019	-7.71421965	9.74143
-0.12806189	-7.6668185	3.21916
-0.51205693	1.01231912	7.4232
-0.47585236	-6.4021233	0.11138
-0.01593791	3.64236774	7.69903
-0.36190595	1.22740922	4.82659
-1.13191139	1.71791676	4.7084
0.89608727	0.95071673	5.5727
0.53709156	-7.64818897	3.57958
-0.52686741	0.90727799	3.42559
-1.61920148	-5.74520406	1.02657
-0.00823745	1.62181001	0.21517
-1.06166391	3.79639327	5.18978
0.29570327	1.02659944	3.45412
0.55122443	2.7275281	4.58206
-1.30745581	1.32365885	4.59967
0.64425045	-5.36561001	8.51193
-1.44418264	1.74943864	1.03966
-0.68275525	1.33090955	0.65858
1.10362403	1.14449611	2.90293
0.01856504	1.97672185	9.45748
-0.37992724	3.12332407	0.09336
-1.98012207	-6.05249831	0.01254
-1.38268668	-5.41048249	0.84756
0.07762234	-5.12670085	6.42902
0.24426444	1.90071947	3.92524
0.63853389	-7.55648543	5.82742
-0.75796399	-5.63065514	5.03272
-0.19116474	-7.23604422	2.77211
1.21587612	1.73394804	3.53679
-1.17675917	2.64270342	6.63986
0.98774308	-6.35850705	2.06327
-0.53082259	-5.89914365	8.63219
-0.36953175	-5.90091878	8.11361
0.95093069	-6.25648661	0.86674
-1.20029901	0.95919717	8.40319
0.96307971	2.77978186	9.15857
-1.33882956	-5.30933869	3.66635
0.27512648	2.8122049	2.20549
-1.59632025	-7.18011262	8.18133
-0.46244488	-5.62968714	3.16516
-0.63108665	-5.48232024	2.58371
-0.89383963	-5.70479731	4.26317
-1.30958514	3.57680098	6.11412
-0.04699719	-6.97101488	2.58603
-0.49303026	2.06428102	1.47755
-0.67951451	-5.23176466	2.62296
0.63905823	-5.80331353	6.15452
-0.39171305	-5.38160528	5.45193
0.28988128	2.0448986	2.58164
-0.7561179	2.96334387	6.39646
-0.18056169	-7.68037021	9.62708
1.27808623	2.88014967	2.97775
-1.46008473	-6.84027797	1.584
0.82237455	2.60109062	9.58431
-0.04432703	2.09970143	8.8038
0.04902493	-6.79667324	1.47717
0.99483338	3.13895315	0.64051
0.30004095	-6.88524544	0.58646
0.92442244	3.21389333	8.10285
-0.28876111	-6.43069751	5.97014
-1.49971596	-5.81068273	0.04378
-0.22982231	1.43398813	8.58825
0.3933563	-6.75805704	7.55157
-1.32321306	2.27478937	1.45608
0.65201383	-5.33114884	1.47319
-1.01237984	3.19468253	4.84821
1.06645111	2.87027183	8.08851
-0.09008435	-7.03610377	0.63331
-0.19884257	2.95077609	8.82762
-0.42913242	1.42148215	2.24272
0.33877496	3.29276465	3.37167
-1.38369643	-5.61779219	0.40518
0.32137183	2.93854136	5.57417
0.66964318	3.20215286	0.12888
0.93572927	-5.37844556	3.15364
0.36827463	-5.7631123	9.02492
-0.10872937	1.56039395	1.59661
0.03678059	-7.46718854	7.97049
-1.00719812	-6.52667024	6.02882
-0.58087384	-5.50483669	2.55884
-0.14624098	-5.77900987	0.45501
-1.12671916	2.12057102	2.18241
1.42617258	1.12035556	3.36499
-1.09853572	1.86475535	2.14283
0.29097234	3.14870162	2.27461
-0.91839006	1.34939954	7.58122
-0.92185202	-7.06436536	9.64316
0.69642683	-5.70591228	0.12405
-0.5790271	-7.96861812	1.13895
0.17507334	-5.6549371	4.99165
1.16522286	1.72754958	7.44404
0.38782143	-6.15089511	0.33471
-1.31333628	2.160328	3.49831
-1.52319717	-6.23734911	3.47279
0.8623506	-6.71884985	8.67426
-1.06806244	2.41065741	5.58077
-1.05422023	-7.00652047	9.63077
0.49070649	3.13804324	5.80473
1.08454889	1.12251465	2.79856
-1.09279156	3.01142877	8.31678
0.52975808	2.10062594	0.45854
0.09255666	-6.89269705	1.54117
-0.12160754	3.05866112	1.44546
-0.00051619	1.73429654	0.23872
-0.44663789	-5.49247575	1.26236
0.84453411	-6.59438369	4.55575
-0.36793522	2.70844016	3.35974
0.86109885	1.95466959	8.2945
-0.59816377	1.30738423	1.9144
0.64939987	-6.29394969	4.43828
0.31361387	-5.58458115	8.03029
0.16987973	1.32329066	6.23197
-0.68137406	3.75250209	8.37499
0.76856339	-5.64104462	8.18847
-1.44088736	2.51777767	2.14755
-0.5809543	-6.03634944	9.68162
-1.56905218	-5.2171426	9.99239
0.30076581	-5.6898095	8.86237
0.70481068	2.99807006	7.75451
0.57355288	-7.63784766	0.87174
0.43043221	3.7771447	6.03208
1.25559312	1.81277716	2.4377
-0.39830149	-5.88851983	4.75846
1.46802364	2.34673113	6.30485
-1.26207589	-6.83096548	2.69654
-0.61168246	2.28758246	7.44243
-1.10271782	2.22494051	2.41492
-0.74627716	-6.20641362	5.58038
-1.54325138	-7.73288492	3.23732
-1.89192823	-6.39031349	1.49725
0.48890803	-5.00235641	4.06384
-1.36413506	1.93508211	3.41025
0.11768263	-6.79300331	0.58489
0.02840125	3.79095701	0.24718
-0.81573575	1.84367936	3.72527
-1.36262019	-7.6341834	1.02654
-1.17196563	2.89441426	0.15168
0.8827234	-5.40655365	3.3237
0.32791497	1.08163809	1.89024
0.76195851	1.93386606	3.83181
-0.6552738	3.58120428	7.9702
-1.32557185	0.91114568	7.91555
0.12084402	1.56630381	1.60325
0.60062205	-7.39351159	3.51703
-0.12745672	-5.24073061	4.90208
-0.69671589	3.7449421	0.14709
-0.64308284	1.5782738	4.72362
-0.84238166	-7.46239269	3.93019
1.22302905	2.51675076	2.09731
1.25427081	1.08472058	0.64408
-0.40478859	-7.41037071	9.34478
1.48687323	3.64538732	6.79588
-0.36697292	2.97526498	1.30633
0.97106613	-5.3398561	0.31186
0.95101091	-5.72674571	6.29842
-1.26224437	1.57583949	1.49916
-1.92326434	-6.5635685	9.26758
-1.50886363	-5.18561191	6.08664
-0.35188223	1.22305777	4.42485
-0.81310422	-5.7590807	1.6689
1.19429241	1.90112373	6.02026
-0.90432067	-5.22062729	7.49245
0.1893285	-6.88672967	4.62108
-1.26717403	-5.30311229	4.68837
-0.57103981	-6.43481618	4.58721
-0.1819693	1.47426733	6.34594
-0.85107002	2.30236704	5.98822
-0.16086511	-6.38882546	0.42097
1.40319982	1.0065651	8.841
0.83212393	-7.9883141	0.09
0.46079917	-5.22237341	4.07055
-0.6831898	1.12698333	1.24903
-0.58318173	2.96731139	6.7645
0.21962052	-5.2916342	0.52948
-0.45138108	-6.90579468	0.83614
-0.39201766	-6.69586188	4.40408
-1.37985055	1.94341203	8.47234
-0.48021433	-6.10028683	6.7693
0.88006069	1.26795632	4.30122
0.45562987	2.42679114	4.35801
-0.34931464	-5.69185709	6.99233
-1.50472583	-6.60945957	4.61031
1.12653788	1.27813909	5.86889
0.11573373	1.5840401	6.94042
1.10661376	3.16068847	6.04791
-1.47884786	-6.79351504	4.05851
-1.82623012	-7.09601588	4.54734
-0.73071605	-5.7840597	4.83099
-1.86130561	-5.85904202	5.30535
0.99173855	2.10483886	7.53541
1.45114568	2.03905376	2.12897
-0.3700887	0.87546048	5.23485
1.36609892	0.86010619	5.01049
-0.02911588	-6.39999788	7.72898
-0.21856405	0.80942569	9.55764
-1.34940259	1.63598486	0.82101
-0.50504673	-5.53185933	8.8981
-1.36269537	1.56168977	3.38655
1.1446139	1.15488392	5.76313
-0.18994359	3.03744127	8.73321
0.42583736	1.15824819	5.37757
-1.21131439	3.1731779	6.15819
-0.11742868	-6.71102148	8.2877
-0.3079413	-5.39123015	1.2397
-0.9331124	-6.36055612	1.32725
-0.53186427	3.37096621	3.18683
-0.36346803	-5.89878985	8.64344
0.30962873	-6.34970319	9.61828
0.8885683	1.3792674	0.28107
-0.84020733	3.74737776	8.77393
-1.12667051	1.72387042	5.08269
-0.30500343	3.62696107	3.45479
-1.03007023	-5.62858282	8.88134
1.35411099	2.55492507	8.96605
0.76207837	-7.80958041	1.90158
-0.74752786	3.38625352	4.43854
0.91267858	-7.59646184	4.94661
0.46463174	-6.43972824	4.76248
1.03503361	1.70765142	1.37691
1.52191093	1.78938893	3.94568
-1.30943318	-6.40174605	1.07907
0.75695684	-7.85200961	2.3111
-0.64261221	-5.58297408	0.62231
1.04870445	2.43349736	3.28105
-1.50013817	-6.67927348	7.09788
-0.15843033	-7.13312544	1.46917
0.26176822	2.47823344	2.38013
0.02736838	-6.56437549	8.10368
-1.61661303	-5.95339314	1.09099
-0.89378742	1.51377476	5.70726
0.3275373	-6.55653386	5.49714
-1.85739933	-6.14582296	5.31294
0.7762058	-6.88607738	0.2289
1.4296441	3.73835318	6.38329
-0.17577047	1.1273047	8.71319
-1.89627611	-5.16627953	0.74428
-1.38443411	1.47318035	7.98318
-1.11004678	1.65497801	4.1419
-0.81834909	3.35386985	5.1857
-0.9487032	-6.43005487	5.27243
1.53930804	2.23561873	8.68659
-0.09955739	3.2448499	9.33167
-0.51806244	3.22087175	5.8266
0.34596686	2.8901643	6.65258
-1.83348679	-7.18660782	9.69944
-1.70249933	-7.09603321	6.16355
-0.01562264	-6.10126765	9.70404
-1.8501991	-5.52589043	6.40279
-0.27780861	-7.32204414	7.96176
0.07310495	3.31419695	1.53918
-0.85483143	-6.00383441	6.70641
0.79775929	2.7238669	9.73727
0.46258785	-7.84723656	3.82477
-1.30525176	-5.34896977	2.48572
-1.1622687	3.65254024	6.84137
-0.92881938	-6.80974431	6.89692
0.96505991	-6.865428	2.62964
0.82960271	-7.11331196	8.5499
-1.52979743	-6.06782017	4.28863
0.22681714	-5.18709841	2.0652
-1.44314493	-6.38739914	7.47533
1.21961793	1.7895319	7.00411
1.26646419	1.3428706	5.31344
0.22497296	-6.93468316	8.06882
0.17001482	2.71911362	7.14648
-1.96798389	-5.01240024	8.95804
-1.89912172	-7.03102458	3.56361
-0.03180022	1.75528388	7.38119
1.10819147	1.66347844	5.68317
-0.47071631	-6.45377953	1.11432
-0.70220305	-7.34108147	2.69603
-1.02815276	-5.49839853	5.53331
-0.06040582	0.94183576	3.13672
0.48443216	-5.21598129	0.38563
-0.16962603	-7.410851	3.20255
-1.30908205	-5.27270783	5.9426
1.39329157	2.94661343	2.79667
0.08707755	-6.5990166	1.36318
-0.25735073	1.02170345	3.70554
-0.70164829	-5.11626023	0.8146
0.59711561	2.41368389	9.65796
0.90250991	3.68945007	7.04221
0.42463656	-5.4179876	0.88366
-0.56985246	-6.49346539	9.51566
0.92519886	2.59102161	0.00117
-0.1451795	2.10550825	8.06759
-0.51203712	-6.74397264	4.72869
0.66768578	-6.31847324	6.4028
0.68318666	-7.66256223	4.10878
-1.28139743	-7.06506108	8.3093
1.14661204	1.36162154	5.84962
1.07649943	2.45197241	9.69657
0.37876524	2.64317648	4.27075
-0.69449451	3.39172566	2.91218
0.57442266	1.70613183	9.61497
-0.38886093	-6.66218727	8.97324
-1.33948273	-7.72292676	6.12697
-1.72780573	-5.99949321	3.87119
0.04317059	1.61980869	6.40342
-1.23056876	-6.78494879	8.76184
0.6538099	3.20123735	1.9449
-0.74153337	3.46683021	2.25084
-1.02351762	-5.89076661	9.45116
-0.43778835	-6.85961377	7.16409
0.26136835	-5.58315253	8.48475
0.83131545	1.97085515	8.12592
-0.16188569	2.0304721	5.26158
0.07436289	3.56373851	1.716
-0.37329851	3.54236149	9.17913
-0.50552606	-5.50761334	9.22297
0.10847813	-6.31660502	0.40573
-0.12882305	3.64200627	5.75044
-1.51800572	-7.32677803	1.2989
-0.37857814	2.53644395	1.8586
-1.71264879	-7.25516743	4.66846
-1.44840636	3.21308624	1.58035
0.99192124	3.59983697	9.62877
-1.82981393	-6.28988886	5.53534
-0.28499226	2.22008903	6.90125
0.62792369	-6.16963497	6.53702
-0.1805459	1.44130381	6.5514
-0.86659111	2.4311897	1.64102
-1.2424076	-6.01800208	3.26038
0.01177112	-7.19801897	7.64391
-1.43905679	3.08144993	2.86818
-1.03541984	-7.05743355	2.39669
-0.87633974	-7.33503607	1.23842
-1.80828346	-7.5717641	5.32639
-1.54782694	-6.00781548	0.11282
-1.4213983	1.00656423	5.82093
-0.46482236	1.89484028	1.61437
-1.57610987	-7.97017808	8.44346
-0.19330781	1.35561991	8.55059
0.61522413	-5.50180209	4.88149
0.7729646	-5.06526515	9.31678
-0.50133244	-5.89449209	6.72991
-0.69610247	3.59754085	0.43468
0.73591385	-6.1150735	9.54432
0.21861782	2.18035268	7.41629
0.63492884	-6.15943734	9.0524
-0.23413194	-7.93304371	6.99568
-1.0430958	2.89929834	1.36542
1.49363587	2.40785607	1.67285
-0.59696495	0.8506392	4.35637
0.34933552	-5.54458197	3.94963
0.65340923	2.50576718	7.67912
-1.47233711	-6.0536611	3.15881
0.97484242	-5.22976609	3.90037
-1.18916754	-6.03850088	9.18251
-0.20734622	1.4609639	9.52064
-1.8653443	-5.67030481	3.17875
-0.33979999	-5.57745102	5.86277
0.42515607	2.28244482	5.431
-0.32542886	-7.06531024	1.54358
0.13385806	-7.57420895	8.33497
-0.88822893	1.5933014	9.14268
-0.114696	1.58469917	2.5885
-0.09827631	3.14826639	9.11339
-0.3733458	2.64385073	4.12071
0.75387976	-6.6755024	5.52183
-0.12553654	3.20994442	2.70125
-0.14603356	3.17787082	2.16558
-0.00231268	-6.82129762	0.38574
1.3021673	2.93815868	9.47602
-0.52925867	-5.27332891	8.82532
-0.6655675	-5.4284799	4.42646
-1.55348479	-7.9545221	7.08327
-1.50132774	-7.83979331	9.3663
-0.79956336	-6.19999394	6.18292
-0.44496475	-6.7989431	9.57551
1.36370947	1.72403676	3.26775
1.47608485	1.2108421	6.80314
-0.6390927	3.03632019	9.77862
0.04648177	3.32911072	3.09086
-1.03016302	-7.32421845	7.70449
-0.53271768	2.35603355	5.50184
0.40667062	-5.00507105	0.2142
0.38362658	-5.98535983	0.58376
-0.43756458	-5.72805867	4.67293
0.14776378	-7.88624417	0.498
-0.21870326	3.69311964	7.52924
-1.38292382	-7.77525673	7.49415
1.17634829	2.08918964	2.18164
-0.51889478	-7.83567778	6.90403
0.55418127	3.39383806	2.95373
0.76432852	-5.57210678	9.66743
-0.3468914	-5.34133294	1.83651
-1.0190218	1.59414239	1.89943
0.36703178	2.28087727	7.50595
-1.13051487	0.912716	3.76481
-0.35424824	1.39886608	0.91108
0.37821961	1.22674823	3.36102
-0.97514793	-5.91771218	2.42889
0.84866406	3.53638573	9.31881
-0.96340264	-5.91536345	3.56004
-1.89415275	-7.71171979	4.76347
-1.15609587	1.95482384	0.97138
1.03407961	2.02133409	1.08529
-1.10891661	2.33805972	9.3065
-1.16913711	-6.40513883	1.01359
-1.28380141	-6.75701763	9.70389
0.62667488	-5.70742894	5.55986
0.43013151	-7.26210923	5.72601
0.48282034	2.68742546	8.37208
-0.42898247	-7.75915519	4.73568
0.80527051	-5.20265091	6.00054
-0.14745668	-7.97189077	9.70791
1.05758239	2.81051981	5.44161
-0.65443642	-6.6133028	4.4788
0.33158924	-5.45770665	2.92557
-0.25973951	2.36902847	5.2662
-1.2057903	-5.05987352	1.30132
0.15061235	-5.75778261	3.75981
-1.39255879	-5.52909421	2.93759
-0.35479519	3.49432115	2.89718
0.57426909	1.25856905	5.12798
1.50552515	2.73037071	9.36235
-1.75986187	-7.95239424	8.04416
1.42287188	2.52997868	2.32659
-1.3102301	3.45038535	9.84087
0.35977235	-6.94211721	6.00167
-0.67141155	-5.7483903	5.66896
0.09402278	1.8633007	6.52724
0.28493114	-6.18414357	6.85588
0.11832565	-7.09275428	4.71453
0.17053248	3.66403128	7.5535
-0.05598463	2.27196628	9.86514
0.07490688	2.34782309	9.91078
0.50613877	3.075023	7.45518
-0.73991972	-6.71748888	8.41354
1.2014021	3.07259752	3.65217
0.66564188	3.2189618	8.72215
-0.51463227	2.20208952	4.3469
1.53807462	2.86205611	0.81758
-0.42900273	2.61430049	5.20463
-0.87389194	-5.78402407	5.82328
0.36905084	1.79668772	9.49376
-0.24804054	-6.5020071	3.5842
0.45486199	3.45861992	1.50737
-1.4377054	1.4502201	5.62953
0.90325524	2.9760083	3.24065
0.51721062	-6.89848778	0.97122
0.57148187	3.47153856	6.59586
0.35489608	0.89215977	3.97342
0.77039684	1.67160806	9.81295
-1.30006495	3.06574305	0.17719
-1.43677145	3.59576434	5.34616
1.07822302	3.11272358	1.58813
1.17475185	2.43965977	0.84891
-0.04304335	1.98833017	3.51718
0.25257762	1.83394529	4.44826
0.28096806	-5.21501588	8.35619
-0.41910882	-5.53822359	7.53336
0.69039339	2.13477676	9.44808
-0.30818551	-5.67676589	3.56492
0.98563608	-6.34951321	3.89903
1.50858887	3.15295599	6.84499
-0.17209738	-7.30935282	8.01889
-0.97858931	1.95301873	9.32173
-0.50019761	3.72459354	4.24743
-1.42176569	1.63276616	1.81612
-0.01824421	-7.54161628	0.69319
-1.51674286	-6.01478105	3.99812
0.8527698	2.87143461	4.73167
-1.96791614	-7.42600249	2.92704
0.92911494	-7.02389042	4.62507
1.26253534	1.03231941	6.46308
-1.64653934	-7.62833142	9.60014
0.44309174	-5.75819693	5.26978
0.71905029	1.21610667	3.35128
-0.19007166	-6.17006136	4.70816
-0.12271977	2.64824008	7.09811
-0.99604278	-7.85205507	6.93671
-0.94411236	3.53843649	9.18553
0.15248851	1.12096358	9.15737
-1.16248755	2.22720657	6.10873
0.53985129	-6.55122062	8.4477
0.68506249	2.08223183	4.19574
1.33056475	1.5441866	4.29267
-0.3589053	2.11098431	2.94593
-0.10790972	-7.26115635	9.28499
-0.95173409	2.46012089	6.14917
-0.59246698	1.15208853	5.0629
0.87261869	3.50023678	6.06384
-0.46884268	1.21688587	1.22672
-1.06917856	-6.64169756	0.00605
-0.17069795	-6.34944415	6.99425
0.40910538	-6.6558355	3.32666
0.22772756	1.09376108	8.51625
-0.02245138	-5.46135739	8.47323
0.87810446	-6.68613209	6.43785
-1.54967657	-5.50360477	1.86947
0.61197261	2.09802906	9.0076
0.54548462	-5.30528555	4.6343
-1.28774886	-6.10580981	9.62022
0.26583094	-7.6188483	7.83821
-0.57760425	-5.41928939	0.87665
0.53923712	2.16322999	7.5051
-0.92909634	1.61313995	6.70896
-0.98921725	1.67216969	7.94818
-0.87304483	-6.08839107	9.43337
-1.93680498	-5.67590695	3.30569
-0.26070343	-7.82889024	2.05809
-0.78836053	1.62259714	7.91611
0.20837995	-5.13160898	4.24949
0.0149578	3.35869505	6.20277
0.79712615	-6.81871034	6.47443
-0.77397336	2.57394585	8.28357
-1.36632753	2.22889615	9.00917
-0.35696107	-7.96650838	3.70807
-1.30769607	-5.81848028	2.49538
1.29515122	1.03708404	8.73268
0.18678541	-5.05324878	8.15001
0.75841571	3.7681148	1.22311
-0.3629587	-5.46190099	9.68892
-0.53939149	-7.24984391	4.75688
0.47044764	2.61035035	3.30774
-1.22169549	-5.61140045	1.63154
0.8342291	2.26451662	1.70855
0.91821752	1.74466459	4.47717
-1.47745433	-5.37109019	0.8748
0.345898	-5.3190137	0.2251
0.71928617	0.99339727	5.12748
-0.59006878	-7.83475602	9.2787
0.5851731	2.52257929	6.96165
-1.48142271	-7.55459867	8.62223
0.270534	0.94148872	6.72752
-0.81941353	0.94821612	8.70319
-0.78900175	3.2191366	6.6298
-1.44235102	-6.21436748	7.28969
-1.22912828	1.47462148	2.68838
0.88946703	-7.94094878	4.8118
0.86611666	-6.22182977	6.90989
-0.77338074	-6.98299613	6.69666
-0.00181021	-5.32568607	6.54394
0.18097421	-6.32473777	8.05437
0.26112872	-6.5548729	5.42243
-0.76973676	2.41073713	8.82812
1.29167735	2.07449611	7.41733
0.40915698	-6.13067393	6.43473
0.97087383	3.40936483	7.69152
-1.16083115	-5.34365947	2.0715
-0.46966866	2.16509714	5.92391
0.33231343	-5.22390759	4.24368
-0.40526686	2.86688668	9.31497
0.93909335	-6.80622517	9.01151
-1.18821334	-5.21905399	9.10381
-1.86020272	-6.79036252	2.71268
0.15091544	2.54002491	8.98949
0.33702196	1.17095529	1.93763
-1.66306421	-6.74065199	2.64105
0.6111646	2.88892098	9.80896
-0.32395211	-7.46268736	6.97585
1.17370634	3.52110554	5.70372
0.00869566	2.56840735	8.01349
-1.01358219	-7.29466024	3.11802
-0.46588268	-7.74418291	5.11789
-1.5510678	-5.00391183	1.17826
0.49105482	1.34538218	9.64885
-0.80298176	-7.18943818	5.43812
-1.98147963	-5.15839167	8.48325
-1.33321251	-6.37285369	4.13776
-1.07137834	-5.05879265	7.66636
-0.78046704	-5.12357188	3.92988
-0.99946318	-6.34597788	5.83067
-0.71017339	-6.09009144	2.95069
-1.05186292	2.71247256	4.0927
-1.5161833	-7.15853104	0.40895
-0.94957381	-5.03962043	6.72631
-0.56130659	-6.43813771	6.73732
-0.83514931	0.91679356	8.67869
0.74143569	2.66400558	0.35628
-0.83896292	-7.66919695	2.89941
0.8293186	1.86920407	2.01737
-0.65763125	-5.48566973	9.16162
0.11474254	1.98564144	2.05152
-1.3603424	-5.39556481	1.04767
0.63364014	3.60169601	8.15661
-0.24098518	1.54871919	1.52988
0.57464825	-6.16502033	4.72082
-0.05079867	0.8763463	0.90323
1.16567525	3.44081088	7.60368
-0.10988185	0.99046836	3.44694
-0.0372731	2.9949186	5.97456
-1.08108771	3.22454609	5.87301
-0.78826941	-5.7884903	9.54801
-1.48882949	-5.58078701	2.0968
-1.23492236	1.61747291	4.70758
-1.80561314	-7.61355662	8.41607
-0.40473216	-7.04592691	1.21191
-0.79483584	-6.36649735	3.38108
0.51896496	-7.02323444	0.93764
-1.06450669	2.94062988	9.80775
0.21969548	-7.13025234	7.07755
-0.53682676	1.98590511	8.23596
1.46600061	1.19287523	8.83851
0.82695328	-7.57380066	0.83039
0.43794845	-7.16307656	2.39949
0.54596796	-5.34851364	3.72965
-0.56387237	-5.97795689	8.44213
0.97751337	-7.27438954	9.7431
-1.00921412	-6.78203992	2.3936
0.60060202	-5.07964596	4.88899
1.27012171	3.30594983	9.2632
-0.49899843	2.33454639	9.67765
-0.41557716	-5.6692352	6.99711
-1.98415702	-6.08630066	3.77691
-0.76119757	-7.78384791	2.64249
-1.35183875	2.1105402	6.10723
-1.77845613	-7.24083379	1.90102
-1.66325718	-7.48010261	5.92081
-0.38144769	-6.53731412	2.84589
-1.21280299	-6.06680143	1.89083
-0.73105242	-6.32270638	9.76131
0.38254979	-6.18862684	7.0827
-0.52579659	-7.88195504	0.9067
0.63464029	2.6220088	5.88786
-1.38763292	1.01211572	1.08135
0.877767	3.48309293	9.08937
-1.67934844	-6.75393847	9.83155
1.27347013	2.43702239	7.88417
-0.80012636	3.78395944	6.18797
-0.52585867	-6.51815128	2.41942
-0.814057	2.49108556	6.00893
-1.51534146	-5.79201449	2.66175
1.34637566	3.6043634	0.6527
-1.28644766	-5.02498802	1.41158
1.45798403	3.75632511	4.62636
-0.81767654	-6.63199474	5.20256
0.26465295	1.97477006	5.72597
-0.80348643	2.43998763	6.40243
-1.68690605	-6.97893663	0.31086
1.49708523	1.32612912	2.53065
1.36773678	3.3563742	5.52206
-0.01660346	3.10740805	5.8537
-1.10230492	-7.91333022	7.50054
-0.22349789	-6.82853958	1.13263
1.34937823	3.07903925	0.35038
-0.98794243	-6.14430869	4.88844
-1.20448111	0.96447701	2.84862
-0.03381399	1.54492195	5.29154
-0.83894166	-5.86324308	5.65094
0.36199592	3.51472116	6.45184
1.00324361	-5.13644907	2.70595
0.62235138	1.47464012	7.08367
-0.72642074	-6.18376939	1.89617
-1.27435284	2.65513905	6.95763
1.03110884	1.85987238	3.22847
-0.36318717	-7.88129511	2.96904
0.21793085	-7.39167553	4.51599
0.05110871	1.4794322	1.61004
0.38450757	-6.8328567	9.12691
-1.75305093	-5.5604203	2.7564
0.60977517	-5.65975825	8.51508
-0.90153904	-5.40067562	5.97096
-1.23867909	-5.83247661	2.50411
-0.65525475	-7.61347215	7.0322
-0.89195839	2.44373143	3.82899
0.21494329	2.78243507	1.02105
-0.56021331	1.19132777	0.9507
1.26592535	2.76355688	9.99871
0.71049784	-6.29728227	4.68439
-1.372657	3.50566669	7.95346
-0.13499707	1.03245916	0.25675
-0.05648126	-7.86214119	9.13814
-0.30925788	-7.35143175	2.72366
-0.62968437	-6.23221532	1.40428
0.99317994	-6.11451253	7.83096
-1.10253441	3.53325163	2.16398
-1.13859	3.34479668	5.95902
-0.35712859	-7.69490253	8.72744
0.7199096	2.51891072	8.63637
-0.82399753	0.96679683	3.96471
-0.8410548	3.52579546	7.23792
0.1182915	-6.9253683	2.31859
0.33286646	2.92200581	1.45068
0.23633142	1.62533046	8.48515
-1.81331611	-6.71637373	7.17171
-1.77670849	-7.91359767	0.52817
-1.81050767	-5.21764011	4.23891
-0.9206553	-6.99898402	4.56077
-0.93855122	3.31093703	6.5692
0.26138079	2.9673465	2.77785
0.22161919	-7.33873816	2.89754
-1.39880495	-5.99922761	3.58301
-0.57748848	-7.47302689	5.72678
1.29598327	2.85293187	1.28596
-0.00666763	0.85391245	6.87085
1.49331999	1.06071821	9.52268
0.07465489	-7.8988865	1.94746
-0.05322237	-6.07015797	6.88803
0.79412408	-6.93581866	8.5401
-0.23371516	-6.20644146	1.24175
0.23152735	2.22737309	1.79878
0.51509716	-6.29957294	8.41468
1.47820814	1.12913559	6.35971
-0.7126936	-6.41952166	1.13242
-0.77319866	-5.67046378	7.92483
-0.4325154	3.57626743	2.89146
-0.17991642	2.84106942	4.07636
-1.09792438	-6.57187296	2.30287
-1.37149704	-6.43504019	7.85601
0.71710104	3.4881465	7.76875
0.46220621	2.84993767	3.55472
0.62541333	-7.31926077	4.05897
-0.60675888	-7.19967746	0.56235
-0.75702328	-5.14018744	7.23557
-1.42795382	3.17806796	6.11049
0.74897356	-6.82761323	7.76103
-0.90638627	1.41716191	2.66955
-0.88684967	1.79050369	6.04303
0.17429067	3.78839538	8.91884
-1.14715359	-5.10094067	0.47874
-0.15921243	-6.2674574	5.20262
-1.19124102	-5.47905291	8.84812
0.78598572	-6.94342388	5.41119
-0.90881458	-5.03930303	3.47214
-0.18110776	0.82314073	0.79402
-1.19089213	-5.79867961	9.82238
0.25402003	-6.7635457	1.97386
-0.22700765	-5.56521189	8.21988
0.23244101	-6.4076736	9.51001
-0.5776295	-6.40933833	6.67935
-0.61110831	0.83942904	7.48972
-1.20827842	-7.3501274	2.28128
-0.56094391	1.2574942	0.37032
-0.02648496	1.24389575	5.97108
0.41199524	-6.01457051	3.05963
0.78901619	1.29571167	0.10735
0.35617721	-5.58493965	5.72562
-1.4142273	-5.4935185	9.84699
0.58254424	-6.30854376	6.86577
0.1728892	2.40762318	8.31658
-0.26656509	2.38217674	4.26969
-1.81041068	-5.60948025	5.98694
0.45946829	2.53594915	1.28174
0.92997085	-6.46508003	3.87452
-0.92147533	2.25205107	6.939
-0.19072375	1.56690936	4.57909
-0.9177389	1.82486376	4.80831
0.6400564	1.92040692	3.83902
-0.59300966	2.87373048	3.55896
0.66440492	2.84665217	3.31977
0.86524702	-5.10785428	6.83212
1.302659	1.73459111	1.88907
-0.54875705	-5.57910182	2.48379
1.46472017	2.49112298	9.81308
-0.34424181	-7.02733778	4.11927
0.93849714	-5.32086573	0.84266
-0.3847251	3.40100701	3.62943
-0.92138007	2.30652782	4.87019
-0.72767078	-6.40075221	8.79358
0.66247813	2.78271568	4.07884
-1.73303182	-6.60781581	4.13921
-1.78386721	-6.37538325	8.13914
-0.32490801	2.65028316	9.21025
1.00028089	1.05383393	2.76144
0.48824336	-6.22716512	1.41601
-0.20442057	3.56628605	1.82508
-0.70290409	2.04368745	0.87691
0.58384994	2.24151405	3.66952
1.01127891	2.14027272	6.64262
0.41911285	-6.90359181	7.04785
-0.16990648	2.176195	5.2427
0.28169428	2.21964932	9.34334
-0.15871429	-5.10306224	7.9197
-0.11589868	3.37988396	9.20602
1.44553648	2.64602349	0.15434
-0.50931382	-7.00456452	6.65272
1.31077087	1.28104865	0.44737
1.11163971	0.80882975	2.33288
-0.28699935	1.32220415	9.28989
-0.55897794	2.67556827	5.31871
-0.23448016	0.89964236	5.69288
-0.94196033	3.13991931	6.23986
-0.7504157	1.6115472	9.6903
-1.09036032	3.64845198	1.20016
-0.79810945	3.3713871	9.4412
1.4402549	3.73846184	6.5846
-1.25967717	-6.94487867	4.81216
1.14286743	1.46591444	7.97772
0.23014262	-5.70360684	7.47185
-1.16177479	1.03045409	8.54282
-1.03655283	2.63263581	7.34624
-1.34409299	2.4598376	5.83361
0.4313781	-5.77097998	0.57107
0.59091917	1.53478859	9.02928
-0.95851977	3.31794285	0.4559
0.12227959	1.77583312	2.26946
-0.73389478	2.07789426	6.50606
0.97117773	-7.13959263	4.92224
-1.23339439	-5.38043573	2.98062
-1.67422112	-6.09264793	6.47102
0.45269221	1.10830505	2.31638
-0.54955149	0.85081734	5.65223
-1.31397004	2.16615435	9.5454
-0.48855246	-7.78951622	0.0532
-0.42788976	2.58373407	0.2456
0.64012621	-6.92701986	9.48883
0.27683298	-7.62927454	0.47009
-0.22682151	-7.31448816	1.45119
-1.28111345	1.91086911	1.21565
1.35952526	1.20216204	2.03484
0.87179605	-5.50024961	6.6207
-1.96119787	-5.03000636	8.51605
0.29413274	3.24939139	8.34669
0.40386719	1.0088364	0.91204
0.45361383	-5.32912551	9.76139
-0.33066359	-7.615478	9.12545
-0.14035422	2.24408051	8.4246
0.46687908	-5.57418554	0.36046
0.54084079	2.9633829	2.06923
0.61352608	-5.70111507	1.19464
-0.8592248	-6.32141213	1.3315
1.08322288	3.42955367	0.22761
-0.70366691	-6.52639348	7.53577
0.45360439	1.95079762	1.21806
-0.21394876	2.41562767	8.43376
-1.3617842	3.51786356	6.84699
-0.99232482	-6.90673398	9.31478
-1.67559816	-5.92970959	7.52676
-0.03740941	1.86026699	2.9625
-0.47346504	-6.48105376	2.73987
1.18263978	1.70478554	0.48929
0.49133955	3.48466295	1.80969
-0.51904757	1.14762412	8.0793
0.66573917	-5.32303765	8.41757
-0.57345929	-5.4270003	3.96786
-1.11513778	-6.83535412	8.60294
-1.49077356	-5.58905399	7.53723
-1.45278557	3.73921051	3.12619
0.22186147	1.63885411	8.52165
0.86700696	-6.95675063	2.67285
0.07017386	0.89567099	3.34627
-0.23114701	3.23746137	5.52928
1.00175774	-5.09103103	8.83213
-1.7898275	-6.98893952	1.91627
-1.08410241	1.05057026	0.34466
0.06994404	-7.93700731	1.04398
-1.78118662	-5.00763678	0.36487
-0.69989068	-5.6945763	1.56641
-0.33307027	-6.4964007	5.3434
-0.32836153	-6.98245508	4.08142
0.89523619	1.43139689	2.64
0.79780667	-7.2732857	5.38052
0.52334067	2.5248568	5.86909
-1.13640296	-6.33389599	1.12676
0.46034201	2.08799106	3.43732
1.47285377	2.87760716	8.0418
1.36074543	2.91153301	7.69682
-0.17310758	-7.33337725	8.80319
0.22622089	3.57528023	3.17733
-1.23762186	1.33558477	7.71459
-0.86270593	1.04705481	2.41395
0.34791623	-5.20941359	1.17888
-1.23997175	1.67829022	4.98771
-0.0565815	-7.24291667	3.37346
0.62915747	-6.52993637	8.32275
-1.68715859	-5.2338934	7.4161
0.36130397	-6.52065656	4.52032
0.87463643	0.99811859	0.10554
1.49219939	2.0946364	1.54178
0.01332357	3.67552989	6.20534
-1.22248012	-5.10345368	1.00348
-1.87300718	-5.35041698	1.63059
0.04275113	-6.22583771	4.33609
-0.40386979	2.13576958	8.95468
-0.6247436	1.37910209	8.22466
-1.07547745	-6.14576893	8.87187
-0.18597584	-5.69911527	5.17842
-0.90703233	1.63358426	1.09408
-0.69254591	-7.67275521	6.20719
-1.34262231	2.90468054	5.74967
0.4651969	1.67547276	9.26396
0.96840773	-6.22606881	0.99125
0.90375944	3.14322916	9.26118
-1.18569084	1.12707395	4.47789
1.08829154	2.77446809	6.23673
-0.21885233	2.12633545	2.91244
-1.20280045	1.08725873	1.32148
0.9279061	-7.45480921	7.28815
-0.62471718	-5.70921881	2.40127
-1.23397862	2.81836858	0.15843
1.16418562	2.99805287	3.12106
0.6369949	-7.14177926	7.75022
0.43033915	1.84931835	1.40783
0.8687742	-7.00174843	5.86322
0.63481444	1.354844	7.42805
-0.44278213	-6.03293605	4.53486
-0.26221916	-7.8422837	6.38943
-1.29583163	-7.61081481	1.24227
0.41599423	3.11295165	8.61299
-0.4077633	3.58973782	6.15036
-1.98366364	-5.04622193	3.76504
0.99093033	1.73622961	7.73135
-0.63851129	-5.84338753	6.83335
-1.05016661	-5.67676859	9.91501
0.42074587	-6.48597791	5.47941
-0.17144525	-6.398122	0.85983
-0.26249345	2.71474305	1.39828
-0.9640382	-7.03104307	2.40085
0.40924433	-6.72440886	9.53285
-0.43845657	2.31071159	3.93925
1.01697027	1.24492312	7.86573
-1.28084325	-5.97883839	8.36219
0.07980693	3.69431517	7.88358
0.93387423	2.09177148	5.65559
-0.10275095	2.21989793	7.44702
0.97245661	3.54574945	4.86745
0.80047529	-5.0246956	7.86062
-0.76991043	-7.18667963	8.59484
-1.43127429	-6.17191936	5.16416
1.17602343	2.67914408	9.69552
-0.23664408	1.06340275	5.91415
0.65122374	3.79730698	8.53094
0.36061478	1.16312314	4.51711
-1.59835833	-5.3865952	1.80714
-1.49929948	-6.85101001	0.43572
1.28121696	3.29302498	8.025
0.48803949	-5.54181054	1.76345
0.12414	-7.57657209	9.78274
0.08281162	-7.98300511	9.60985
-0.12275215	3.46961996	2.09037
-1.86103036	-7.64898865	1.97704
-0.00399483	-5.84819155	7.94494
-0.81518052	-7.81452489	4.5108
-1.36650115	-5.67074685	0.04327
1.07065485	3.1679921	3.5709
1.09654328	1.02470179	6.09275
-1.15410378	1.13329995	9.7899
0.45581139	-5.56930558	9.88877
0.67992988	1.1462967	1.13543
-1.72071619	-7.5867652	9.24704
-0.94550803	-6.48066505	8.51016
-0.99884885	2.10047893	9.19355
-1.13784825	-5.34279974	6.33034
-0.15460443	1.21576574	2.44455
0.61770178	-5.47207913	4.44962
-0.03717203	-5.81031506	2.65635
1.39191081	1.94376129	5.04644
-0.56373263	-5.02163255	9.84852
0.9413643	-5.25266368	8.39775
0.50749925	-5.98238566	8.36571
-0.9920653	1.46929595	2.78494
0.92854938	3.60893931	0.21633
-0.66365204	3.34279829	3.12641
-0.31623246	-5.4926401	1.13985
-0.39951981	1.7821096	1.26438
0.73760628	-6.24402946	7.07475
0.20057572	-6.68313923	6.70679
-0.01249405	-5.33109128	0.76138
-1.64661184	-7.959205	2.31707
0.93706354	3.79489208	2.07794
-1.1050496	3.35477838	3.73202
-1.73434749	-7.57654664	5.37513
-0.10965992	-6.34786506	6.42189
0.6071426	-7.48439995	1.98426
1.15547044	3.65440848	0.6927
1.51656762	3.639925	9.29509
-0.27711982	1.41549689	7.08112
1.00329442	1.07823821	3.68189
0.54315298	-6.67865711	8.51698
0.85130369	1.98665281	6.12863
0.88902868	2.38904344	7.15706
-0.57232104	-7.02799128	4.40168
0.32177097	3.71059326	1.78293
0.80653782	0.96813975	3.5159
-0.69419468	-5.7964779	0.69437
-1.34882334	-7.09510877	1.2041
0.06018745	-7.1426569	6.0328
-0.35087531	2.70263892	6.58939
0.14478244	-6.14322367	5.87782
-1.71549096	-5.18816683	9.53415
-0.55471387	1.81439153	5.45297
0.3985451	3.57955578	9.9996
-0.67328008	-7.86397457	9.18512
-0.32871665	2.05574568	4.83725
-0.74532181	-7.87072692	3.53635
1.11399941	2.17012686	9.70657
0.29835708	-7.46075383	6.61874
-0.7084317	-6.27011032	9.42556
-1.75899178	-6.7338693	7.43363
-0.00869959	-7.45594351	5.19559
-1.3216205	-5.85934991	0.59826
-1.54295906	-7.65415813	5.88726
-1.2298776	-7.23493468	2.34644
-0.15546972	-6.12095246	4.4875
-0.67255394	-5.77249272	6.9787
0.25982238	-6.98184487	0.63584
0.95522917	3.14183129	1.02411
-0.71271625	-5.53648514	2.75307
-0.3858397	1.1255087	0.93288
-0.43777087	1.5905808	5.54199
0.2459102	-5.69117538	4.88028
0.17643776	1.63645432	8.62699
0.87718942	-5.048741	2.73538
-1.23935113	2.30376	6.23099
-0.69271216	1.32576747	2.96035
0.0572001	1.60240219	6.59024
-0.39862889	3.57786579	2.81623
-1.30884851	-6.54624127	8.49851
-0.03130438	2.64933244	4.12882
-1.5636429	-7.19951687	6.83205
0.11499803	-7.1988676	8.29187
0.19014714	-6.78925105	7.83384
-0.83857649	-6.25896231	6.19498
-0.78794852	-5.95048236	5.21146
-0.60731213	-6.0011777	7.25016
-0.99760681	1.95449716	6.74045
-0.64603937	-7.0991561	1.96705
-0.4669047	3.39858142	6.60003
-0.13523741	1.08552518	4.89768
-0.95755613	-6.08837297	0.93848
-0.5926608	-6.04768158	8.59619
0.87561061	-7.6380229	0.74433
0.90307468	-6.04117218	5.74269
0.22290357	-5.10220582	3.50143
-1.18137441	-5.0469383	5.29815
0.76833758	-6.3800329	9.21422
0.34985308	-7.62390646	0.53882
0.20732265	-6.5027927	8.53046
-0.74797423	2.04191666	3.49042
0.12970988	2.07690541	9.10073
-1.5616569	-7.36921978	8.22778
-1.28348833	3.52335479	8.05119
-0.82947839	3.12715071	3.91195
-0.73882894	-7.2431031	4.50549
-0.18755749	1.15680718	3.52269
0.59008519	3.0730874	3.85831
1.27671461	1.51620212	7.70304
0.21167417	1.14162967	7.09879
-0.84294767	1.57344671	3.5467
-0.35129299	2.84862378	8.86806
0.93475847	2.48915893	6.76936
-0.97616218	2.71084869	5.54495
-0.09512183	-7.11862441	6.83923
-0.46515365	-5.96691189	8.15745
-0.73025023	-6.41087806	8.14637
0.27169489	1.94593255	9.69803
-0.44663505	3.38973582	0.22897
0.07697071	3.37014805	9.68419
-1.00619214	-6.65417737	4.32363
0.35626122	-6.52875626	5.50935
-1.05758728	3.58779371	3.17776
-0.15294193	-7.09712694	7.61411
0.53700751	1.95076075	4.09799
0.90145606	0.94485435	5.70085
0.17577396	3.0156706	8.84394
0.62454394	-6.96654228	5.77538
0.50494136	1.52294891	8.53724
0.33846694	1.23041453	5.572
-0.30075818	-7.19114058	8.22554
-0.66189114	-7.02836645	5.568
0.43725222	-7.23550467	7.53491
-0.2679293	-6.23087546	6.50191
1.43696415	3.43909939	3.41915
0.50232293	-5.35421983	3.15506
-1.18043429	-7.29991058	0.50288
0.99732685	0.91812539	2.28282
0.97937367	-7.74350076	6.54783
-0.64364511	3.64312779	8.63383
0.69785562	3.67616657	4.90653
1.42335632	2.12176378	6.11663
0.79174268	-7.70987458	9.5229
0.40515598	-6.54187302	2.40787
-1.08502724	1.69060374	8.04145
-0.86161611	-6.62299124	1.55215
0.63447561	-5.67065513	9.60762
-0.27071	-5.99829504	2.74813
-0.56883637	-5.90619162	2.06541
0.33779569	-6.3053554	9.60988
0.75495325	3.29087243	0.26168
0.74776349	1.04047171	5.30204
-0.16450757	-6.71137863	6.89932
-0.20597069	-7.91494385	3.43798
0.71204493	1.08888994	8.7987
1.46992716	1.42208594	2.84992
-1.90741668	-7.21442731	0.66007
-0.07512069	-5.87118546	8.71368
-0.52550771	3.15518065	3.03265
0.06683548	-6.64264888	0.31558
0.32451063	3.35779177	9.98742
-0.01014948	-5.11523746	6.3652
-0.22415172	-5.06520266	1.8761
-1.44360242	3.18831645	4.15579
-1.95991436	-6.05142528	5.18823
-1.66827581	-5.84112972	3.69021
-1.21175515	2.2095457	2.52376
-0.15119997	3.22385873	5.30929
0.51914168	2.35151884	7.23912
-0.72058338	-5.94976324	5.87355
-0.32184343	3.7488177	8.20326
-0.94671132	3.79414766	0.28625
0.77211774	-5.39330359	1.20387
0.6247874	-7.13357065	5.80672
-0.34536164	-6.90742737	2.52456
-1.34160584	1.31668886	9.81985
-0.44384418	0.8186545	5.3928
0.49379161	-6.05158231	8.42411
0.77201997	-7.14988525	3.07057
-0.341441	-6.3234814	1.10739
-0.02223097	0.81678708	7.74353
1.27673438	2.22275212	7.46476
0.40712743	1.98732565	0.33719
0.5142731	-6.40027252	5.62471
-1.40328586	2.6390537	7.06498
-0.06950726	3.42819855	6.64983
0.39552641	2.55526001	0.29184
0.972183	-5.27122921	3.40719
0.12351389	-6.19257793	3.77725
1.06681145	1.00306429	1.45853
-0.65042203	-6.50422536	8.46567
0.33115044	1.28522993	0.96375
0.36344821	-6.39672515	9.32583
0.80699279	1.7213456	5.81286
-1.39829206	-7.30268025	7.82211
1.31938071	2.38958762	1.79736
0.59262446	-7.19576307	8.80974
0.63875459	-7.39014177	8.97087
0.50227856	-6.86943295	5.01757
-0.17999314	-5.09638938	8.30404
-0.03201546	1.39897826	8.55463
0.7199667	3.45157207	4.7306
-0.56958899	1.01330866	0.2897
-0.8222689	2.73189141	6.91341
-0.86606085	-7.14913143	5.53748
-0.97323816	2.64831334	8.55058
-0.23091848	-5.2094251	7.2227
-1.06043547	0.90233188	4.54172
0.94143202	3.67912353	7.07949
0.29581623	-7.59922937	4.33563
0.66884681	0.8938416	0.2707
0.3830757	-6.22987664	1.86162
-0.10999241	-7.10696673	2.06099
-1.37893763	-6.63360086	5.92296
-0.10553056	2.58867021	8.04357
-0.45774703	-7.69421528	5.2526
-0.42738916	-7.29044135	0.79177
-0.80280771	-6.49746308	5.02987
0.233578	-7.04419398	8.01749
1.27429796	0.88282789	3.50828
0.01816019	1.19335415	1.89693
-1.56961676	-6.30864699	3.06839
-0.85876907	1.38428187	3.0517
0.49668629	1.61114419	4.055
-0.6114955	-5.55282398	9.95369
-0.49847552	-6.52384983	2.6312
1.00504001	-6.93380277	9.3347
-0.14920198	-5.12745643	2.3161
-1.38696573	3.26845681	8.13795
-1.07484963	2.41672336	3.43542
-1.07082564	1.44990516	3.00599
-0.23131767	1.83819426	4.32154
0.14863617	-5.40433341	4.42421
0.23430759	-6.27010402	3.12897
1.04980508	3.53698663	0.25666
1.15317427	1.24978956	6.65902
-0.41109008	3.78822699	8.63127
-0.21207691	3.53775018	8.13138
1.538958	2.69160134	5.68462
-1.70860548	-6.48365537	3.95355
-0.23844717	3.44155542	3.44464
0.42212407	-6.83031656	7.87976
-0.05684389	1.52632484	0.74279
-1.04072011	1.52771644	9.40912
0.31472254	1.69395356	4.31297
-0.534617	1.72468747	9.48157
0.73714731	2.19382501	4.22529
-1.06246226	-5.4117861	9.90495
0.2772557	3.25671621	2.42716
-0.6164817	3.79516298	1.11705
-0.08757727	-5.37811243	0.74873
-0.3641155	-6.4430895	5.26243
-0.11260164	-5.36051806	1.20214
-0.86327944	-6.85720872	8.10487
0.87730822	1.34273249	7.80225
0.23818946	2.15126638	7.22552
-1.82208376	-6.61243818	4.09605
-1.22937913	-7.15815429	4.0634
-0.0620907	1.92424866	3.56479
0.6696034	1.88031289	4.72085
0.65083345	-5.04487643	1.35867
-0.4346742	-5.72951321	7.24972
-0.10367724	2.22179843	6.96489
1.30787074	1.24048056	8.69878
0.48941506	3.03493602	5.85201
1.22313947	3.41847745	5.66655
0.55289734	3.53157019	8.03062
0.36780143	-6.45233833	2.35582
0.8232219	-5.88521976	9.17798
0.58517218	-6.83468766	9.00469
-0.10219316	-7.43010737	3.01761
-0.76732944	2.87610825	3.65745
0.2184986	-5.96843291	5.82807
1.30401488	0.9953874	3.2522
-1.18039618	-7.31686727	8.75288
-1.13866203	2.66620364	7.29812
-0.30966985	1.72338416	4.29784
0.58078661	-7.48821302	5.36728
0.93586923	-5.26484597	4.57552
-0.23014262	-6.51916624	3.15772
-0.39665712	3.71771001	0.37799
1.06778716	1.45474905	9.38922
0.43696195	-5.9576579	0.40685
-1.61844044	-6.01015425	3.59002
-0.45406266	1.49250014	0.82464
-1.34772282	-7.99088935	7.55876
-0.53626183	-6.93378839	2.38136
1.49245926	3.18095923	2.55864
-1.62787195	-7.58823697	4.50008
-0.22633501	-6.28319209	8.10544
0.79132223	-6.57610661	7.02061
-0.85074976	-5.14072976	0.27045
0.29803329	3.27403576	5.35407
-0.81020813	1.91139934	1.63455
-1.35488076	-6.83899316	5.06256
0.56513662	-5.83819308	3.3718
0.62454363	3.7425083	0.809
-1.37477749	-6.11114843	6.47578
1.08457565	3.25442862	3.2629
0.24178514	-5.84237738	6.83938
-1.13615159	2.54753709	5.47296
0.19289526	2.9343971	8.45416
0.81630378	3.5723759	7.7597
-0.48561013	2.15605422	5.56043
0.6646668	-7.10548111	4.72415
-0.49036463	-5.72785121	4.71826
-1.30198826	1.55091464	8.58274
-1.55176159	-5.67658779	5.46784
-0.10370635	-5.28748511	2.56803
-0.75549079	3.14825842	6.38484
1.47266487	2.44075702	3.18243
-0.68114248	-5.58957911	3.97908
-0.62363603	2.25780504	1.43043
-1.23043341	3.24098779	4.63904
0.22950333	3.69540218	5.25011
0.82025236	1.54266254	8.24495
-1.3617949	-5.63725584	7.22857
0.68190885	-5.84133983	3.87994
-0.77148304	3.57392372	5.83593
-0.61086186	-6.3017487	3.40614
0.29579988	-6.40482256	7.84107
0.36939485	-7.33690447	7.79468
1.0170736	1.43084875	3.97332
1.50410296	1.70002182	3.52778
-0.32795753	3.17934474	7.53659
-1.28461788	2.38453316	5.86948
0.34586256	2.32776376	1.88807
-1.19742299	1.21373099	9.13686
-1.95483212	-6.52422437	5.17971
0.68828104	1.84755198	1.79345
0.81119398	-6.47525265	8.08606
-1.15286177	-7.52040702	4.08325
0.73283371	2.66325073	3.09988
0.24160444	-6.55041374	9.29682
1.51123928	1.03309912	8.39823
0.91425907	3.78826445	9.27003
0.20354128	-7.80460427	7.06944
-1.1213449	-6.28322044	8.19557
-0.59968212	2.25962834	5.90378
0.39569831	2.88808988	8.62927
-0.84817504	-7.39561853	6.95512
0.52960353	1.4141343	0.69867
0.66628867	-5.41243498	6.6014
-1.18888655	-7.26870321	4.22866
-1.02671939	-5.33634467	6.04375
1.18339349	3.19135996	0.84218
1.15166635	1.89225895	4.51893
-0.70931791	-7.87028878	6.23748
-1.31375373	-6.97037081	9.67661
1.09254443	3.22558771	1.37026
-1.12830594	3.00031334	9.45495
-0.58341495	-5.84579852	0.17809
-0.98719759	2.19177148	7.98571
0.01299822	3.02572517	5.5527
-0.49501531	3.19526063	8.36323
-1.83270061	-6.55301894	1.9317
0.85560412	2.02283944	4.43178
-1.12864482	-6.25254909	9.61485
0.20579254	1.70830468	7.35716
-1.27567038	2.91921669	9.84324
0.43195194	-5.45304871	1.59613
-1.23413909	2.28004692	8.36077
-0.90469198	3.30626412	8.77238
-1.52209208	-5.641609	7.54123
0.10261336	-5.67093939	6.06529
-0.86261862	3.13046383	7.94484
0.40806341	3.45434764	9.35062
-1.57237461	-7.07557991	8.31714
-1.53383268	-5.70494612	1.90148
-0.5282828	-6.7154844	8.48319
0.16629444	-5.1158774	0.6798
-0.04157814	3.62234484	9.70545
-1.43755828	1.95412028	4.59306
0.77400001	1.95484437	9.30624
-1.70908288	-6.53295149	3.59866
-1.20657866	2.81538889	9.44088
-0.06100591	2.71728418	6.35281
-0.71277657	-6.5796468	0.82896
-0.61543561	1.48950645	9.17242
-1.75623497	-5.91277452	9.78803
-0.8006111	1.41162246	1.89969
0.29955327	2.10262399	8.39693
-0.25088355	-5.78957982	3.37788
0.74821055	3.66714892	0.47012
-0.50937412	2.57630762	9.22778
1.25631559	2.56020294	9.47157
-0.86015821	-5.70519323	0.74896
0.43890344	1.51889856	7.2285
-1.36305279	2.78212643	0.94017
0.35287999	-5.84665537	1.12492
0.42666808	-7.66960448	0.07307
1.16268465	2.95516288	1.91906
-0.95127401	-5.51383643	3.7996
1.33550613	2.75278939	0.86495
0.12764775	-7.09097659	7.79364
0.01536424	2.5689971	3.04308
0.28987203	-5.95991781	8.06008
0.26124216	2.95302524	3.2448
0.48225232	1.26660947	0.99009
0.22009438	-6.56459275	4.90486
0.92453545	-7.85728441	6.79079
-0.03845388	2.16434543	8.67752
0.22403009	2.01769293	1.50349
1.22380919	2.84119135	9.51713
0.60977439	-5.57675807	6.39077
-1.32518952	-5.30178863	0.94347
-1.2496555	3.70933854	3.01773
-1.44235975	-5.05188711	0.03404
-1.34396706	-6.69045629	4.18804
-1.19639027	-7.79076707	1.56425
-1.42705389	1.34345222	1.30273
-1.71878571	-6.49415728	0.84666
0.42251161	2.10732259	5.08948
0.28600279	3.22145855	5.68192
-0.26969001	2.54300953	6.21059
0.7609704	3.44218469	0.08085
0.65225017	2.26590025	3.03138
-0.52401106	-5.46626409	4.96167
0.68663358	-5.02283757	5.86091
-0.2468113	2.05515296	3.43725
-0.94929809	-5.16025663	5.67227
-1.12008761	3.36268982	6.74541
0.65731191	-6.9964273	3.33384
-1.85473135	-7.28166953	0.86957
-1.23046725	1.4441823	4.43599
0.83173511	-7.7834853	3.52081
-0.22597368	1.20328364	0.82495
-0.80272138	2.14674291	3.65814
-1.38075319	-7.39402739	8.385
-1.29716816	-5.88323429	1.09468
0.053747	3.4005872	6.00591
-0.33832085	-6.18429852	0.43851
-0.75950963	2.98782423	8.0957
0.97098412	3.40081353	8.73025
1.41058565	2.26906448	8.77755
-0.70254566	-6.26988938	9.36278
-1.04537113	2.10610339	6.09239
-1.31519349	1.06719046	2.73248
-1.40617822	2.5323932	8.34687
-1.92761474	-7.94388485	2.93006
-1.01539298	-7.44889515	7.10149
-1.19673819	0.82424147	1.99894
-1.35577508	-7.9387398	0.63882
0.75409468	-6.06119303	9.04203
0.55037724	2.07190069	8.14404
1.40529279	0.89923125	9.12493
-0.17032208	-7.07077315	3.01292
0.56596412	1.84253648	8.36403
-0.81323084	3.22521298	7.47644
0.99766748	3.10531493	5.99893
1.33668419	2.35291091	1.94564
-0.83088305	-7.25776312	4.00223
-0.41757974	0.92045636	0.75996
0.24845702	-7.57049355	8.82169
0.06868518	1.30831845	2.57688
0.02734237	3.13729314	4.66108
1.33411597	1.60881323	1.16076
0.11759493	1.10091588	0.82362
0.69929181	-6.34452425	9.94815
0.84890385	2.47897468	3.71805
0.92722499	-5.19925246	5.96192
0.16078379	-6.40100332	0.4307
-0.34108743	0.81175378	8.68631
0.69226061	3.19622903	8.51086
0.19460753	3.5854479	0.06769
-1.75835936	-5.04734156	0.72013
-1.25754158	-5.88523425	5.49901
-1.43453382	2.22966364	3.8289
0.26704808	1.60387415	9.5621
0.50081576	-7.73402714	5.4495
-1.73292023	-5.77699589	0.9049
0.63678005	3.42398918	0.36923
0.64670445	3.54519399	1.11486
0.76577997	-5.23413463	6.07214
0.76898082	-5.56106238	3.64835
1.16719972	2.1545414	1.29857
-0.5527917	-6.52424282	6.85031
-1.04920697	-6.98243754	2.38589
-1.49063455	-5.62908248	7.76415
0.88309412	-5.62837351	1.76146
0.96419681	-5.31290684	0.9405
1.05554983	1.8338906	2.90398
-0.44201151	1.82554235	7.31495
0.04093098	2.5407309	6.07783
-0.61576905	2.63676584	9.51359
0.33249288	-6.91672183	4.75698
0.215708	2.68446526	3.26172
-1.39169293	2.62470673	3.08981
0.62374826	-5.31945616	7.56394
0.20060984	-7.47453693	0.24772
-0.8085998	2.07017713	5.36947
-0.91920236	-7.51614859	0.08873
-1.2774228	3.63395976	6.06401
0.67806228	-5.16251543	9.73248
-1.16420984	3.56255797	3.72187
0.05470249	2.52965463	4.9435
0.17219702	1.86611306	3.62557
1.08817332	2.08888896	2.86489
0.75183231	-5.65598695	8.3529
-0.39208135	3.15964786	2.20845
-0.28928029	1.27553154	9.14333
-0.37554952	3.13433837	0.23516
-0.67211066	2.44334229	0.21389
-1.07610324	-7.23156135	7.61026
-0.81300069	-5.95686435	1.80305
-0.5112436	1.45258063	5.36321
-0.7679116	2.83767937	9.00986
-0.97808895	-5.62904524	9.18972
-0.57466509	-6.62384426	8.83786
0.74365589	-7.65588945	7.54865
0.74692793	2.64695005	4.85706
-1.04961404	1.8609847	8.92016
1.02792428	2.52299443	7.79393
-1.04825845	-7.09903682	8.50881
-0.32466986	0.97109705	1.81331
0.27466468	1.12683919	3.1697
-1.66468713	-6.07765729	3.13288
-1.77592885	-5.50323426	6.9493
0.56836902	-6.23579973	1.07387
0.46093943	-7.38311414	1.60217
-1.29586419	-6.13527764	7.45568
1.43258656	3.67187503	7.42789
-0.14066998	1.89855078	3.49086
-0.62398521	-6.01681885	1.57052
-1.00500767	2.88836381	7.15066
0.64350721	2.37786595	9.37544
-0.04567008	2.68260838	0.47878
-0.43173966	3.20255473	4.84673
1.53415267	2.98801176	0.98694
0.57725127	-6.38932831	6.16333
0.41600032	-6.86509135	5.34106
-0.76926621	2.69310321	8.03527
0.01530739	-6.13824324	1.92417
-0.32360041	-5.15062599	7.7982
0.59444796	0.82946407	9.70863
-0.45563561	-6.42919946	2.43179
0.17820467	-7.61312449	8.70926
-1.15486484	-7.28582487	8.90719
-1.8402176	-7.61813288	1.43554
-0.18478366	-6.63903009	3.77681
0.2902575	-6.6998688	5.38855
1.18289544	1.61271243	1.34094
1.41203444	2.54677562	1.83786
-0.27499979	2.73992865	3.57919
-0.21584677	-6.29166732	3.87703
0.22419659	1.93749141	2.87508
-0.39722798	-6.8913563	6.31497
-1.58684293	-5.02694833	0.61969
-0.82051103	-7.12522505	2.31845
0.8199713	2.69923267	8.52455
-0.57528658	-6.28616215	2.82246
0.0147156	-7.70941985	0.99918
-0.88381905	1.31583631	0.99089
-1.43687533	-5.5039369	1.99012
0.44137078	1.76261483	1.36741
-1.06810209	-6.57339829	9.09248
-0.7876369	0.9847008	8.20106
1.21189802	3.43437802	1.30949
-0.35531283	-6.8399946	8.59981
-1.34898593	3.64231492	2.07168
-1.11626235	-6.16920693	2.7597
-1.20788071	-5.16596743	8.81839
0.17528852	1.30987743	1.85558
1.44629105	2.41045268	7.14648
-1.77404208	-6.26821809	9.33715
-1.21655899	1.97857929	3.62308
0.9830226	-6.04807074	9.6504
0.15469931	-5.31788443	2.05125
0.50381492	2.77170321	2.21451
1.44807326	2.41084551	7.46377
-0.87713971	1.49774866	4.46144
0.83100832	-7.4060568	2.69124
-1.63709402	-7.56660573	4.40259
0.84670798	0.96472232	6.94656
0.01495535	-7.84300628	6.88118
-1.73888584	-6.98181346	3.36661
-0.824451	-7.38060115	6.94235
1.49060788	2.9474137	8.71615
-1.33442689	-5.73652641	5.33244
-0.2712208	-6.61585498	9.02922
0.53769523	-5.28091912	4.35447
0.63403944	2.20750778	2.60708
-1.22631235	-6.06399191	9.20785
-1.22440228	3.66467582	9.95305
0.99670575	-6.37990809	9.7022
-1.52186983	-7.90969531	7.35942
-1.76998928	-6.45715452	5.4923
-0.37302996	0.98870975	3.46188
0.84787184	1.15098242	5.47643
-1.35167909	3.02436114	2.82208
-0.12506686	3.69400266	0.03955
0.42878268	-5.81751533	4.86196
-0.76717515	-7.4921794	4.26763
1.00771064	1.39754708	8.45981
-0.00509823	3.67033506	4.68735
-1.56318219	-7.98927084	8.13812
-1.4474972	-6.07073205	7.31666
-1.74834814	-6.29873309	5.9473
1.01664292	1.11683217	1.88627
1.18961202	1.04690651	8.31418
-1.90601153	-7.45304651	1.55122
0.7991341	3.31861361	7.34945
-1.63918632	-7.11136489	8.8495
-1.4236339	3.1603723	1.7819
-1.32032757	-6.28957778	5.31341
0.68759461	3.24871787	6.48188
-1.33087828	1.07753718	0.25017
1.52881581	3.2733059	0.3111
-0.51406747	1.02643239	7.12982
0.07117594	2.39230146	0.39589
0.24549614	2.60871317	0.0464
0.06855066	-5.33632899	5.02256
0.04116506	-6.47528747	1.08261
-0.52710236	1.28760476	9.70532
0.70437361	1.21972282	0.28604
0.39315032	-6.84017506	0.91868
-1.17299339	2.54397781	4.09603
-1.26555273	-6.27498671	4.40505
-1.37329789	-7.36914906	3.63821
0.0759321	-5.26120272	5.05693
0.21475543	3.38678274	9.90974
0.81959879	3.66916454	1.67069
0.0183622	3.16454168	8.51068
0.93786606	3.39914097	8.781
0.90826167	3.5255332	3.11183
1.29477782	2.47283885	5.33855
-1.11909629	-5.1597051	1.97131
-0.10508476	1.944015	0.47821
-0.91107189	-5.07491931	7.86003
1.21961918	2.9330287	1.10094
0.88002538	-7.04417704	7.08671
-1.46879476	-6.77043074	9.00018
0.25382219	-5.85451151	6.61333
-0.14813514	-5.943794	1.59736
-0.35544068	3.01284205	3.38177
-1.7008044	-5.41772521	0.92511
-0.74333564	2.03280387	6.29581
0.532713	2.16960102	3.80391
0.52788245	3.33090298	6.10233
-0.06583931	-7.54267653	2.96595
0.02562633	-6.7825637	0.70095
-1.24695414	3.29258397	3.78783
-0.18161035	2.87647476	8.72653
0.88588138	-5.31361839	0.47904
0.89103949	3.79764097	6.25894
-1.46896123	-7.14028653	0.66568
0.03961511	1.12057506	6.59683
0.0405013	-7.46189762	9.07744
1.14428738	2.05171658	2.8695
0.35708783	-6.19972697	7.62043
-1.03782616	-7.16309439	7.64031
-0.0506048	3.69708027	9.25037
-0.30208862	1.82214319	1.9583
0.44147362	-5.13360473	6.46959
1.38475101	1.06186025	0.68261
-0.76926468	2.85698682	9.21488
-1.58763776	-6.49557392	8.85387
0.90890405	-5.44310087	6.50091
-0.81444716	1.10327096	5.51851
-0.86257868	0.94297712	8.49576
-1.22219789	3.64182108	8.93884
-1.4128915	3.5315401	6.54935
-1.79575927	-7.85307899	8.04511
-0.4318551	-5.77621394	7.0887
0.55951177	3.48322199	0.52462
-1.67338148	-5.08551746	0.58128
-0.80271624	-6.53222982	7.21503
0.52913653	2.6626388	0.24961
0.82136937	1.38026746	0.54038
-0.84506516	-6.6016024	7.48268
0.50903931	1.46263395	0.31226
-1.87933758	-5.63130865	9.12311
-0.43011141	2.14873598	2.7613
-0.69970489	-5.82647106	9.15602
-0.87401498	1.83930577	4.09729
-0.92826061	-5.07991897	0.01392
1.46240763	3.07681567	5.21238
-1.2269095	-7.66107183	9.84806
0.03925045	-6.21629532	6.21099
-0.31336413	-5.23535467	3.70854
1.39187428	3.02602842	9.13029
1.28259853	2.68409356	7.1479
-0.74405491	0.89438469	9.36674
0.37826442	2.07127061	0.44894
-0.83266128	-6.6908235	5.40293
1.24119978	2.63986615	7.44273
0.96857797	-7.60316538	7.67613
0.76805328	0.97982831	2.86577
-0.5024496	2.6858454	7.4073
0.64980502	-7.3717891	0.10328
-0.62210677	-7.77533578	4.72837
-0.99655828	-5.72523599	0.26431
0.10948947	-5.07738372	5.45814
-1.7387601	-4.99172133	8.55092
-1.65209977	-5.59667158	4.89887
0.33417918	1.60587083	6.24819
-1.25543372	-7.71503345	4.08123
-0.84657448	-6.84350836	3.7593
-0.71975282	1.58414099	4.67573
0.5096523	-7.57692333	5.91728
-1.73216695	-5.64804499	4.57162
-1.03644303	3.0085391	4.48152
0.17491327	3.54067912	9.06776
0.71835394	2.15574335	8.43851
-0.39058449	1.71553216	9.05811
0.58738418	1.1700378	7.79456
0.57477333	-6.35199692	1.6137
0.13072586	2.4450808	9.26464
-0.98286221	-6.75816574	9.1738
0.4552393	-5.37360489	2.32423
1.00769035	1.56008636	9.81799
-1.35456676	3.77086022	4.60046
0.5509179	-6.72280517	2.69525
-0.12249024	-6.03243565	3.39193
0.10516817	2.61045571	8.12385
-1.32120667	-6.6338428	8.2018
-0.23065763	-7.28267362	4.66861
-0.1486982	-7.31377524	9.162
0.08844397	2.38213278	8.75557
-1.14651981	3.74234886	2.43451
0.03311736	-7.89475805	2.52981
0.51312161	1.73159785	1.8464
-0.41620044	1.97239304	8.56487
0.25770567	-7.33664453	0.45496
-1.0448374	3.61199903	9.18316
0.73336147	-6.12844576	8.57134
0.87036026	3.77010131	1.4976
0.31409869	1.66825253	4.61183
0.51666182	2.90052666	9.50834
1.33543257	0.89627462	2.25309
-1.46546385	-6.14199909	6.54672
-0.4628422	1.18528759	4.53887
0.5638363	1.90881909	5.09755
1.30666602	1.81253496	6.69657
1.19769786	1.79106629	5.29883
-0.77643702	-7.89180578	9.73439
0.55918275	-5.6342311	6.49464
-0.45834083	-6.75863446	9.18867
-0.29889075	-7.41978529	9.46353
-0.33404647	3.34717995	4.90843
-0.00727692	-6.71850579	5.6025
-0.93338425	2.7859392	8.12049
1.06428106	3.28515702	1.68181
-0.55368898	1.3683978	1.77486
0.38899125	2.37160066	8.89467
0.51074545	-6.37502941	4.71528
-1.19067367	-6.33050393	3.80516
-0.18769903	1.84723957	9.62131
-0.01317109	1.97311251	3.3065
-0.82686911	1.25811146	6.41856
0.90155774	2.109563	2.88338
0.1244974	2.94505807	6.29175
0.42676582	-5.36654238	5.38948
-1.22343751	1.24608613	0.34999
1.36931292	3.42857413	5.71731
0.32449745	-5.27957893	2.21457
1.06838551	2.7540227	8.97788
0.47527292	-5.2032804	8.14264
-0.928923	-7.61344591	4.6236
-0.04072011	-7.46360795	0.63617
0.0552936	-7.66718287	5.26645
-0.66618642	1.85580577	1.59498
-0.52024359	1.9319419	4.14498
-1.80575094	-7.68432295	6.52244
1.16887733	1.49178202	1.78747
-0.79008971	-6.63874766	6.13692
0.73277405	-7.62736243	3.22847
0.43339292	-7.3235183	9.1314
0.89381224	-5.63429628	1.59621
0.30470627	2.97285684	0.8356
-0.09401778	1.14140237	4.38352
0.14864396	3.64299234	8.74513
-0.29037796	-6.2861973	2.55623
1.1699396	2.28900312	9.72044
-1.53951842	-5.63318389	6.55791
-1.05209202	2.1494931	8.32905
0.59011405	-7.05456136	1.6419
-0.62485858	-5.97468477	1.19166
1.16128108	3.53725914	1.24738
-0.50779543	-6.07428803	7.03085
0.31002968	2.43157589	4.80239
-1.76044883	-7.38544737	1.92202
-1.93495696	-7.57403706	1.35268
1.14860464	1.82730993	8.00246
-1.022514	3.64748655	4.0817
0.23415215	2.84352989	5.78949
-0.4047533	-5.02277331	8.08527
-1.33548731	2.30275547	1.45456
0.83746777	3.60975587	4.79814
-1.49071853	-5.33916941	0.68345
-0.86715095	-7.1911078	8.66109
0.40777401	-7.58066921	6.42681
-0.69361065	0.89719547	5.96313
-1.64012491	-5.00823843	8.56417
0.25353705	0.82126546	4.79441
-0.13941896	-7.43128353	6.04273
-0.22928859	3.57578608	6.72779
0.66133454	-5.95201311	8.09565
-1.81658641	-5.48978324	0.87638
-1.42380714	-6.95045544	0.2022
1.00373189	-7.5613427	3.11514
0.64702836	-5.73056901	4.41848
-1.16227076	0.87142946	7.54114
1.08368247	2.65538159	8.4617
0.15492123	2.12292332	9.75393
0.35606034	3.30846088	3.40217
-1.82757417	-7.20753257	4.07854
-0.6272495	1.92232601	8.85884
0.65174664	-6.01594915	3.4256
0.36245889	-6.34415204	4.98999
-1.56709456	-6.25599636	1.58003
0.77266887	3.58905085	2.71834
0.84210757	-6.466008	4.90985
-1.40695218	-7.51681036	2.92055
-0.36126872	-7.84327143	3.38412
0.33923221	1.10861626	5.03681
0.11415225	-7.09706941	0.9589
-0.4593751	2.61300876	0.36536
-0.85165058	2.85574607	5.68105
0.11532033	2.95724602	2.32366
0.86008794	-5.37874018	0.91992
0.89144171	1.97906084	8.96155
-0.53276772	-5.60697778	2.20222
-0.06894964	3.29545912	3.45683
0.26235056	-5.68846709	0.39506
-1.63154839	-7.09388772	3.4312
0.42813205	2.73572145	5.37154
-0.80058675	-6.31405503	9.02153
-1.15305352	-7.85246202	8.74491
-1.21353849	1.18708405	7.39777
-1.27163236	-5.57034138	2.88584
-0.36100585	-5.23708401	0.00279
1.10470924	3.46219941	7.1109
-0.2175609	0.9749899	9.76847
-1.16252981	2.07924375	1.84082
-0.60846162	1.33860772	2.45889
-1.06377918	1.88809325	2.43632
1.17799149	1.38953226	1.06054
-1.11740676	1.32907445	0.86695
0.38163771	-6.95874731	4.03278
-0.08535128	2.39388754	6.42932
0.12450383	-6.31175782	4.31544
0.46138335	2.57138407	5.58075
0.82056469	-6.34589501	0.13567
0.35580275	-6.81223101	9.1733
-1.88092376	-7.70849556	9.88985
0.91996014	-5.08441019	3.09168
-0.33098715	1.100704	0.82666
0.8274475	2.39754691	1.84275
0.55237689	2.30638602	6.48439
-1.63935484	-5.58343295	9.75803
0.60571517	-7.79906376	9.41807
0.29595463	1.72645631	6.37904
-0.81796165	2.9774456	1.05691
-0.97675638	1.7488388	4.16566
1.40162377	1.49696947	3.28203
-0.15752225	-5.12379057	1.96164
-0.4398091	2.74612352	6.49306
-0.60779625	-5.14509288	1.26725
-1.83380926	-5.70022819	0.16608
0.53146164	-7.44989137	2.18116
0.04251859	1.58613822	7.52338
-1.00876617	1.05299519	2.11668
-0.36683144	-5.09741798	0.8489
0.83391266	-6.11290517	1.93586
-0.81786726	2.02819664	3.21281
0.20228966	2.44047148	3.91791
0.7700674	-5.16022603	7.38699
-0.55018969	-7.26979037	9.05339
-1.29137729	-7.87748051	0.35095
0.27508082	3.18091903	2.93445
0.22964195	1.33139087	6.75016
1.47990503	1.57459145	5.06903
-1.41288425	-5.37000115	8.28709
0.86899839	2.85431183	6.0101
-1.32562079	3.31366155	9.52378
1.53450537	2.50958526	7.02544
