14.12263618 9.98363687
13.15877625 11.84533855
15.16132901 13.82062415
16.71353637 9.92072637
14.12442999 11.838948
15.3812659 11.58265472
16.97488424 12.15406839
14.77248203 12.46058863
16.66921941 12.38103091
15.81777188 10.49571212
17.50063759 12.14412215
16.26429652 12.76577853
13.16285041 12.83059296
13.35327874 10.26883674
17.46476002 13.51074189
13.88730167 12.82321262
14.96998213 10.93312236
15.69433629 13.70786917
14.52749536 11.73770803
13.62652545 9.28803977
13.68229616 10.06222888
16.47065055 12.69378069
14.64062995 9.05350066
13.22214184 12.89450104
15.82406598 12.71455414
15.70045644 9.72496955
17.2757807 10.87158667
16.78153654 9.40099295
17.5749583 13.86461868
15.93465448 11.9016338
13.53262078 11.04594347
13.59510003 11.77939709
15.14019106 11.53276982
16.11773828 13.25587345
14.96723027 12.69721557
13.96538578 13.36997972
16.33083548 11.80539269
15.12148762 10.79921193
14.83799086 9.77295648
15.96193834 10.10126608
15.44605088 13.78925554
14.71076399 9.96753242
17.62342248 12.25530901
15.75089376 12.53979468
16.48379307 9.73708505
15.39380472 11.4759663
16.85810345 13.03594726
15.72965915 12.55180924
14.80838568 11.63759027
17.81968832 11.34708503
17.78748209 10.38444718
16.76399433 11.755996
17.42203362 10.51620658
14.21063067 9.49610266
16.41662157 12.1161823
13.57816781 11.49995815
13.95595374 12.0276963
17.35071497 10.77757325
17.0826822 10.2079312
15.06810461 9.13482838
14.97425706 13.54017643
14.54398622 11.3722661
16.73163422 11.63792782
15.79632303 10.12480161
17.19133472 9.37803743
15.42461782 10.42338241
17.70110597 13.80147778
14.98527843 9.74468727
14.9824375 10.42527116
14.7749456 12.59946439
14.92106029 12.62623942
17.52165847 11.32004798
13.80400019 13.029153
17.01835926 10.77487431
14.53676672 9.23641289
13.28768488 13.66666552
17.58409903 12.66574926
13.03665641 9.51229854
13.23231012 11.97908124
16.13377538 13.25135589
13.41696087 11.27976842
13.23491822 13.8357053
15.28654398 10.30711726
15.94856157 11.46647472
16.5851118 9.22024399
14.67530834 12.56739219
17.22513383 9.96103365
14.22473197 11.39822222
14.88984793 9.78193025
16.85532326 11.14245642
15.64818048 11.31836903
16.82528399 12.69074749
17.74230849 12.54324435
14.01751236 11.14917381
17.87409397 10.28921047
14.4037811 11.73212998
14.69533472 11.72228151
15.05853528 10.08070754
14.66156023 13.40369729
17.91199274 13.0438426
15.94401123 11.08759393
16.0650971 9.2440175
16.75884279 11.69978394
13.19063308 10.2966649
14.52289893 10.36868303
13.83543538 9.72612608
13.34933376 12.39879204
16.63576646 12.13208651
14.00205332 11.12013451
13.47313037 9.37558455
17.02544868 9.22919808
15.36190218 10.3510309
16.31146087 12.01993324
15.5289707 11.62322594
13.69828401 9.83405233
13.01270725 12.4619885
17.04382445 11.88587965
14.68339532 13.28759145
14.40818926 9.70602807
15.25393081 13.47453546
17.92648093 9.37869559
16.21638905 9.68808423
15.281574 10.87257885
16.27089607 13.74015713
17.76356652 9.42638453
13.26487092 13.23379862
16.16671075 9.31559296
14.40425446 9.68037919
14.45568755 9.11308225
15.48964065 13.62900172
17.76174285 9.00478305
13.26257208 9.31038061
17.41634392 9.9043799
14.98076737 9.39971203
13.86099756 10.75448231
17.60614821 11.80947833
14.55997047 10.00063118
15.58785554 12.39775042
17.86315747 9.62139683
13.14469427 13.16835862
14.34977472 13.70021328
14.58146903 11.77084799
15.43768932 9.56222371
17.36931863 12.73880527
14.60509421 11.50733298
16.95192678 13.70371929
14.72625394 9.11419554
15.29923272 10.37122381
17.61371142 13.57294975
15.90066534 13.68236973
17.60121228 13.65506965
15.62221959 12.02667616
17.05055559 12.82366259
14.44020952 9.88597337
13.2558761 9.44344051
17.88259086 11.68562458
15.75790439 10.55337335
13.13083597 12.92069409
16.63823633 12.29764777
17.13279712 11.614347
14.27254144 11.14048382
17.2943145 11.2302147
13.20514355 13.42930379
17.15249708 10.67888453
13.10483538 10.21923329
15.15475761 13.50046741
16.89525916 12.89141844
16.73926257 10.82517116
15.90804195 11.58626471
16.61021216 11.81190469
17.93625651 12.27642374
14.96600143 9.37718648
16.55552251 10.11082687
14.29037637 9.81358218
16.08525341 9.56231778
14.74906624 13.84821324
16.74570348 12.87496921
14.65893979 11.5328825
17.7409253 13.81855641
14.76804422 10.95670562
13.01426296 9.08911385
13.11714837 13.54712771
14.76318913 13.25464034
16.03435751 11.97418605
16.78725115 10.50767131
17.03753191 13.67317314
13.67867658 11.25311489
15.22811987 9.13930432
15.08697266 9.90661529
14.19216143 10.71569861
16.87004145 10.97497574
16.16728938 10.7244377
14.34225843 12.53565494
13.29647553 13.98595071
17.48931883 11.90706712
17.48146219 10.08296045
16.63759991 10.29388557
14.20748831 10.96248382
14.35330989 12.76936925
15.08270929 13.68805954
17.38665789 10.73137
17.94636229 12.52612331
17.04242046 13.45761243
13.66309428 13.86632608
13.45676848 9.9874828
16.21479369 10.2993793
13.75977249 10.00109511
15.12695898 9.45705725
13.50017799 9.15691491
13.23781838 9.51666975
13.22762626 10.49039695
14.10050179 9.35757428
17.22065444 13.68793132
17.95460671 9.57126516
15.50401297 9.90033167
14.85897093 11.0684375
16.06799061 10.67475599
16.54154155 12.92499011
16.35126319 12.99151752
13.15100256 10.33852464
14.28362739 10.12066067
17.81351767 11.89326674
13.37908626 10.44606957
14.00252211 10.84341055
15.6825003 10.29515386
16.9969893 9.12814479
17.77918852 12.08184656
14.82938044 10.31537946
15.68032604 12.31010969
17.27161936 9.91227839
14.45077145 12.65878123
15.55559224 13.38631079
13.4952638 9.04394067
13.49606595 12.53285129
15.99702545 9.78257936
16.14328444 10.01217718
17.094231 13.97048702
17.3539336 11.86993903
16.98106268 9.08483444
17.45626954 13.14106973
15.8814042 11.26580453
14.41231235 9.38179446
14.90369264 12.0068933
16.20695457 12.40292247
16.99057854 11.65845839
17.85569084 13.2913494
13.02651054 13.04138694
16.57509078 9.04408477
16.38964878 9.06011556
13.34626135 10.83021091
13.67581956 13.69728416
15.89862601 12.21166399
15.30766579 11.41238269
17.63577445 13.02601477
15.84013226 13.47405291
16.53059901 13.34483887
15.79341681 13.493196
13.98058494 9.28636632
17.60251306 13.91076784
16.12193492 10.04651147
13.07027832 11.50707032
13.8785953 12.50293261
15.46040515 10.53426904
16.72528099 11.8818648
13.43202757 11.83661879
17.82830194 9.7554335
17.40362633 12.58278253
16.3631262 13.70134498
17.29279641 9.78760777
16.4946075 12.77387746
17.77177809 12.04351617
17.15859331 13.01635158
16.47693882 9.03596895
17.29563502 13.21180579
13.61041439 11.39990586
15.57674256 13.46250581
15.94750785 10.34350197
14.96449057 11.6178543
13.43595433 9.7399571
14.18757667 11.19482716
15.37516451 10.08306368
16.57785805 9.7504771
13.13519498 13.57902519
13.94276085 11.9931058
16.01936126 11.33512485
14.14875418 10.17866907
14.43789979 10.11240605
13.73816588 10.56807122
13.70786346 12.37339792
14.70397005 13.58043581
15.1021222 13.04989058
16.04039528 12.97360124
17.24307158 12.32850764
13.4201666 13.55485732
17.42217679 13.00034485
17.39493296 12.06012554
15.36888135 12.79192304
13.16174618 11.33227781
17.87274503 11.58562261
15.29961655 13.8181205
15.02551401 11.38231326
14.33806498 13.92355002
14.82920265 13.0988119
16.67953093 13.85668136
13.72693705 9.96723722
16.45942459 11.2963522
16.59661866 11.74701044
16.13933792 11.79775915
17.02110237 13.711804
15.4856265 9.40565218
16.67187199 10.34204638
13.08428063 9.24501509
17.51449369 13.28000268
13.14924677 11.89878101
15.5836488 10.01596967
15.34319502 12.74626334
15.88562201 10.6266544
15.39998316 9.15796767
15.60393346 10.5786422
13.46108637 11.21650149
17.17960158 12.67230226
13.13469805 13.50872252
14.84035109 10.66809695
17.35934679 11.01385042
17.2978723 9.73594365
16.3437969 13.46657944
17.77246584 13.7100093
14.66780581 10.62222595
17.77173532 12.26563743
16.89767724 11.66791098
13.32645328 9.49525574
16.46442416 10.25430267
17.20094532 11.51060039
15.93123048 10.41367711
17.52332287 12.07901466
16.83320893 9.49766059
13.36174055 9.84783588
13.72054921 13.14825322
15.46281372 9.53984713
16.70287777 10.20819825
14.51356803 13.53641573
17.5948074 11.99438822
16.4305307 12.530632
13.1604791 9.71891704
15.92257998 9.65826321
15.44219553 11.96881392
17.86950291 11.45818485
16.22031486 12.42883134
17.77580344 13.42564741
15.76411872 11.30126923
14.25858987 11.52873365
14.29504182 10.86060598
15.87208234 12.43415674
15.45909177 11.04420317
16.66520183 10.49994076
13.54517434 12.26927409
17.31742951 10.39690574
14.85102531 11.6148757
17.99500488 10.04327299
16.80816337 13.67822955
16.93174033 9.53510403
14.98896257 13.87440325
14.65944873 10.82907513
16.50367007 11.88370014
16.49407189 9.72424405
16.15789061 13.28738871
13.05785619 11.62263097
17.17536485 13.20617018
16.5030713 10.25092244
17.90685904 13.05327841
13.62303206 9.16332237
16.05200856 12.10731055
14.66814866 12.35859345
15.27324969 13.51008122
14.87262775 9.17233133
13.15191647 9.19978722
16.07140815 9.29394232
17.27431807 10.83244509
17.68235306 9.64480924
15.50614486 10.37029674
15.59673723 11.70975194
15.56172834 10.94683848
14.38804954 10.38619622
17.19200565 13.82194439
17.56461441 9.59539296
14.15239012 13.18476603
16.24136424 9.50576923
15.68804623 10.6261204
17.61395781 9.71374994
16.33111536 10.23701499
13.39872113 13.20671639
17.03752342 12.65725234
13.21515199 10.73408691
15.88969931 11.14207462
17.40833155 13.92657916
14.22433311 10.37654971
17.95839068 12.21591893
14.55316987 12.20677855
17.28038204 9.77840966
16.82698538 12.55949612
17.60758494 13.73937865
14.46833159 11.51407493
13.15544576 9.34627317
13.23651197 12.35203444
14.64285684 13.44833449
17.07418998 13.5320089
17.87125637 11.20054995
13.68156482 11.6473889
17.24530402 13.52823298
17.05189335 12.55629445
13.92367575 9.54841034
13.55392814 10.31954235
15.66671797 12.84987354
13.12828582 13.92308407
13.50745798 13.78532848
13.81012443 10.72719989
17.08846081 12.67096595
15.67566584 9.23259829
16.40448432 10.25250452
13.04223198 11.52037545
16.74401542 9.03102286
15.37435211 10.8582214
16.18245106 13.35462976
16.00913112 10.10471575
14.44391055 13.31418957
17.91528498 9.21302185
13.00778169 9.12049081
14.19921801 9.01772425
15.58335412 10.79802232
17.18610102 13.11538142
15.53147141 10.85437621
14.59614542 13.90965323
13.49663197 11.01263164
14.36276645 10.27694382
16.37003924 12.22915397
16.85836944 11.49768196
17.39318458 11.36996048
16.14165125 11.06732591
13.41571566 11.91358109
15.14102565 11.38048474
15.25619895 9.54043183
16.05972184 10.27751857
17.39435828 13.63854635
15.38183309 13.25735043
16.26876814 9.39924748
14.65252231 13.09711018
13.28252008 10.8086422
13.1098068 12.17018367
16.46033123 13.0796863
17.48674399 10.77751331
16.04697305 12.53616663
13.59234049 9.25864833
14.54260972 10.15133628
16.65643664 13.28343355
14.26900538 9.15053568
16.98274368 10.44299434
13.23836711 13.09918879
16.66458477 9.00049303
15.88023984 9.52884239
17.46220231 11.24102039
16.52176566 9.89478349
13.19254487 9.91344976
13.04440994 11.4691675
13.5520218 11.73522443
13.06567914 11.06297662
17.70777601 11.18673632
17.59115113 10.80158985
13.19114311 10.60525411
13.45061475 11.33586113
17.85496726 12.06300222
17.28339546 11.0513726
15.66824881 10.12746306
17.4836535 13.24629307
16.68397452 13.4846494
14.41268134 10.91597273
15.38988811 13.46474924
17.57016076 11.45868761
16.1899732 10.53712861
16.25609357 13.63732049
16.81565356 13.84042746
17.66009073 13.02108529
13.79116433 12.23488715
13.51806785 13.11308635
17.52351503 13.24066474
13.46547555 11.72028816
15.45383888 13.71285903
15.70503011 9.43042297
13.93073569 11.70215536
14.05796266 10.81520307
13.51640193 13.31059331
13.24581155 13.83900312
15.74186664 12.65949311
16.6980128 9.69985564
13.35063332 10.84845696
15.99013364 10.69254579
15.03336765 9.34547245
16.91166715 10.49810043
16.93178156 12.59910326
14.02464552 13.15129868
15.64928706 12.59229465
16.59574224 12.2251541
14.04295644 9.51932964
16.18355532 9.16280346
17.31395082 12.04324585
15.81384965 12.49974335
14.96647678 12.06111355
15.70848075 11.30821512
13.75040485 10.06984287
14.84320958 11.20954057
17.45184689 12.54065552
17.88460842 11.53756473
14.96009186 9.42740737
16.67734155 11.32754497
17.17481643 12.520275
14.18037745 10.50582531
17.42232557 12.96539454
15.46310836 13.07675393
17.64758145 10.42755582
14.12355891 10.80897359
16.55175347 13.7747384
16.9856611 11.72919605
15.54209702 12.65859722
13.06023303 10.15078039
15.55999934 13.15010833
17.48463566 12.37017288
16.15746472 13.78220235
13.15382974 10.62800408
15.04072411 12.8998874
15.2785493 11.31151768
15.72801385 11.53478353
13.48250272 13.1486485
13.2033023 11.78678184
16.70918745 11.7540994
13.54352578 11.18388155
16.41099024 11.73028752
15.35860009 13.36285393
16.47182405 9.51743735
13.27100124 11.5204366
17.43784373 9.44425695
17.94696416 11.03291419
14.63512003 10.23392947
14.84923708 13.53759299
14.93897331 9.76630389
15.19593491 12.14876097
16.10494856 11.82837706
15.67928262 10.43345325
17.87549672 12.1059309
17.39385614 13.50843592
13.0252741 9.27560882
13.24483852 11.75106056
15.62964517 11.62949831
17.31053829 13.12605122
16.25139622 13.77393417
15.37868928 10.62724884
13.29790792 12.0341142
15.79388111 11.30442764
17.42490688 11.06797461
14.52991636 11.52389516
16.67297321 12.64630383
14.21070483 12.48120363
13.48242717 12.17019024
15.21567029 9.1457933
16.80058884 12.21953061
15.57903397 9.86850259
17.72853412 9.69487963
13.33291179 13.41706773
17.80118913 10.84637979
15.10044885 13.36829427
15.4868603 13.7521523
14.98852705 11.3934634
16.26129223 10.88922307
17.85900425 12.20486058
14.85693825 9.48091878
16.27193042 9.55601477
13.8485515 12.14380647
17.17384599 9.93143295
15.66160116 9.48576738
16.82085809 13.59678013
14.11826839 12.6411947
16.77926059 12.52149989
15.23380019 11.93961363
14.33182987 11.51221121
15.81430033 11.87600664
16.5720049 10.74065334
16.52010662 12.35166604
16.74017708 11.71734488
13.27762905 11.30541947
14.78451195 12.59213477
16.61139747 9.55999963
13.69523804 13.36934411
13.98993011 9.30969865
13.54769253 11.63997088
13.19754902 11.26137892
15.21456256 13.38277539
14.28982697 10.72516399
15.0624464 10.06147042
15.47259868 9.61500699
15.62597996 9.86257159
14.77416127 12.73487568
17.06171012 12.51558723
15.50230119 10.52122505
13.50412574 9.69041106
16.33180764 11.43322407
17.21247408 10.05299624
14.09876158 12.69143734
17.63136452 13.59013644
14.72658416 10.55218548
15.44687403 13.93025499
13.83202507 10.92700202
17.66496728 13.12113332
17.19554438 9.94972008
17.12467792 10.73298754
17.87397825 12.17203398
17.06660643 12.18139407
15.85909743 13.53734231
17.701292 13.97451629
17.95606912 12.02037176
13.10724147 12.98864984
14.58291666 13.66827647
15.95170209 9.70298536
14.56444564 13.15448519
15.38199423 13.59970992
15.44294793 9.72601317
15.69207257 10.47708122
17.55064341 10.7309811
17.72953832 10.09329251
16.31808201 10.31736097
17.33034613 13.66904298
15.6922166 12.79282436
16.8865352 10.4959704
16.41660844 13.25233839
15.76198921 11.07099937
17.57796783 12.16549123
14.22205584 11.3297532
16.41722926 11.04283301
17.88581226 13.46510727
14.10983757 12.63669388
16.38505708 13.63594101
16.70022232 12.9834681
13.24468371 12.59084798
17.64024657 9.43295623
13.72380657 10.79899986
17.82611859 11.05947903
17.86048897 11.30527136
13.07636221 12.10320291
14.16741902 10.95136637
13.75179922 13.14592813
13.90518072 11.22092914
15.40220709 12.1327473
16.08412347 11.96951658
15.20510609 9.10767589
13.45808379 10.30273396
13.59731327 10.62214244
15.37234981 10.4329262
14.1664105 12.71165868
17.64393825 11.62709617
16.76033994 10.35904527
15.26461206 9.63433678
15.14081552 9.40058216
13.75262968 13.1601636
17.9920639 10.31795448
13.34496745 12.88521652
13.84669267 9.23555268
17.55709194 9.32833503
17.60999056 9.46509291
14.04398382 13.56501572
15.80505529 13.50174265
13.35161438 11.17074542
16.97432986 9.43685283
16.7763461 11.7591598
16.92770357 12.98371674
17.77399424 9.46293477
16.00740803 11.33549452
13.70661648 10.67340791
14.70810667 12.14068201
14.27578081 13.95512948
15.23000257 9.28378052
15.00550544 11.15590755
17.87564648 10.67782599
15.08729672 13.63753732
16.84211943 11.95949072
17.60038073 9.30163528
14.81318093 10.03976172
17.51164207 9.0118169
17.04265924 12.59209712
17.93581999 13.87675174
15.26343977 11.23673831
15.93308889 11.45575162
16.08156322 12.74835746
13.55656005 11.27118815
16.28916871 12.45817051
14.85998469 11.54862001
15.2158338 13.66875449
16.05957159 9.16865524
13.43778451 12.94555449
14.02723913 12.80464665
16.88483392 9.04352522
13.0882866 10.53724891
15.31203835 13.85241346
14.73948885 12.36765436
13.30107891 13.93024229
14.18961655 10.3425389
16.21216313 11.17864365
16.40154942 11.45972774
17.88697051 12.17820751
17.79875763 12.40852842
17.8633029 12.80990973
14.68798188 10.31799365
16.46907036 12.99302746
17.57951548 10.11027961
15.08350387 13.47650355
15.78484522 13.3002599
16.48052365 12.97607843
13.76337756 10.69094178
17.0138645 11.95164113
13.19229081 13.26934848
14.51150109 13.89658183
14.1645691 9.72859189
15.28775251 10.66556075
14.93840518 9.3684806
16.60395233 9.84076718
16.96652608 11.65112478
16.42715669 11.85893737
14.91032458 10.49373447
13.39883727 11.5221206
14.65984684 9.60900423
13.86769616 9.0548714
17.29899223 13.10734242
17.84175587 12.15147597
16.19630092 12.64682978
16.62306229 13.043858
15.61514763 11.8337103
15.99424735 9.15086681
17.11289294 11.25199496
17.61018883 11.01431983
15.94980707 9.09043677
15.1507089 11.35844195
17.72138151 11.51801155
14.84196875 12.28114332
16.27052359 10.27666958
16.27605068 12.13737297
17.83277174 12.19210304
16.79143832 9.10431553
14.08885229 12.0993434
16.90509047 13.99808455
16.38967855 10.98746415
16.61228186 10.26506694
16.21752758 13.39623228
15.72011542 9.89734217
13.12947593 13.6036752
16.687754 9.06498645
17.39112714 12.38156319
16.11181276 10.94294338
14.08125669 11.35915481
15.5071298 12.27145904
13.55386601 13.14883786
17.12116699 9.3741944
15.15304283 13.01985997
13.90348752 10.92335481
17.44214651 10.11945665
13.70643535 10.51180398
13.0720977 10.20043991
16.04950788 11.2801759
14.64458689 13.15087758
14.29787304 11.06667035
14.93310422 11.38506729
15.61578278 12.46796524
15.16745832 13.41279081
15.23050499 10.2221903
14.18084916 9.5775137
13.31977685 10.13422838
17.46384267 10.00307522
15.52390947 10.15186451
16.24857433 13.69489413
14.7148072 11.26173656
17.791039 13.07044134
15.97291868 12.51278864
16.01303888 11.91082974
17.44797544 9.26726724
15.48025228 11.77825772
13.28548737 13.1817907
16.85408888 10.20522835
15.97494121 10.86057124
14.23209716 12.778589
15.49963147 13.44767649
13.79584709 12.87536942
17.87252863 11.84066082
16.41833475 11.60847599
17.14778746 12.6813899
13.7653163 9.73141124
16.88247774 12.58017755
14.96895435 12.20376519
13.53114397 11.24799709
15.48840741 11.78859994
15.4875341 9.32968837
15.36273298 10.05581183
15.67127867 12.09561169
17.93395164 10.92876947
14.20769787 13.02124882
13.5271809 9.29841644
15.37432406 11.76273535
16.37782308 13.29075861
13.88035316 9.00281463
15.44928973 11.22214056
14.06200185 11.29801624
16.26877699 9.38806612
15.76623894 9.99178144
17.15011914 10.15149798
16.61662811 11.35912381
16.57790512 12.92592343
14.59618938 11.65158722
16.22940839 10.68609741
14.16024381 11.36250178
17.0260857 9.62466189
15.43434524 11.98135815
16.18510554 10.9715641
14.87185329 12.24514865
13.03241313 13.39215411
13.95073836 11.71395784
14.34592943 13.20400794
17.63089176 13.6053397
16.56730437 9.22592652
16.46297565 12.85865255
13.6624724 10.84014285
17.5128638 10.10064578
17.96787093 9.92772431
13.71602933 12.76713448
15.13436739 9.87792572
14.23377036 11.16631603
13.30977692 12.67918257
14.79654677 11.98707845
15.32168766 13.15623101
14.51979645 9.01350359
14.14138426 13.83569606
13.60767228 9.70864887
16.6697806 9.91638985
13.3167821 10.67131366
13.72441053 13.52709295
13.7828464 11.63186363
14.8439617 9.05167333
16.59654619 11.07920863
14.97841977 11.0239592
16.38640979 12.15212056
17.34754352 11.02896829
17.83641075 9.26320656
13.68187799 11.91569186
14.95266459 12.37142303
16.57449305 13.00551395
13.74028093 10.68257437
14.08676749 12.66740118
15.82352555 11.14080999
15.75663368 13.4895799
16.45716974 12.71211371
16.93516 13.49548158
17.51097319 11.61311995
16.00852008 13.04566884
16.3942896 10.41462168
16.26859037 13.19932028
14.61062487 12.90441567
14.31330166 12.28259797
14.76904205 12.7256109
14.49037275 11.2522926
14.25354572 10.42783158
16.26207752 10.31753016
16.77747357 9.51666178
13.60087786 11.88397008
17.69715139 10.08572166
15.40221616 10.75045047
13.94353597 13.2233432
16.85125475 10.22646834
15.99907379 13.69162343
15.92405336 13.11374083
17.96068289 11.32277916
15.89323175 11.30493515
15.91749643 12.67955923
15.74472255 9.0471777
15.0020498 11.7423768
15.97875555 12.10495522
14.47910203 9.99409656
17.77893094 10.19890599
16.27770882 9.52822126
17.84317346 10.5306655
14.32472631 12.82234073
17.08335434 10.67676126
15.26113086 9.14386765
17.44332269 11.87393365
15.43464161 10.77290215
13.40758736 13.26982837
16.70507839 13.64582227
15.18584871 12.23953147
15.89394271 11.91488072
15.03422488 13.03720539
14.69839277 11.44789783
15.59545578 9.33708653
13.01156834 10.89057032
15.01718844 9.31474781
15.90633748 9.53568547
14.86873608 9.0299929
13.46730358 13.63775687
14.26603529 11.58475436
16.78627983 12.32181926
14.67284172 10.35504278
13.74480428 10.54946295
16.57826546 10.12013264
13.24012893 10.61775864
15.55539317 11.04092753
15.85307435 12.21386639
16.87777432 11.47333144
14.65600543 12.17660395
16.22992151 9.46936277
17.06632754 9.59770584
16.61894668 12.05650379
16.94358468 13.41246578
13.30746407 11.31350473
17.58332877 9.58473649
17.35460198 11.52837413
14.79303243 9.72054349
17.81842623 9.78225581
15.46806593 11.45063893
15.24924838 12.02427688
15.40553215 10.4769362
17.98235127 9.29904248
15.01435129 12.03569104
16.58054764 13.06577323
15.76156435 9.28845126
14.33556997 10.99166773
16.02555619 12.53388225
14.62286315 11.79266789
17.76758767 11.60474797
14.9495529 10.08762527
16.57809424 13.38768938
16.34242335 10.42777704
17.31110958 12.21482958
16.21821266 11.84057861
16.12193887 13.11193531
17.96270551 11.5803493
14.53845129 12.13120743
14.32709943 11.36122289
16.26205289 9.54612198
17.99370053 11.52201145
13.89271536 13.65134593
14.65598693 11.8786766
14.48941521 13.94795682
17.3168331 10.59381224
16.95811472 11.82783784
13.58899284 9.88679199
17.94582678 9.39442404
14.47658205 9.25266849
15.65944996 10.70661949
16.81152584 9.36970342
14.75624596 9.56962057
17.93938039 12.20063735
16.54571694 10.95601793
14.53968107 13.87200152
15.03424698 9.98074179
16.18543837 13.30911979
16.49185226 10.65213388
15.15377469 13.27936242
15.71934406 13.21380909
16.70194326 10.90285957
17.89812948 10.62160202
17.02512401 11.70054109
13.38883515 12.8385614
14.48755429 10.46760176
15.95908895 9.76483972
17.00150037 12.08683821
17.03754947 12.32326711
13.04514262 10.32457638
15.01027722 11.20997309
15.34819878 9.05469283
13.35038353 9.27273229
14.87142588 12.6450008
17.67757071 10.59316048
15.73625592 12.57141312
15.08331457 11.54235076
17.32494235 12.09400745
15.36539899 10.21850678
15.6607486 13.69109516
17.13227864 10.11595133
16.26845209 10.85609724
17.50184091 12.3146776
13.30740302 9.59273579
13.80757625 12.90503842
14.45125723 10.73412187
14.82613387 9.18203273
13.7588797 11.11397963
17.56792627 12.64869088
16.80057598 9.26403935
15.06553803 9.96438718
15.2449449 12.78057401
16.19771652 10.93925271
17.68281693 10.24194367
15.58135355 13.11119421
17.9298559 12.93085082
13.34296685 12.54771227
13.54088819 10.6283433
15.67726594 10.14174103
13.55300475 13.22725361
17.43142361 12.09188349
16.1038203 11.99890583
26.93922271 34.27534748
29.5181718 34.29777235
27.54528193 33.32383263
29.3894319 33.61588708
29.83931895 32.55261089
28.2764454 34.54177986
25.61682015 34.87823231
27.23438501 32.22863812
27.77495901 34.59860696
27.42534242 34.64665591
28.07785746 33.86960162
28.53705141 32.83772572
25.7682288 34.99957887
28.93581532 30.00310542
26.17942708 33.45604478
26.18005799 33.42549465
26.59307808 30.74044819
26.72426331 30.10038235
25.32887318 31.99885344
27.77287714 33.42923666
29.997396 30.32350696
25.08661527 32.71784391
28.19243495 33.11630587
29.92238934 31.44473403
28.61250879 33.13098812
28.67670478 30.93350094
28.94763712 34.35438396
29.35907137 30.41967465
28.19028167 31.72411657
26.71168932 33.54091888
25.49241363 33.16218338
25.86777341 30.62328515
26.70357115 33.88298995
25.86171096 33.65634226
26.95133917 32.62933203
26.31030159 33.48647014
29.64958297 32.40800153
28.84608283 34.66062521
26.82396117 32.1873639
28.73057863 33.2376823
27.5970671 31.41105922
25.2295163 31.70196943
28.60227965 31.90395135
28.98643865 31.02984822
27.5781513 31.39046361
29.28781783 31.05139527
26.39023685 32.8649253
29.39678917 31.63763015
29.98148546 32.50621589
25.96084773 30.41935729
28.20587152 31.12015595
27.06412754 30.24695814
29.66357201 31.77866023
27.56339252 31.4693936
28.69406509 32.57457967
29.27433065 30.08046738
26.98215555 32.84927466
25.96770589 33.79677948
27.44605657 34.60930057
27.80234863 32.32713821
25.19514057 32.74539818
29.89959117 32.99487785
26.86757212 34.50839222
29.2183393 30.0213033
25.35246768 30.45675397
25.16574407 33.63275102
27.62202753 30.00527287
27.34762728 32.35716987
25.22062182 32.81247777
27.42499338 30.69521678
25.12285028 32.21799668
26.84575615 33.97557888
25.86240026 30.4116338
27.34025717 33.90050443
29.67391772 31.2577645
27.44460723 34.72480091
25.44326674 31.29755616
26.07944647 32.00730041
25.01203061 31.36558574
25.8175802 30.64885969
27.15054164 31.80231912
29.75316477 32.00934117
28.99709769 34.6240713
29.40815924 33.14874537
25.12627677 33.19005297
25.37086703 31.8716612
29.71797578 33.67797649
26.29837648 32.36862936
25.60907836 30.48694041
25.12204165 30.06827842
28.6263298 32.32576614
29.17568848 34.92534434
25.9808005 30.4490948
25.68223551 30.21838422
25.40096107 33.03558458
27.61806817 30.61312618
29.01290637 32.08623339
25.53826458 33.04770745
25.56365655 30.10524526
25.26995845 30.70294538
26.07149136 33.06800634
25.49018172 31.35228775
25.15643384 31.99958505
26.38455263 32.82372836
29.64398989 33.17157876
27.50554541 31.5210922
29.51081308 30.27090776
25.73090761 33.82688965
26.96846159 33.69917995
25.21956606 31.7850445
28.64947579 32.41380474
28.77923208 34.84454536
28.465621 31.87242167
28.47608453 30.59434833
26.59613371 32.75534589
27.64465517 31.98503976
27.21198919 30.16568646
26.68901537 34.24700592
25.02290719 34.86524698
29.36410154 31.23576652
25.88332677 34.09666055
25.58593757 33.34618087
29.37485805 32.50033907
26.04485281 34.5182181
26.21297353 32.89004472
29.67739814 30.18703685
26.02796858 30.24625937
27.95324219 34.546451
26.60740833 33.25420507
27.56466318 30.84193325
25.71803843 32.43488415
26.81066673 30.04414499
27.28117293 32.98175797
27.26911552 32.15372605
27.86051827 31.55280023
25.96637051 34.30623242
28.02410693 30.98243448
25.61544555 32.93590058
29.41004002 31.95237016
25.45236887 31.72924429
28.64092473 34.62445568
27.17206575 31.91098367
28.0255855 30.8820351
27.2350513 30.37940272
25.33303036 31.27257141
29.22807496 31.10181667
26.72621327 33.07192453
27.27693867 31.83775878
27.19414533 32.23894311
26.67220071 31.84223834
28.50481981 31.65601857
27.46273329 30.57585731
29.95717986 33.11409892
29.02690831 34.14106406
25.42681242 30.50360226
29.61463626 33.8699282
29.9074867 34.74490546
25.77030644 34.17920166
27.47491458 34.90174919
27.56288125 33.40125965
27.36747518 34.13912018
29.01253587 33.2420886
27.01429671 34.67293481
27.30474338 34.64908785
29.24399544 34.29995979
25.48516661 32.71429313
28.71795726 30.81120155
25.55378976 30.87845152
25.62279659 34.66066724
26.2688163 31.18943853
28.84034341 31.58709021
28.34256111 30.84453424
27.99909794 30.02002074
29.17604373 34.21231252
28.95176588 32.64805412
25.99134984 33.14520757
28.819948 34.2561079
26.02674877 34.52514698
27.72767023 30.75195233
27.02882242 31.41235651
28.95468812 30.29968478
25.82449354 31.2711252
29.18180275 31.61070549
29.90013706 33.13923909
27.72047938 33.183541
27.46090855 33.39143822
25.33477465 32.76397632
26.75617823 31.23268153
28.3981597 30.64138066
28.05381134 34.94958551
29.22859648 31.886123
29.23930683 31.80800419
28.02464128 30.56760737
28.77377846 32.71903116
25.75910634 31.4034697
26.74754767 31.13509753
29.64361217 34.92800766
29.44037654 31.16132115
29.72400982 32.36101497
26.98299085 32.0308514
27.8395136 31.52042606
28.88267221 30.30110348
28.30819358 33.36868652
29.68626058 33.41620114
28.93544509 32.35828298
28.60434574 33.79059486
25.57280995 31.5607917
27.68859958 32.23213935
28.19956237 30.29267138
29.35325243 30.58823265
26.00987813 34.20572669
25.80929794 31.03346817
26.41220696 33.48690524
25.27923788 34.93646293
27.81579071 32.64117136
26.34766505 33.70230292
27.08955473 32.00474387
29.76585524 30.09251724
25.02378469 34.29924906
27.7950227 34.15186661
25.04307288 33.30650762
29.26962039 31.31357722
29.08374435 31.08838203
29.80379542 30.42261204
25.66113978 33.19761718
26.23937578 34.54776044
27.32032289 31.61769525
26.19386829 30.05328267
26.97009686 34.20372696
26.37426938 33.93118528
29.15703676 34.81076316
27.03758677 32.65307767
29.55474981 33.88640333
28.19248143 32.14113379
29.26141425 31.46714676
27.47257849 33.64393183
27.78027368 33.17522337
25.88035975 31.97039045
27.9979447 32.5201314
27.87702446 34.56907806
28.20825951 33.81949706
27.80483425 31.69606736
28.87785888 32.14609819
25.38345202 33.35427512
29.11866306 30.27367752
26.07260365 33.29088655
29.60071702 34.67649204
25.03624553 33.57544184
26.36537649 34.05587454
25.21517494 33.72652389
29.80551211 32.31056427
27.9785782 33.77896815
26.46721588 34.64968905
26.76083095 32.79648423
26.79838109 31.80342129
26.92542122 32.70535318
28.02318197 32.34241894
29.27328208 33.66510858
26.68309886 34.05212414
29.09667871 33.74530956
26.64300037 33.36280409
25.45178622 30.04604553
26.45443635 33.88545308
27.05879748 31.17376143
28.08462468 34.45821961
29.01161456 34.23955388
27.02092125 30.34677824
26.03869634 32.72155344
29.14214018 33.09279013
25.6938958 30.2738479
27.56065341 33.51134568
29.71945903 34.71641001
25.06706185 33.59934913
26.72418185 34.22242448
29.90623041 33.07578371
26.8489471 33.2621121
28.42906146 30.5854372
25.6487153 30.1760466
26.02146038 32.57090842
28.65207975 31.08033228
25.90792859 30.07549262
28.1470314 32.72512847
29.05833864 33.72352776
27.13063029 32.19460746
28.63733445 33.11150855
26.9482219 30.14929945
28.51656268 32.16611859
29.08779067 34.39335949
28.69581463 34.14871758
28.58074318 33.68718989
27.66348575 31.84301841
28.01558305 34.26923092
28.01476059 33.7443614
27.24871354 33.42796316
26.52731426 32.3754109
29.26037668 30.33408939
26.47319554 34.86949066
27.42185876 34.8051047
25.88326909 32.77535142
29.70639588 34.10065341
27.74406391 33.98846513
25.75986247 32.39805037
25.046748 30.44558622
28.99653534 32.01329527
26.35895432 34.37460038
25.82998575 34.00038491
29.79495557 30.97335552
27.77266723 34.97675955
25.59536014 30.51490057
28.3484484 34.77822836
29.03799934 30.88145225
27.87424457 30.07839265
26.48767111 31.41188401
29.99804081 30.91479012
29.13537134 33.26407571
27.38192341 31.72311287
29.80003138 30.06686509
28.71525404 31.74722629
25.59689264 30.28763928
27.00725415 31.287808
27.44069868 31.64335086
26.41902534 34.96453039
27.1063741 32.49245889
25.80955007 30.26561219
26.17619819 30.86946583
29.26230322 31.38768752
25.76161814 34.29141685
28.85458381 32.19350642
28.83360378 34.42681374
28.49574391 30.2970218
25.67766966 32.77476929
26.81108905 34.56193936
29.28171762 31.87141851
26.08033411 31.91686349
27.2556067 32.42285209
25.75031892 33.54100189
26.14160101 32.32220724
26.24553366 30.05527432
26.19984423 30.9703819
27.55211316 31.90073541
28.24699778 30.01148764
28.27412688 30.48190144
27.80215163 33.41984834
26.29770704 31.88888349
27.98785538 33.71618805
29.70262065 31.06177295
29.83072474 30.22219593
28.2183505 32.52953938
25.84992839 34.86211512
27.26975542 34.45415694
25.2924474 34.21570967
27.47184128 30.48002412
29.48261353 30.36400757
29.3266678 30.09426612
25.48696684 32.72695868
26.50351916 33.90802754
29.90041092 34.00387095
26.08046619 34.02049603
25.25996755 33.18726281
26.08915374 31.59049608
25.89879004 30.16489164
26.87697255 30.42120959
27.76067025 30.15156923
27.23864228 33.06677514
28.7121683 32.03037426
26.85611194 34.95442312
28.5434996 32.23813478
29.15195186 32.84854074
25.20937843 31.52824756
29.50376677 33.85769247
29.99612585 34.43488883
25.61488486 32.92781103
29.18541435 30.28241685
27.48114597 31.20199825
26.70509452 34.61390827
26.35704824 33.6199244
29.94036477 31.43660497
26.47565288 31.38850804
25.10796639 32.42346447
28.65801391 34.75961726
25.41768728 31.60772997
25.06317696 32.80321617
25.01690504 31.58010115
26.3319047 33.19143605
28.17891809 32.17888373
27.796519 30.79221858
28.73062178 33.32982537
26.12061689 30.53380022
26.58031702 30.57589601
28.9063199 32.68692061
27.79773909 34.13623274
28.45048414 31.9134006
28.18896452 30.91095889
26.86026173 34.81968944
25.18549013 32.38152017
28.77274377 31.46359024
29.2380824 34.58478808
25.23441269 31.05382789
26.05577238 33.89309838
29.38867752 32.75766476
26.72862319 33.06532799
27.23277254 33.84031632
26.7082785 32.01807811
29.33527995 31.77365132
25.50765002 31.755157
29.01313526 32.39690457
29.35722917 32.10934694
29.93695436 31.40449398
28.5967237 33.12059807
26.81431463 34.0337142
27.05015234 33.37811995
28.9117658 34.23592245
27.46714581 33.29638256
29.08198864 33.8096178
25.3034983 32.60530156
27.67154914 32.60456034
25.40100977 30.09589748
27.01800885 33.44845824
28.65407351 33.58795119
27.19806963 32.92859729
28.56779038 31.88309902
29.13988224 31.46593296
26.43102301 32.44275816
27.36670061 31.17479752
29.59760213 34.04656738
25.38841537 34.41373025
28.1229804 34.09573524
25.86231531 30.26313585
27.65597315 34.08511681
28.4404635 30.38610556
27.85350172 32.05304586
28.27341235 31.84278326
29.35462896 31.17870091
28.46854305 33.35849933
26.51748258 30.00836938
29.57491151 34.01458633
28.11445844 30.44336504
25.93787025 33.73555644
29.11291942 32.78526105
25.5911027 30.36076316
25.16610499 34.18942811
26.3621494 30.22575056
25.13597123 33.61381806
29.99684266 30.74504497
25.81537782 31.35480158
29.84129421 34.16025382
26.10788238 33.03437004
28.84812816 32.57027668
27.72921442 31.0525801
27.52688123 32.34069091
28.36487233 30.47156421
29.86895757 32.88156206
27.12257503 31.80772911
26.74478456 31.33981722
25.16528035 32.64558707
27.33296105 34.14386832
29.92140689 34.77424071
29.8748201 31.90002054
26.98123809 34.68561045
26.25426476 33.02193042
26.02316207 30.28046215
27.1911197 32.44027267
28.51585963 34.49725784
28.37299094 31.81696874
28.18826166 33.34002297
29.49488172 32.35317157
29.09996035 34.01813271
29.45062977 31.53062985
29.102957 34.47480542
29.90613827 31.85915256
25.88704369 32.57550211
29.84016719 33.02379412
29.65380539 34.28430155
25.74423325 31.90059087
29.01963553 33.92057499
27.65231666 34.41204629
25.35676792 33.20553988
29.92225104 33.25578171
29.33808206 33.49023734
26.80099142 34.9087183
25.6256024 33.0862455
29.5176069 34.2643518
29.2253819 31.42322626
25.2711406 30.85072553
27.97656609 30.14466307
28.99143294 34.07979372
25.62755956 31.61223368
26.67747128 31.99025867
27.96717209 30.85393518
29.13226067 34.80286438
28.50704407 31.62209651
25.0947149 31.66835885
28.79178682 33.74493632
29.77196916 30.99378794
28.20291877 30.95718993
26.78922969 32.67177656
27.41242513 30.2600648
27.13489305 34.51475172
26.25150139 32.72037425
27.80177235 30.76476851
28.37507255 32.55008181
27.2288099 31.19097262
27.19670169 33.51790907
26.74271513 32.2926784
29.17545437 31.10076182
29.58265978 30.48618121
26.13337828 33.97945161
26.70554852 33.63136417
28.64255832 33.66546028
25.76499044 30.12821167
25.91381612 34.37437928
25.35668264 33.47996151
27.49044888 30.51353663
29.1905723 31.19841743
29.84108765 33.28510036
27.24629205 31.15514829
29.30350414 31.38173777
28.26346515 34.28616373
26.37287749 30.90031511
28.34233154 32.97138968
27.79286381 32.27988291
28.95506746 31.50370678
25.8618353 31.87136784
29.24232937 34.12656431
26.69408484 34.73359072
26.06471837 30.69401101
27.85793855 31.06923042
27.87271754 31.72548837
25.51140923 33.49146419
27.73720526 34.86988795
28.13751813 32.68827084
26.02367783 34.81516278
28.26193992 31.89521163
27.56774555 33.23533391
27.69145118 33.910835
27.35361798 33.82386976
27.11996673 31.21706963
26.90752431 31.27787843
25.7198769 34.23852545
27.67335217 31.51113105
28.42556537 34.82078977
26.54722702 34.0336857
27.59710426 34.53628686
26.78686787 31.46440855
25.44451065 31.07054816
26.42175074 32.21554489
27.36081614 34.32307034
29.65104664 30.78781975
27.27689565 33.28012869
27.67767988 31.41491351
25.66146703 31.96305772
29.67240033 32.2984619
25.68605412 33.89861746
28.90731959 34.05864385
28.36564176 34.30213373
25.56785536 31.28060611
25.24489411 32.84597366
29.16479341 31.51612635
27.8990667 32.1585949
29.94968995 34.68754589
29.0062195 30.60673368
27.63255763 32.06568029
28.38202353 30.53604519
25.22562676 33.56853712
29.38232683 30.37814297
28.28343846 30.61091451
25.4868036 33.4935939
26.1085048 30.9401927
29.21196669 31.52934431
26.87270274 34.67240674
29.68358629 32.42835817
29.58305224 33.067572
29.97936372 31.11404953
27.36271486 32.35008032
28.98394954 34.51618604
25.23731916 31.17810138
25.62707571 32.70226783
27.56060437 33.87503468
29.28551171 34.11274094
29.60133614 30.77911554
28.98430191 34.60192274
28.77518836 30.46896771
27.42093575 31.64935536
27.52430525 34.92278866
27.64413891 34.00919597
28.10275267 31.90686165
27.29840421 30.61292362
28.92640107 33.12152008
28.53146428 34.00150979
29.8821089 33.05908768
26.62744754 30.28235828
25.02041508 31.56119489
26.66393303 32.90664559
25.26003183 32.58846822
25.65198566 32.66920185
26.84828252 30.99781859
28.86025854 31.7988819
28.34069364 33.84631347
28.52027068 32.60069648
29.3195173 34.82378701
25.70360312 33.04028789
27.88242022 33.02476326
28.27511933 32.44648266
29.07800412 32.92593658
29.07911537 34.45168244
25.65622244 31.85191175
25.58154264 33.61919642
29.93643396 31.4097731
29.07189388 30.19082291
28.3543817 33.50105358
28.52846216 34.28612952
26.59221586 34.28986825
29.27332036 31.94785669
26.77032481 34.52052658
29.04332457 30.7964614
25.43866764 34.43600866
27.46449737 30.59827156
28.1770979 31.80469145
28.45139933 33.60631152
25.08397291 31.54896208
27.01957623 31.66622947
26.75731571 31.73472667
28.38321455 33.97205406
29.31245773 32.80303949
29.2429706 34.21386596
28.12286886 30.26173319
27.71643557 31.145249
28.06316394 34.37766151
29.76140629 30.33141232
25.34846054 33.56281517
28.10904046 32.10871331
27.21697667 32.47611318
26.14238057 31.87651953
28.27926796 31.26844791
28.72486599 34.57606713
29.46087158 30.10811725
25.59647903 32.18447378
28.08307671 32.25678245
27.77889731 34.44428566
26.39044844 30.46774313
28.92991632 34.13206973
29.31586925 32.93457219
26.72326601 33.27842974
27.19446163 30.04643866
28.44934374 33.48519468
27.48898484 31.4236966
28.99463456 34.41522905
28.48068675 30.33953299
27.50867835 32.45483525
28.5670058 33.2181603
29.33152793 32.16284345
25.42434521 31.88795234
25.72639367 34.69588031
26.60243747 30.86789177
29.9118755 33.17721938
28.21330317 32.11766592
29.39323152 32.41462894
28.3919234 33.00658703
26.01089344 31.73231229
26.72093278 34.59750161
29.87895565 33.45721826
28.80764236 31.91773523
29.7870845 30.54059775
29.7806415 33.27152122
29.08289713 34.10470102
26.29452194 34.65707135
27.38055873 30.82335165
29.3361443 34.34344156
25.25899639 30.1166761
29.86124731 32.32077618
26.09814313 31.45144462
26.53080831 33.15655523
27.08755081 30.70578402
25.93472191 31.89711398
28.92081169 32.19188795
27.86991697 31.27504159
26.78231639 33.72170761
29.56723953 31.0047472
28.71324234 30.4620769
28.50094307 31.58593365
25.47467021 32.42411515
25.35432675 34.64199164
28.34447552 34.47387706
29.4630592 34.14706232
26.14391667 32.00200581
26.45949253 33.81109924
29.33966888 30.2480394
26.57406953 32.29904824
25.82840787 30.76607973
27.10815943 31.53361815
28.00125626 32.30235844
29.15495656 31.44555052
26.3078012 34.61330317
25.71888005 32.64235739
26.5756115 33.12584309
27.49160218 31.31490718
26.48427575 34.8808413
25.81513938 32.46897735
28.48250551 33.05705452
25.31152565 30.25631106
26.30309125 30.06590707
29.29372626 30.92672353
29.64472148 33.00342742
25.21865818 33.97639615
26.77318182 31.52585856
27.38200003 33.21483329
27.29586113 31.41598335
25.21370424 33.1351551
28.75748891 34.6275637
27.0270102 32.16154257
29.04667668 34.35525405
28.66929703 32.46668361
28.22623666 30.24085118
25.62338111 30.1450535
26.59243166 31.09324043
25.24155972 31.93363043
27.85579144 31.75197529
26.5722532 31.54853734
27.54373399 32.51534689
28.67622042 32.00953167
26.8101119 30.3400244
28.32830139 30.05204627
28.77278598 30.24901421
25.24832919 30.52060827
25.81858185 30.8217742
29.42050528 33.21413235
26.53407271 34.97381821
26.74658349 31.50151088
25.6785062 33.00207753
29.56732104 34.07970178
25.78840771 32.35428029
28.83533418 30.56842589
29.58490006 32.57875887
29.52526002 34.54245979
27.12271845 32.42527277
25.57665953 30.20865695
25.84958335 30.35086092
27.32711432 31.16338657
26.70848018 30.41582611
25.93946422 31.9517847
28.14929749 30.66867963
26.55246256 30.34916833
25.41027435 32.98517097
29.05740345 33.15873952
27.38102158 32.73300647
25.32972988 31.0747582
29.72558065 33.40137588
25.77351774 31.84784366
25.01688865 32.45461279
26.21152505 34.77254236
27.42812468 34.94300675
29.27645521 30.51379769
29.07078488 33.93414594
25.24997124 32.14276105
27.23307957 30.89664281
26.81510092 33.16841746
29.28506288 33.26470821
27.04816796 32.32685536
26.49473949 30.31441178
27.54532811 32.05629715
29.16389982 31.22674254
27.2892676 32.28603567
29.41898349 30.80864182
25.73072081 30.0059199
25.76266064 31.82704786
28.83412804 33.1156376
28.92036701 32.69396894
28.40419606 32.76659237
27.24777221 33.54003426
28.80893383 31.24773793
27.56847113 34.59735236
28.68281808 33.47797
29.89695608 34.50125854
26.23683165 33.96399667
25.17593785 33.30244996
28.94546919 30.64213892
25.38428643 32.16888303
27.77660012 33.27902001
27.44280565 30.77147369
27.32919733 33.99439432
25.93197018 30.72838938
25.00611671 32.64408105
28.94075559 32.34817191
27.31631745 33.95789694
26.8496978 33.90838883
25.68465495 33.17114138
28.17635142 33.3003017
25.15037428 34.13385477
27.03500277 32.18214419
26.59873309 33.46163342
26.09522532 31.32599982
29.06833368 31.70045581
28.67391119 33.54605594
27.14962928 34.8512124
25.8881327 33.22816355
28.65703466 30.08116047
29.5139522 32.71446825
25.36273813 31.3686125
29.54547328 34.35992013
25.01702104 33.53820647
27.48619036 31.29539317
27.03306306 31.24900336
27.33632599 33.86524126
29.85852934 31.1462254
26.5319258 34.30385923
25.29256011 30.75987156
29.90834737 32.91770987
28.91815691 34.14534597
26.97590453 32.55069961
27.58586985 30.22417813
26.54119774 31.86452508
28.54528304 33.11091227
29.69138624 34.2109759
26.84610942 32.63458186
28.59146586 30.26037255
26.25630822 31.10376663
27.19781997 32.90501649
28.0976843 30.14274216
29.38513185 34.99701327
28.50935998 32.91483239
25.16885736 30.87201732
25.0765959 30.70927636
29.85174971 34.31831617
28.43780964 34.08101675
29.71523273 30.4710743
26.29445998 30.43691932
28.08460785 32.15970811
26.59847305 34.5774935
28.40843713 33.58859493
27.81184529 32.99167718
28.68256571 30.65454013
29.01183676 30.91103705
26.05939574 30.58306848
29.82694313 32.67557678
25.62488961 31.56940793
28.8776393 30.10752869
28.11855747 32.0445229
29.83954899 34.40843697
25.66061722 34.90338371
25.55280464 34.13948933
28.7778888 33.69468215
25.89762972 33.26205384
29.91395485 31.35418
27.14884152 30.38453819
25.47738839 34.83544234
25.52789399 30.87542125
25.042317 31.19332111
29.59956197 32.39893454
28.6669489 30.09616274
25.89692619 30.54964853
28.99999275 31.81860998
28.05619519 34.84552187
27.80856177 32.26063353
27.12863377 34.95966729
25.56853267 33.29812548
29.56514097 34.60637761
26.40510423 33.62059598
28.55227374 33.49651904
25.97051052 30.59837782
26.69599915 31.90008039
25.13791931 30.71916589
28.54065064 33.29051002
29.54562869 32.55682372
28.3125026 33.86637084
28.25487269 31.77903947
29.48372042 33.90096839
29.30473472 32.94325916
26.96325379 31.85126031
26.18669947 30.78402128
26.41437403 32.89200409
25.1430034 32.82172337
26.3082266 31.67221298
26.11335532 30.00929977
25.57844656 34.23512538
27.10507562 34.53184326
28.12309655 31.35667159
26.98627515 30.87767058
29.4092471 31.53993508
28.71460089 30.0386082
29.30164537 31.37948426
26.08109011 32.20887704
25.50200627 34.26502083
29.87456312 32.58226825
29.58282276 34.0529686
27.56856028 34.72203159
26.8301128 31.16606621
26.40838417 30.39902024
27.29471085 32.79430214
25.99969356 33.38880793
27.97999962 31.5520592
27.97124179 32.58352341
25.87199457 32.0988323
28.25724735 34.70248766
28.28698399 34.13969533
26.46236204 33.84647292
25.10244042 34.89074858
26.28922473 33.29864705
29.60682675 31.27391785
27.91531765 34.73465014
27.74460728 32.22598076
28.44786348 32.9805691
26.10295901 34.3331737
25.6430584 32.00146085
26.36194372 30.75038413
27.01002823 33.91832118
28.63132203 31.76147062
29.42195532 34.69854756
28.57226372 31.17347164
26.27074116 34.88305113
28.24252952 34.19435164
28.73447406 33.37935933
25.35264388 30.39192265
26.97592198 31.574539
27.83469679 30.06193219
27.32528883 32.69923679
29.50725455 30.94854589
26.0168672 34.56954255
29.95225648 30.29091117
26.58199933 33.11337571
28.56551839 33.3696922
28.784888 33.68170893
28.81222731 32.24524265
25.79121774 33.1789225
27.84011619 31.56031455
25.23488001 31.23666916
29.03946267 32.23554287
29.81315795 31.12328766
29.15911189 32.03897842
27.30561621 31.73975685
25.95884449 30.90664452
25.42731918 32.76348589
25.83927492 31.08786006
27.56692767 30.22350734
26.57373389 30.28560529
28.34537025 34.0568406
28.90300252 30.5372921
26.46143882 33.0782335
25.19073145 33.08574752
27.87784962 33.36803281
27.14057653 30.09521871
25.92465368 34.14048849
28.09144377 33.29160443
28.70816586 34.75257786
25.58592372 32.49741507
25.05599012 30.97527433
25.47422631 32.43848949
27.96839074 34.81125652
26.8181978 33.38607075
27.91266707 34.55563097
28.94837242 30.14624205
25.16109426 34.39732219
27.30138885 31.93035634
29.75529459 30.39528406
25.47204339 33.85109054
28.10954398 30.84066154
26.07917153 34.04586207
25.56368647 31.91226256
28.90275459 31.28268778
28.20126194 32.69667084
28.81617877 30.0030181
26.7808562 32.52837987
26.79043473 33.80712399
28.76702941 31.8888527
26.50105528 31.56222641
27.47169704 32.63221584
25.14600165 31.50785028
25.46263621 32.59228591
27.74320506 34.4790111
26.53820457 33.39190401
26.92197355 32.88434364
27.81565581 31.65878421
29.04356775 34.97482722
29.22312858 33.69885262
27.70346073 31.71078739
26.16017651 34.99324633
27.14927113 34.62293046
29.60920821 33.71822825
26.60243268 33.59411292
29.58274302 34.86691864
29.16166357 33.95539956
26.82953678 32.32664316
28.70317944 32.11548951
27.51124727 31.97665205
28.24536911 30.07611557
26.80380861 34.38764134
26.72363021 33.74034348
26.43221824 31.67547051
26.19781831 34.82328495
25.93631447 34.4249085
28.96168342 33.56485355
28.86858808 30.95387756
27.44301977 30.8982557
27.58622981 32.38952326
26.40106892 30.03711177
26.27312819 32.01593149
27.78720265 32.93670015
27.86239095 31.50006765
25.81300881 34.98001442
28.46025753 33.18677581
29.52283846 31.36413142
