3.15605288 3.73569787
2.23817627 2.593156
2.37376036 3.08673329
4.22245651 2.71928779
3.91867743 1.81580722
2.45155866 2.02837474
2.36205511 2.83985042
3.19643449 4.17281409
2.43475792 3.0991998
2.62664643 4.52767227
2.3079179 2.1493792
3.90197141 2.4989613
2.65131402 4.65446834
4.50616327 3.69461713
1.24064513 4.68862419
1.55903206 2.85975752
1.43219019 4.4899865
1.41658458 3.75429713
2.44818167 2.11624736
3.44993537 4.47419539
3.60055057 4.92499463
3.62873392 4.43441208
4.42237547 2.10155754
4.28762066 3.86520921
3.91223787 2.46813018
2.339546 4.30500643
4.38794215 2.9065541
4.2811459 3.02748582
2.54845366 2.49774962
3.84487029 2.47975582
1.09336636 4.44093686
3.63208507 3.81140026
3.72560051 4.1743752
4.3798876 4.93923213
2.38136742 4.4588631
1.59588389 3.29695584
2.83582476 3.74267388
1.70074998 2.98176171
1.77543389 2.98317271
4.66558926 4.67473995
2.31854497 1.85400553
2.90647614 1.8169464
1.88860531 3.73830056
1.7687124 3.05653798
3.17147468 3.66097429
4.22392264 3.28163892
2.8424339 1.61934173
1.73184821 2.22899033
4.89823178 2.06071016
2.19143839 4.08994233
4.14193058 3.49999158
2.29774647 3.20280545
1.05595396 3.33360978
2.23714725 2.3538214
2.72565162 4.69330169
4.93810706 2.10956271
1.06433748 1.78539332
3.56040112 2.24928341
2.39572132 2.91897828
1.6225209 4.6248379
3.76656158 4.64649751
4.35698095 3.1330491
2.37377152 4.74383883
2.19138941 2.18536583
4.92065697 3.84929393
1.33991898 4.06300916
4.27279379 2.20298236
1.10743856 1.5469385
1.3363996 3.45173471
1.480852 1.15010721
1.88594387 4.02517414
1.53706621 3.02944075
3.98544923 2.34551228
1.60926706 2.59183535
4.22023662 3.25739595
3.87339565 4.89808758
1.67944044 3.08700596
2.42570625 3.40978631
4.45655588 4.09302618
4.80355735 1.10923164
4.52329884 2.67711814
1.64699062 1.81041964
4.16695387 3.19401316
1.7594346 3.11372989
1.2510004 1.41553346
4.41163794 2.32207939
4.74977469 4.07615629
4.65973372 1.02595216
1.67446276 3.51876911
2.47509927 2.00581304
1.74560684 3.74761076
4.91840771 3.21476953
3.40332418 3.95457069
3.44506891 1.01054383
3.16091226 1.62145751
4.53486976 1.82884447
2.68523556 4.9219815
2.90330662 2.59280835
1.65267931 2.7256229
3.36622969 1.57673707
1.67189815 1.37231546
1.55191004 2.74271359
1.7153596 3.52565481
2.28061319 1.27756593
3.96186467 4.65575252
2.52503351 1.6407319
2.03885604 1.76635163
2.60157231 3.49827302
4.33552384 2.94737546
2.30165788 3.27425981
3.1651372 2.07938825
2.24967763 3.94770096
2.08424277 4.45921886
4.34423536 2.86908255
1.29078491 2.43382638
3.38985988 3.78813226
3.44583229 4.08995004
1.47328967 2.85459477
3.5030129 4.95678854
1.23475503 4.70162086
1.62619165 2.44077996
3.80586124 1.51825099
1.08170903 2.1207813
4.12563917 2.83415755
3.58849862 1.52262779
1.74858259 4.95128599
3.62039908 3.8263999
4.00694237 2.77526124
4.57417627 2.14756373
4.71070979 1.82082758
2.61514372 1.13583525
4.68088004 2.10483416
1.50164151 3.57800814
4.65163851 1.81102728
4.24683111 4.32651439
1.34700573 3.11701895
2.84832843 2.49767634
3.81298861 2.24294607
3.77899593 2.11719043
4.86909566 3.96337785
3.75511753 3.60914675
1.70316255 3.09830315
1.08154032 4.19267316
1.27580215 3.32453181
1.78107422 3.56240841
4.69230511 4.13331811
2.38457315 1.35707841
1.82657895 3.93321338
2.11227175 1.28057706
2.94521613 3.15070595
2.68786161 4.79265216
2.24681786 2.51065617
4.53448766 3.52835923
4.9898327 3.59757833
3.02976985 1.62655648
3.78961258 2.71562519
1.30838785 4.84238717
1.23744312 3.49338906
4.43572594 2.41852857
1.03433482 3.94998437
1.93369908 2.96948083
4.33005025 4.53552206
3.55436957 4.64098836
3.89533817 3.10753893
1.00690715 2.9267557
4.81720529 3.70861281
3.5328083 2.79352427
2.29071898 2.59657076
4.59571 3.23698374
3.17668532 4.42249841
2.48883138 2.01259697
3.1268701 1.20627103
2.27447942 1.48344835
4.43957934 4.81756976
4.43884225 1.71813021
2.27440653 2.08937019
3.25794742 2.84452969
2.90697766 4.54664545
2.93840926 4.75251447
1.56791368 1.30479617
2.5893765 3.55631599
2.76433731 3.92007506
2.58818675 3.83101847
4.0518494 4.44483652
1.86245448 3.6780157
3.33443679 3.62735555
2.73803402 3.0218549
4.5389228 2.47839148
4.97413343 4.50846742
1.30965829 2.28540968
3.95705317 4.88162574
3.40375657 3.09701027
2.24972669 4.42065458
4.9937781 2.17914925
2.48338396 4.97574092
3.4383801 1.00073304
3.56979586 1.62718742
4.78258243 3.5560586
2.30702605 3.31673212
3.44221214 1.6972518
9.98133737 8.29535877
7.66259371 8.83990919
7.53294672 6.27602466
7.86819576 8.84543111
9.57387281 9.62811757
6.6246608 6.49830851
8.28638487 9.87738691
9.54324288 7.01071919
6.41446014 9.63549497
8.02639222 9.86964209
9.75969771 8.9717023
7.80234236 8.89177525
6.7908025 9.72276135
8.30377706 9.06501421
7.33153471 6.96332875
8.12890486 8.43029983
9.59955835 6.9329874
8.03279364 6.14897946
9.84652837 7.61877924
8.87098528 9.56432504
7.35819729 6.57091274
9.35139877 6.4319362
6.53561641 6.8546845
7.27814497 6.82188511
7.68449125 7.40580074
8.97833476 7.74328908
6.62304899 8.00342294
9.64899616 6.82412326
9.79420627 6.04711673
6.10425026 7.99710474
6.97283764 6.28565135
7.78048172 8.95422674
6.29004755 9.71130474
9.50351408 7.9710598
9.45820328 6.81761043
6.19778761 7.56257323
7.49365397 6.14381203
7.19077699 8.50447719
6.27893455 6.86959782
7.55949719 7.92111574
7.75929487 7.73102335
7.63875748 7.77281897
8.54848347 7.41917983
6.93900432 9.45234977
8.87454423 8.06070348
9.89972743 6.76788097
6.47465953 8.81418076
8.23506134 8.27093615
7.83209504 9.36697257
7.97143255 7.1142513
9.53781778 7.01550455
6.44234249 7.18594154
7.33287236 6.09516491
8.44271589 7.21487915
7.11366535 9.51463138
8.4426356 7.89111735
7.976182 7.52490182
6.63106996 8.66562067
7.12941282 7.09703932
7.0230353 8.22312477
9.20597824 9.89854583
8.14489229 6.4614947
7.97760454 8.97332282
8.90624004 7.37984837
6.38805585 7.34507252
6.39567087 6.25239463
7.07719887 8.94458745
8.14036515 9.0366142
8.35137799 6.06720614
9.77102496 6.29306085
8.54659947 6.84482431
8.13611806 7.86122234
6.00563622 8.84404436
8.84055293 8.80878915
7.68812481 9.48480507
8.97032895 7.84759357
8.19561671 7.19425759
8.50450692 6.43441513
9.30965713 8.40542188
6.92271615 9.77755966
9.36938155 7.98886191
8.93272968 7.17706234
7.17747565 9.88608288
8.79428068 7.74431365
9.79791378 9.09740026
7.7006955 9.96086446
7.86714396 7.06031472
6.3871505 8.97778354
6.70102807 6.57678849
8.97401513 9.72188012
7.07326783 7.75376556
6.21851695 8.4115193
9.26233569 9.93736923
9.25834186 8.56453306
7.62970158 7.87299846
7.18681673 8.72519897
9.84853975 8.65657413
6.03497593 7.5829253
9.87352254 7.42969381
7.82199865 9.24082932
7.29926547 6.62765432
8.97458711 8.19534485
7.90834348 8.78164747
7.92851138 6.01908838
7.51485852 8.02732596
8.60875911 8.87337256
7.84180324 8.18623232
6.60250554 7.30489314
7.53686521 7.77572551
8.47481243 9.00722392
8.49285372 8.32361722
9.98016463 6.74375528
6.95538462 8.63146758
7.87055165 8.85678742
8.76191075 9.84473634
7.97891555 9.29701881
9.34558175 7.86491489
9.28258577 8.18993659
6.5795686 6.06748877
9.28429454 8.42662841
6.67245048 7.7988271
7.55963689 6.83893887
8.21325546 9.1989621
7.58230087 9.18128795
8.94554039 6.42519395
9.80050126 9.39541995
6.30356079 8.81503353
8.91414996 8.01883818
6.86066088 6.19893512
8.1713173 9.77259317
9.92525033 7.58379106
9.17261461 9.3122724
6.02975857 9.72564261
6.10098674 6.44675603
7.12003776 9.61089012
7.27375441 7.91635813
6.92651918 8.79962166
8.42806882 9.35449588
8.27642166 8.4250682
6.76063751 8.24291205
7.48295415 9.64379419
9.32965244 8.58361204
9.69094029 8.27520288
8.44592757 6.80665012
7.75439169 8.69409688
7.01513601 8.00523928
7.25384493 6.5261701
6.59486506 8.25158556
9.0320838 8.35188173
6.80803858 8.62057864
7.94942732 6.22866153
6.60702747 8.90123901
7.08984105 6.92986999
7.37542638 7.1140259
7.08218439 9.93871713
6.01703297 7.92797089
7.46921196 7.83296723
8.50641356 8.08875082
9.29657486 7.54075162
9.72198245 9.72799889
9.12702765 8.55257398
6.14505281 6.60604011
9.278325 8.62547481
6.03155995 7.737549
7.09893129 9.77926589
8.41810795 9.07718697
6.54700724 6.11113755
6.84126668 8.11184208
7.44747644 6.0756519
7.34693961 6.58403751
7.45628925 6.01215662
8.25160466 8.58053038
7.06913721 6.25886824
9.69555764 9.56013726
8.29504503 6.35682191
9.77278267 9.41299331
9.89010769 6.65191642
6.48678071 9.90015025
7.11652186 7.51643326
6.68650678 8.68638613
8.42177063 8.08425159
7.45731286 6.79306101
6.06253778 6.71677091
9.52432013 9.97974303
6.23833853 8.29630863
8.45230244 9.53899865
6.33210078 7.43425305
8.46731069 6.65146072
8.05848561 6.93856963
6.27897719 7.65087962
9.29665153 7.06782498
9.58109314 7.16703717
6.51538003 7.79167875
6.41041774 6.344425
8.76358346 6.37060915
9.89584383 8.24215658
6.60618019 7.26923132
9.587148 8.60403949
7.9924523 7.49427649
8.44094919 8.21461246
-3.36585261 4.70515436
-2.90567785 3.67790669
-2.23502762 4.99809419
-4.30909109 1.59750033
-1.08687153 3.27597708
-2.01777783 1.50228742
-4.57351468 4.94031874
-3.82415026 1.7580698
-1.54297238 4.77144202
-4.30513615 3.25744565
-3.37823049 4.10082601
-3.18793218 4.51700315
-2.61509786 1.50035023
-4.4698541 2.19141853
-1.66506764 2.66966113
-1.39156007 1.903876
-4.30985865 4.68545672
-4.50982528 3.62246554
-4.07646867 3.9561576
-4.15398751 4.78961989
-2.36184492 4.48341552
-2.85567365 4.34960277
-2.53415118 2.03873237
-2.2894074 1.73712687
-1.49080825 4.99938524
-1.45522434 4.45974688
-3.37975167 3.87930083
-4.28799197 4.0395248
-2.44987296 4.43578753
-1.68569172 2.69512389
-3.03178025 3.32173149
-3.83280567 4.59820426
-3.92248263 3.78002341
-4.80300734 1.07745581
-1.30385041 3.87742085
-4.98211501 3.72381985
-1.90121976 4.78630005
-3.02873467 2.7737999
-2.25383652 4.89876022
-1.71454442 3.65655245
-1.63975787 3.36391514
-1.79767454 1.15920737
-2.86403922 2.45004673
-2.99430467 3.70744188
-1.91719359 1.06644661
-4.70469376 3.42933588
-4.73227044 2.5677867
-4.47998478 4.06992154
-1.46960906 2.37703723
-1.03816664 1.73425541
-2.23146858 1.04739712
-1.26614848 1.94249854
-1.56045012 2.17455734
-1.40910666 2.73252095
-3.21797419 1.27301626
-1.5380886 1.70909099
-3.64828366 1.76251772
-3.11223431 2.85030043
-2.93053965 3.49203106
-3.29116167 1.00748661
-4.56660602 4.48198818
-4.75156885 1.24853018
-4.57591379 3.51493483
-1.16346859 4.85940718
-3.61590482 4.42163862
-1.17484591 1.22160698
-1.96037558 1.45500088
-2.90432984 1.6827204
-1.93204733 2.7751177
-3.49830461 4.09750682
-1.14818019 4.78368456
-3.89700304 3.50463207
-2.58405038 1.86986559
-3.10884907 2.98214442
-4.31069316 4.73391456
-3.42532392 4.29824861
-2.70246924 3.37457154
-3.15282416 4.78774488
-1.94681165 3.31015177
-1.15933604 2.81940541
-3.23311827 3.49119611
-2.27432439 4.76541627
-4.7386194 1.47289668
-1.27181487 1.56685055
-3.90987441 4.61110645
-1.87915264 2.78711292
-4.4326397 3.11306319
-1.14930049 2.52764596
-4.45261973 4.35229159
-3.93319421 2.01349475
-1.82153161 1.22572643
-1.70499132 4.94886202
-1.46776317 3.82036893
-1.64787733 3.70718287
-4.10502342 2.48110441
-1.4022075 4.78839078
-4.77323056 2.06683844
-3.6188172 1.24908645
-2.51906573 2.13740688
-1.92446792 1.4691904
-1.22582905 3.55979191
-3.23966235 4.14440701
-4.56950806 3.17863086
-4.5909113 4.27709354
-4.85901025 4.08226925
-3.42912962 3.70960964
-1.83118731 2.37951885
-2.58229189 3.53986985
-1.07247335 1.8726542
-2.82799074 3.90216293
-1.58736014 3.52304422
-1.56573688 2.76776653
-1.82224621 2.94549804
-4.35457645 1.04840954
-1.37048664 2.30440116
-2.37824234 4.06927698
-3.60568846 2.29419497
-3.66893505 3.64989743
-1.5038704 4.22469342
-2.21203655 3.64740432
-1.63384932 1.81787298
-3.83553049 3.29213556
-3.85764114 3.49313266
-4.49404088 3.52060486
-3.67871095 3.5675372
-2.23142699 4.49637268
-1.81247911 2.26240919
-3.78273759 3.48047099
-4.70380106 3.30417844
-4.24802398 1.7028346
-2.55567644 1.84747727
-1.3185564 3.47204312
-3.03813243 1.49022511
-1.5882403 1.33337852
-3.18643677 2.79568827
-4.19856728 1.95582174
-4.54221035 4.09913832
-1.99013071 3.52187341
-4.74584583 2.89780968
-1.44098555 2.91757199
-1.05390408 4.26236749
-1.17862593 3.58835627
-2.21734801 2.27995436
-2.5303426 4.92893435
-2.17302102 2.15852328
-3.69418936 4.27907598
-1.93420122 4.17893095
-4.39208744 2.606493
-1.6486368 1.88657717
-2.03232911 1.61516336
-3.24363661 1.63419099
-2.88698123 2.10239118
-2.9662717 3.01940169
-2.68520445 2.82571699
-1.0060807 3.88314925
-1.28378084 4.79409587
-1.83006222 3.87174152
-4.16595704 3.44909929
-4.15241996 4.5899889
-4.04334739 4.8722608
-1.72093876 2.03644377
-3.61115672 1.61424032
-3.58958935 2.27124308
-1.46066998 1.17693247
-3.22213217 3.88032259
-2.8732945 2.35262321
-3.57258558 1.45345136
-1.92772634 3.66808929
-4.37399509 3.76006719
-1.88217444 3.51391421
-1.22402379 2.21842699
-1.08884928 2.1107515
-3.98453245 1.81144366
-4.62907912 4.45383075
-1.63557113 4.24319902
-2.28652495 4.28301405
-3.24481525 1.32631791
-1.76046526 2.3206447
-4.44563178 2.60379493
-1.96384931 2.09048188
-3.12990559 1.00213905
-3.22178512 2.0705552
-4.22264424 1.61493409
-4.01244178 1.61926757
-4.57738271 2.93501007
-4.41677319 3.44358416
-2.08877034 1.74165061
-2.60729123 1.39981917
-2.97193493 2.00189384
-3.77668884 4.75877286
-4.43983186 4.50220568
-4.08364092 3.23747409
-1.8900781 3.84681855
-1.98465662 1.55961336
-2.75628826 1.37775004
-2.74201036 1.81661424
-2.90868188 3.04231471
-4.79874294 1.49895097
-4.00745305 3.16497087
-2.96132346 2.95567765
-6.11946358 -4.65390099
-9.86621223 -1.65164729
-7.58898507 -3.69317389
-9.17028481 -4.57544102
-8.11096702 -1.96607428
-6.67054848 -1.64407631
-7.53862412 -4.93895416
-9.72043106 -3.13219475
-6.99991742 -2.73015421
-9.07098835 -4.8556933
-9.31842966 -1.35163827
-8.84587305 -1.05812213
-7.35565863 -3.91924322
-7.26297553 -1.28087874
-9.45228626 -2.33374976
-6.96974167 -4.30332129
-7.55235177 -4.21800629
-9.43916206 -4.76646674
-7.41341337 -2.73444497
-6.71713545 -3.89414309
-9.05545826 -3.68494806
-6.1540264 -2.43284677
-7.50311421 -1.4347717
-6.16676928 -3.95669487
-9.00878674 -2.1261761
-9.38347006 -2.67687744
-7.17513158 -2.97427213
-7.22492598 -1.16809517
-8.72603306 -1.90999854
-9.56713219 -2.57225058
-8.96127408 -3.391445
-9.83096319 -3.97424679
-8.83421432 -1.13896284
-7.31481362 -2.58455204
-6.19004346 -2.46407531
-6.85319231 -3.31594683
-7.43416352 -4.26289562
-7.57361589 -4.02398239
-7.13194577 -3.17320348
-8.04847218 -1.27747464
-7.18741109 -3.52082316
-7.9802688 -3.14644416
-6.82705384 -3.24391594
-6.927658 -4.22098694
-6.70670878 -1.60054441
-9.45309501 -3.38730692
-7.48702349 -2.32819718
-8.75419915 -4.84271754
-9.15133047 -2.38799782
-9.48252902 -3.57416805
-6.92457049 -1.81355701
-9.32514583 -1.974175
-9.87779062 -4.20625107
-6.9012825 -4.21413216
-6.57646045 -1.75735507
-9.81220513 -1.64773474
-6.35266165 -1.83698083
-8.23600875 -3.52789489
-9.20491884 -3.64995562
-9.60909126 -3.56218989
-6.27767893 -1.66658977
-7.47422645 -2.70645736
-8.26976205 -2.50792039
-9.80327524 -3.48813347
-6.58898278 -3.08543579
-8.86345848 -4.02213611
-9.14962817 -4.90204498
-9.9275693 -4.45689252
-9.58045961 -4.85074444
-7.67789402 -4.11659447
-9.12745425 -1.05382211
-7.27330315 -4.13897206
-6.98506441 -1.02953451
-6.91181211 -1.61493504
-9.13468947 -4.26139823
-6.186354 -3.31986627
-8.28339774 -4.30869673
-8.59427607 -4.44183191
-8.02736262 -3.67043381
-9.30008196 -2.80501249
-6.37790169 -3.22419222
-6.09767094 -3.02214867
-7.58211242 -1.08035503
-8.33334292 -2.8653608
-6.99151483 -1.92252692
-8.23958959 -2.10732886
-6.308679 -2.17337838
-7.07763372 -2.94722372
-6.07013408 -3.18952049
-7.44876232 -4.14705574
-8.12501794 -3.01673738
-9.00731739 -4.15445861
-6.64044952 -2.20947955
-6.48886631 -2.69307581
-7.93057243 -1.0347336
-9.83183397 -2.14627495
-7.51120768 -2.58686844
-6.71162348 -2.91045757
-9.93860659 -4.92226584
-8.82085339 -3.41381914
-9.8912459 -2.9415384
-9.06800007 -4.73747942
-9.54620337 -2.56893993
-8.42493321 -4.7163876
-9.08949862 -4.17842668
-6.1081084 -1.67019055
-6.78619065 -4.17149862
-9.71344728 -4.37485003
-7.84679159 -1.26550216
-8.28115422 -4.01844161
-9.58315147 -3.4947309
-9.39077459 -2.91219441
-8.61760859 -3.63031458
-8.84181475 -3.65553535
-6.94757176 -3.7291311
-8.47910426 -2.04026629
-7.33212195 -1.96162919
-6.71821077 -4.24182773
-6.02093049 -1.44453285
-8.98339642 -3.17377859
-9.74620477 -4.98422756
-7.06101402 -2.63626412
-6.73211335 -4.00993775
-9.03272214 -1.50903206
-9.62099805 -4.30521238
-8.83753862 -1.06961683
-9.3790296 -3.75123214
-7.14952854 -1.41905406
-8.77025989 -4.55609953
-7.09280204 -2.39859617
-9.45124367 -4.06702134
-9.3685326 -3.23768272
-9.88159412 -2.59245602
-9.26039737 -3.38180648
-8.60237798 -3.03529589
-7.69752724 -2.06038407
-6.96301247 -3.21341713
-8.14812802 -2.89382397
-9.93448749 -1.74882484
-9.94306713 -2.87813716
-7.89180455 -1.64985482
-9.31087327 -1.14197163
-9.01607018 -2.56977119
-9.77734697 -4.5490958
-9.86194284 -2.52250409
-7.49373627 -4.56502256
-9.24408333 -2.34150704
-8.44924298 -2.43298479
-7.89934273 -2.47320719
-9.80339378 -2.93000117
-7.40008358 -1.70677591
-6.47690918 -1.45135146
-9.64746717 -4.30868399
-9.38196201 -2.30827801
-6.0428397 -1.93781132
-7.25502226 -4.20984645
-7.86957509 -3.51087526
-6.93050381 -1.79986995
-7.77284149 -1.91329303
-6.12406698 -1.71970779
-6.22631254 -3.51973391
-9.88365516 -1.92477666
-6.03807577 -3.68777021
-8.68518217 -4.91203835
-6.70398753 -1.35053688
-6.37451287 -1.74498642
-7.84586243 -2.90428769
-8.51888656 -1.36257462
-6.18149519 -4.12923047
-6.47282004 -1.01824335
-6.4454862 -2.93654854
-6.84256664 -4.24689933
-7.48953259 -1.84850185
-8.51326209 -1.73279306
-6.12349403 -3.80136491
-6.27105189 -2.54405499
-6.64189352 -1.45310081
-7.48203158 -3.22832935
-9.90631933 -2.01545637
-9.68960843 -2.29465058
-9.28466323 -4.63827921
-7.14407317 -1.23578556
-9.38808656 -3.03370575
-9.35779693 -4.57292145
-8.4256339 -1.3495819
-6.31932764 -3.89701532
-8.17811671 -3.07662657
-8.45564905 -4.09364617
-6.17871061 -2.63289005
-7.33275373 -2.21571039
-9.61350208 -4.60555766
-9.6653065 -2.18316185
-7.21923587 -4.00315779
-6.12957697 -2.55112478
-9.64552676 -1.25660512
-9.8510823 -2.89742096
-6.46298816 -3.05092626
-9.56006864 -2.20225239
-9.73085698 -3.4817631
-6.24329076 -1.63642046
8.38859396 -2.72048638
6.55302976 -4.15965635
5.35257725 -3.28491004
5.30301746 -2.93193487
5.81263081 -2.73800492
6.95244107 -2.44062181
6.01709323 -4.29812775
7.8252431 -4.37613975
8.45562404 -5.62688832
6.13402054 -5.27187046
6.28009534 -3.49540661
5.68040327 -4.42895981
6.06304552 -5.09409701
7.30701706 -2.37125753
8.66021215 -2.27415035
5.67326853 -2.12378603
7.9509492 -5.23377679
7.19203826 -5.489324
7.5877406 -4.30191546
6.51655557 -2.9418027
5.00914622 -4.11213178
6.8093515 -3.17497405
6.55759106 -5.24013592
8.46681046 -3.70072096
8.41929139 -5.29594357
7.17991819 -4.74595293
7.6908913 -3.68299373
7.36545473 -2.45281295
5.59944013 -2.9582158
5.40741149 -5.37894086
6.59144604 -3.93078163
6.99050632 -4.0008647
5.69771577 -5.98392859
7.0097786 -4.66351119
5.75667834 -5.03134859
7.27924037 -4.5421602
5.09337602 -3.22679228
8.01145882 -4.79314337
7.45053556 -2.55276559
7.69977899 -4.15791326
5.84307763 -3.32463394
6.88135233 -5.27686676
6.58839601 -2.59487445
6.7269568 -3.43447664
7.66144978 -2.39974047
6.96828128 -5.81211789
8.26482382 -2.90217493
6.74608829 -2.06826969
7.93306298 -3.08066262
6.58102899 -5.44916856
8.58827439 -2.65028427
5.97904571 -4.95942681
5.59480352 -4.57710695
8.66027429 -2.56712851
8.64783579 -2.65879804
5.65876472 -4.49936772
7.13507749 -3.12264048
6.84218297 -4.58762973
7.20948716 -3.40361145
6.76521764 -4.13698382
7.1120187 -2.80403992
5.24839247 -2.00185874
6.16533783 -5.54855569
5.68394951 -5.55389561
7.13388805 -5.81665771
7.42685997 -5.65772356
7.53491264 -5.57047151
6.205055 -5.04735841
7.79132691 -5.45942673
5.4260823 -3.98430271
5.11749941 -2.43219563
8.99742037 -3.36760607
8.21833818 -3.47454516
5.77740794 -4.95765403
7.10945263 -5.79240327
6.61631296 -3.38646669
7.56902548 -2.98676974
8.79321454 -2.91146379
8.28717103 -4.33294775
6.94331207 -3.60056786
7.62095966 -3.14187175
7.34449091 -5.40194636
7.22505987 -5.38095961
5.67178629 -5.51960862
8.94991523 -2.06237489
8.10287786 -2.8647461
6.63793636 -5.0780341
6.70968311 -2.23201516
8.78364609 -3.78405093
7.38371226 -5.82690057
6.08889549 -3.33121834
6.49931486 -5.72701274
8.39471507 -4.50125999
8.68007527 -3.81183675
8.93248231 -3.4391542
5.25966086 -2.86112642
6.68252918 -5.19652859
8.95805886 -3.20701261
8.25651464 -5.07944044
7.85696955 -4.39775223
7.54943756 -2.37344235
6.61995324 -5.43402795
6.59214852 -3.73187307
5.19795871 -5.6902357
8.82009333 -5.44356233
8.6331884 -5.64178971
5.16605114 -5.18527245
5.64134154 -2.77926761
7.89375708 -2.45299979
8.82194597 -5.46339185
6.33254347 -3.82118908
8.92258972 -5.26521837
8.14717675 -2.82777677
6.19202515 -4.85681264
5.73511415 -5.32271032
5.77894372 -4.44783531
8.94896598 -5.15106957
8.02542149 -3.67226314
7.61323407 -4.48842297
5.85942313 -2.40973836
7.49927861 -3.78320301
5.368927 -2.04674338
7.95450838 -4.57364172
5.1970813 -5.5828992
5.83129903 -4.52254502
7.61591795 -4.37883036
7.2285096 -3.6529138
8.77615016 -3.77218592
5.75062698 -2.97990888
8.94952613 -2.38015032
8.05620846 -4.02944495
7.02065783 -2.24640102
5.65965247 -5.23603773
8.21133176 -4.0318596
5.07880123 -2.46084564
7.6050512 -2.28791728
6.856278 -2.86242665
6.94936428 -5.21854845
8.05313886 -5.32003008
8.95880934 -3.98488992
5.55258952 -3.31595227
6.41801614 -3.92355778
6.75643324 -3.89857403
6.27764784 -2.98238952
6.73997998 -4.17605144
8.30066847 -4.33393314
5.4432906 -2.23913436
8.8694388 -5.15918678
7.6536473 -2.92684243
8.90112098 -2.49868105
7.29787229 -5.08947396
5.03343043 -5.09995613
7.21766309 -5.59448848
6.6323796 -2.93338972
5.99353211 -3.88473505
6.27496278 -2.05829792
5.8905286 -4.3931084
5.93846436 -4.28350383
6.66748208 -4.12890948
5.00456408 -4.83167213
7.14254342 -4.96814804
5.92549547 -3.5034583
7.72098725 -4.53753114
7.17471655 -5.37713098
6.82668105 -2.61961413
7.39309416 -3.36934914
6.53465848 -3.32903289
6.43651428 -4.44098995
5.02541546 -5.94735347
8.20321231 -2.82181669
6.43317912 -2.28276336
5.51018681 -5.85847162
8.6584727 -3.96325002
6.10446617 -4.42301476
5.09660999 -4.8304089
7.85481141 -2.96357814
6.81741641 -4.1397407
5.86861179 -2.0469071
8.67848968 -3.57916923
7.51217699 -4.32689653
8.85312981 -3.99633301
6.12831641 -5.09451681
7.83510528 -4.03692281
8.27394642 -3.20978489
8.5206673 -2.9480919
6.14148576 -3.33055183
5.34244357 -4.19842434
5.8533734 -3.82128619
8.93249569 -4.03138695
7.36390841 -2.80702227
8.18155637 -4.27830185
8.26871165 -5.6281564
6.48762378 -5.83017255
8.02946334 -5.96232792
5.05707249 -3.83436901
7.26521026 -4.72804805
6.23238757 -2.45878632
6.34252307 -3.2707218
6.1432497 -3.44159319
8.84069391 -3.27192226
