9.35334816 7.19893952
12.45515609 7.07213832
8.21775234 8.78934115
4.12815655 6.79921973
9.21435402 4.05633951
9.69531673 3.71984485
4.82817148 4.84566974
10.90706652 6.22464134
13.82806 8.13505624
6.53470421 3.37660924
13.85096906 8.34158358
9.44940625 8.17932386
10.71637974 8.60787167
9.14866287 4.04958182
13.25709435 3.35687888
10.46195322 4.86208578
13.03077993 5.17076734
7.95461185 4.32164173
9.27870489 5.56441759
7.34520976 6.97461663
4.90418015 3.97371473
13.30853684 5.11135587
12.008231 5.81335817
12.34360519 3.40131376
13.80129754 8.32653107
10.618115 5.33856068
4.18277744 6.99215459
9.93912642 5.22217114
10.59483477 4.80925583
4.87736978 7.03178932
13.64858734 6.80678666
4.24601759 3.73320219
12.07167293 7.03423048
8.20948875 8.6237358
12.61443021 5.48068904
4.31420399 8.56622861
10.66645913 7.91216744
10.96032229 7.97031868
12.63977291 8.16675563
5.39035197 7.91562737
4.84301574 7.37064911
10.53184946 4.07236693
5.90273601 5.98925347
8.64253957 7.79712148
12.08521772 3.27054087
6.87420956 6.07519206
6.26786281 6.29889937
9.31543648 3.10635104
12.64019738 8.64368454
11.26527093 7.28143609
8.6644194 6.03297593
10.52189225 7.12122437
11.14834174 7.08840913
7.01093762 3.51340368
11.02948775 3.49463868
7.46063329 3.17241512
8.70291994 5.43919225
6.91158067 4.87642644
6.08434647 8.4085755
7.91225779 3.01666054
8.60550327 8.31682291
5.97172773 8.29060782
10.80190916 5.06631387
4.49954826 7.22887824
9.0245664 4.63337937
5.15633222 8.60438298
5.58200509 7.78463367
10.67584211 6.17698547
10.9827078 6.46789582
7.0313101 4.26040269
5.65834601 3.813909
4.76548159 7.85394928
10.56823143 5.68844186
4.41625742 5.55639508
6.72187962 5.1473131
6.5944093 4.10399689
11.79666594 4.64990171
8.44850849 3.19418381
13.97324227 7.1240173
12.25906079 5.4698163
4.75283549 8.99639769
13.12865373 6.63369832
5.27490824 8.26694697
10.11964955 5.43873231
10.17714137 4.72766215
7.23739158 3.26042791
7.13997141 7.17723139
12.72363091 3.90097829
5.70779818 7.27675738
5.22778353 5.98928715
13.58334512 3.25544535
12.79703647 8.00826247
6.39197543 6.63886398
7.51147257 4.12647152
9.64561052 4.05789139
6.81651579 8.88662984
4.99163892 5.21261695
12.06822573 8.86892328
12.43148476 3.59631058
11.55324866 8.73023741
6.41811212 4.44661392
4.30879439 8.43414195
4.7201014 6.65293884
13.38678575 7.75089894
7.60333315 7.66581733
4.50495122 3.2260873
11.50962568 8.07073475
5.67798701 8.92746788
7.37263866 7.61160049
11.91084575 3.36129223
13.83971396 6.16396618
11.54801092 7.42222561
4.02994334 3.31316972
12.59263983 7.48151439
4.47785564 4.4913452
8.55323503 4.12387742
12.67922689 8.15240435
6.79519381 7.58884109
10.7525451 6.93210821
5.46058717 6.17047424
13.73140559 5.57061528
10.19623825 6.20997897
4.34142598 3.75579378
11.81935513 6.30676439
5.1160629 6.653973
4.55558376 4.38376016
4.37116523 6.85384164
11.00425059 6.77861504
4.00601449 8.96181114
12.54277191 7.96000329
4.79073071 4.46057305
9.9825503 8.13167514
5.01909006 7.52164377
9.24189541 4.42168318
5.43373177 7.99877832
7.84517704 7.51903678
4.77896974 5.43694395
10.83780021 8.26345563
10.17706501 8.76471117
7.18685114 7.96538332
12.2513781 6.32026506
13.82334506 5.82147858
12.28557393 6.52058319
12.94716778 3.99721195
5.27562857 6.99674602
12.75395379 5.83075202
8.51004375 8.31933093
4.46216239 5.85164517
12.21154708 3.56694938
4.16403059 4.24544811
9.65983687 7.1126489
7.66800083 6.88741694
13.52069943 6.11448222
6.71487661 3.48120709
10.03844103 7.65934494
10.63743983 6.87482828
5.57966807 8.85405848
4.7289006 8.54511106
6.65244634 5.82240614
6.76869587 8.07294217
8.50068421 3.17551028
4.38076609 6.53675929
5.28136111 3.98600222
11.4523026 3.75027228
6.34553175 6.34151844
6.46130489 6.04956699
9.5053043 4.90309766
7.43194628 6.13165548
5.42595341 6.4159401
10.52469479 7.51234717
11.94747382 8.21784849
4.34251362 6.81330803
7.72264403 4.15943302
4.40965127 3.36647429
7.35832832 5.25902112
6.23727078 8.50767149
8.00783079 6.07138651
11.21623495 5.4290352
13.1071026 6.14260726
5.46981692 6.90176222
7.28644813 4.93034279
4.06893713 3.93218714
8.98576455 3.35393391
8.95054426 5.83369831
8.34714529 7.1390968
8.95889408 3.37544458
7.17550693 3.17825079
7.99023698 4.61386228
8.39744587 3.23149768
10.56527059 8.47999948
10.44190364 5.55661824
7.80330399 8.38709802
4.05274171 7.85114543
4.32957746 6.45854508
7.38386702 5.59883891
7.61958284 4.05742155
4.12317979 5.36017662
10.04826549 6.24948024
11.01843637 5.54949972
6.17366441 8.84889119
9.00582581 3.73801424
12.63951869 3.44248433
9.16493058 8.01052652
11.28408656 5.93721864
5.89490181 8.85328964
4.59407911 7.75343091
4.78917146 6.50285346
7.93243612 5.77543634
13.52346982 4.40127867
5.32226825 5.19773666
12.80994531 6.3949068
10.07781225 6.75706101
11.42024416 6.50224478
12.90534163 3.64059362
7.8758191 5.82878647
10.64823112 3.82829143
7.96152319 4.26217633
7.00643686 7.64311591
12.38085512 3.13281425
12.30237382 4.44744959
6.24263826 3.56918787
10.20697869 3.70776574
13.15268414 8.61111698
13.0621441 3.86812611
12.09739614 3.2435494
12.84045921 7.82277557
7.84309777 4.16460661
4.31296886 8.8026588
10.64881093 7.62079806
9.61879793 7.29343496
13.11472831 8.78826665
6.51436105 5.55643546
8.24926926 7.26915729
6.22367546 7.7843676
6.20124044 4.13462566
4.88889184 8.19665267
4.91336923 7.48303257
12.23036737 7.25641226
12.85957921 4.03604474
6.16359806 6.96581894
5.27609859 5.05831471
11.06569318 4.92526729
7.35536278 5.8480621
4.76124212 4.11144116
8.14420402 3.55918554
8.23297383 5.69768742
12.21365531 7.54626248
8.51028552 5.80051067
12.01573278 6.78850324
9.42885008 5.01752284
12.72872618 5.5014638
8.79054628 5.20759575
9.59102684 8.95316506
4.04530477 5.36443048
13.68297019 8.35939449
5.22960872 6.3585139
10.21397746 4.11826612
9.29502093 5.49879447
7.48948127 8.50254762
5.09855091 5.20737226
10.50095226 3.7853665
10.56475371 6.61279858
6.7575549 6.10912105
10.45421477 7.27630737
9.92393063 7.95899556
5.14960921 5.58407265
6.18168853 6.70700898
13.53831718 7.16671022
4.99323531 7.13872887
8.76223146 3.94383608
6.36869663 8.44277016
13.64886909 4.63019581
10.75903292 8.20231569
9.32159908 8.70953576
13.92633828 8.31280251
13.77971101 8.92985995
13.13537287 4.55439775
13.67402542 4.43081839
11.58887772 6.8808283
4.64461085 7.14254709
7.15089693 7.7447936
4.99151834 8.01350542
9.53229191 3.13189796
7.33819257 8.11432865
13.99763111 7.05195687
7.12850265 4.38778101
10.37923204 6.54649207
12.18575173 5.70800272
8.55526818 5.10085512
8.28294439 3.95165601
10.12394042 8.7721698
12.92633939 5.77388328
7.66697714 5.56649842
7.16448428 7.48459453
10.45252713 8.20054861
8.09497213 7.94479826
7.87689561 7.11247308
10.08348522 8.29651439
6.23811218 3.10757859
6.84301596 5.9068986
10.76591524 7.91418208
11.75567845 7.31568109
9.73850624 7.61674399
6.50921382 7.28449826
10.35525706 7.23531732
12.44275369 3.11059108
9.44086414 3.74172929
6.81227154 7.51291805
4.0874538 6.26948005
5.77761683 7.20347795
8.9596933 5.13122987
10.10360747 5.81502136
7.59363256 3.01519269
11.50667951 5.54713945
9.4250934 6.92516335
5.4186832 4.24407625
6.21197905 8.61536947
5.06882424 8.16113692
9.07910669 8.64770399
9.23640945 3.83022019
6.73227694 7.14554718
6.76032817 4.45931661
5.98447239 6.53496229
13.18171528 8.01762466
8.13870398 8.32697964
11.88801379 3.08953421
9.66148749 8.77765039
6.29828671 4.26960807
9.93455526 3.32636626
6.90459052 4.58283885
6.78394485 4.9161489
11.62251289 7.06015745
12.27894362 7.886669
8.00851681 8.50594349
4.21085035 4.00035729
9.62397073 4.65298642
12.47597782 4.36407816
5.94161891 8.42188107
9.23660873 8.84027905
7.09154099 5.74715532
11.37928094 7.77955677
5.50082172 4.12965985
6.34406013 3.37858338
4.92462333 6.16495436
8.76549027 7.74867235
10.30241212 7.28007684
13.06916086 3.93869557
9.94689804 3.37713249
10.26685743 6.58315653
9.21664755 3.89128086
6.5427057 3.20364424
5.12999382 7.21113407
4.37770222 5.69794707
11.44824488 5.28678073
5.0092126 8.8372122
4.07961998 6.87330597
4.31436706 7.68704582
4.06129635 8.33449518
13.91787776 5.99889107
12.36878352 7.22528234
13.00619708 7.84559374
7.36099959 4.46794818
6.20622161 8.15391528
5.53501372 4.49193431
13.84073907 7.07857389
4.61515326 6.13255088
12.78713458 4.61234446
8.39597967 3.02899413
12.97773457 6.21605927
12.8757459 5.70622883
9.96341724 8.21264221
6.82661962 5.09020561
6.0627584 8.30259194
9.09905494 8.15945864
6.75901771 3.12532093
10.63454049 4.61023648
13.84204301 7.32783553
10.7019392 7.54874739
5.90841543 7.47882987
13.61769796 8.1846299
6.46111476 3.48983334
8.39302042 5.85931435
10.85351423 6.67209146
10.36063134 8.28270325
7.96343683 5.40953977
10.91816174 3.58624217
10.50087677 6.75997951
7.64171507 7.92270991
10.06692693 3.83064269
5.37627396 7.96819621
4.41750005 8.22636224
11.82197049 4.18782493
4.95550006 4.13822651
11.63500968 7.41213253
8.31173374 3.41292005
6.12676594 8.14519928
10.77981459 5.15925334
8.22214951 3.85368475
11.2110508 4.08214353
6.62970609 8.66457172
10.34968924 4.75396802
7.98906088 8.10835
5.51796686 4.20834899
11.67220463 5.57104383
10.47475985 6.49933599
12.1564884 8.37724603
4.63086918 6.34489768
11.59056675 7.52420953
6.69350036 6.48983595
4.21214055 3.02896946
6.97802953 6.47234648
10.96992079 3.5307017
12.67940059 4.7853506
13.74058306 7.90812682
7.80583767 5.84821867
4.6337926 5.28006115
6.61528237 3.55880357
7.99045645 6.78142671
13.85104461 6.11719603
11.46505418 6.39782235
6.05505725 3.36988821
7.42509081 6.2425808
10.71367855 6.67703709
9.72282836 5.58087825
8.47113942 7.33966052
12.36776293 7.93495935
8.5011062 8.53455498
7.69948886 5.84567193
7.80131672 5.84878524
9.51847112 3.47833175
11.84885818 6.16369881
5.29402941 4.54583941
8.57052797 4.82167659
4.32029855 7.66036115
6.15097248 5.65813887
9.54747453 7.49019099
10.81372491 5.12452553
10.97934138 4.41727868
7.02806102 8.02568572
6.02816175 5.30630113
12.11721336 6.4982097
6.56584383 5.39454591
11.09555766 4.12880227
8.14900973 8.5015046
7.62085577 5.53681744
12.25962424 7.02154247
11.18831953 3.05999027
6.29173088 4.19969351
10.87626957 8.56492859
12.14370255 5.05223216
7.57942439 5.26071453
9.03280534 7.70363181
12.58888696 8.68371521
12.72832512 3.62413273
10.69022351 3.90525572
8.15033616 8.536195
4.16082694 3.32042823
6.71787454 6.01617718
4.83843254 6.92151129
10.86289412 5.63558187
12.43647018 5.18834661
11.17816089 6.40781847
10.50467402 3.46881927
11.16795856 8.41426315
5.93577552 5.32788998
5.44584548 8.04168213
9.54716758 8.76643088
12.61614916 5.06371922
8.68505502 7.08666436
6.37852358 4.61674913
11.13521155 8.02319271
6.54277843 7.9922014
6.88912742 4.28572427
7.98546166 7.70903755
6.68311681 7.21760587
9.33652134 7.58470017
10.03167871 4.75875731
10.32767792 7.64922395
12.5324545 8.68720148
11.00799102 7.63808709
8.77330006 7.8977086
7.94516971 6.76113268
13.79939756 8.9885476
5.3110189 6.39717817
7.92170318 4.89973112
7.99779399 5.77163324
7.29684039 5.33352672
6.83035032 5.38994116
8.06813729 6.7609036
11.02295292 7.20099244
11.69778371 8.62682315
10.69285195 7.39790282
13.309924 8.52049173
12.67272501 8.64296167
10.87503987 6.73485416
8.03673895 5.81850745
5.66494322 8.56844005
11.30237688 3.99450262
12.04505137 4.35603057
7.20685815 6.47320801
9.85056227 4.01152658
11.35512889 8.39813829
9.98056267 4.47059438
11.75065623 4.96586955
10.98406304 4.57695707
13.36996227 3.14943771
9.66521822 6.3282957
7.48557829 6.42362247
5.85889793 7.87060209
7.79319348 3.7990807
7.01240424 3.33523146
12.73549908 4.67639837
11.89140352 6.6487294
9.08208752 8.31880112
11.93276084 3.41993339
8.15603326 6.79738916
8.44260849 4.18711116
8.28493198 8.96734155
6.67259472 7.69675867
6.72764428 4.04671667
12.28961605 5.25032218
5.6688157 6.78255737
12.68596196 4.50303848
6.26912913 3.40993846
7.45079386 3.15478383
7.76529895 4.81195036
5.88200693 3.78469029
5.76768574 7.77891713
11.82014018 8.0663067
12.80004324 4.19736234
11.57669952 6.35693541
10.54866896 7.07412828
10.37224006 3.68129947
7.43804962 4.28336736
8.96381774 7.88913663
5.31184877 6.46717422
13.20129761 4.68845734
12.61646039 7.97797321
13.61517709 8.91851494
11.94434463 7.52743479
8.58895762 5.71361598
11.40635062 8.91984269
12.29608381 7.08705843
9.07600188 8.71408927
9.62568341 7.21501636
9.74059203 6.6035682
10.1286053 6.57579557
13.13307813 5.41330688
10.10896693 3.78089134
11.49726243 3.5370732
12.42816619 4.36060893
13.48625072 4.08907897
5.71673187 5.39229131
10.37815103 7.90892052
4.36726477 6.43682578
12.96901238 3.21139772
7.49596231 3.44811861
12.55039745 4.49944787
4.50602247 8.48049929
8.38760598 3.20886573
5.55555483 5.72727593
5.41608539 6.64093757
11.69670579 7.40566437
13.94126926 5.22368715
10.00932968 8.9157958
5.27798845 4.41207211
7.07717404 4.49293869
12.54236398 7.66027662
11.93234553 8.49589155
11.07402184 7.81715034
11.77085746 4.58998181
8.38774348 8.83488521
6.36705614 5.97996531
10.85732482 5.7058872
12.72452433 4.98520272
12.82744096 4.74467358
13.27100701 6.53830108
11.93622376 6.53224336
9.11615452 4.53684091
12.02064971 3.79335427
12.13460054 8.93084467
11.12066468 5.10982185
9.27755676 4.70488137
11.14177959 8.25782246
4.03292903 3.21978997
10.40079228 3.22336373
12.17967404 5.20333511
7.38076856 3.34722791
13.57311611 5.40785807
6.26319256 6.40584609
9.66647568 6.04966445
5.34974989 4.81997987
13.98464122 7.4692717
10.51934253 6.75090824
10.81342352 3.31476135
13.12679428 4.36042165
12.07409819 7.34099224
7.8549458 7.70881076
9.42759835 8.91218888
8.85360045 4.72587233
13.88370139 5.94187038
8.858054 3.0577091
6.66143011 5.86324628
12.82504907 5.98644688
12.3609228 6.22159743
7.47507652 4.80007668
9.94341434 3.62361978
13.47383734 7.23609335
12.6493771 4.65999722
7.66048103 8.78892889
11.86459577 7.98069591
9.14369645 7.86997003
10.38206057 6.37298109
7.51409037 8.05419364
10.97654612 8.51140597
10.45565921 6.88161367
4.96262667 6.37858804
12.33661528 4.62933861
10.76755516 4.62933612
9.49581903 4.88767863
10.14273291 5.85376556
10.50139395 6.98523917
9.68306508 8.6224241
10.80634591 6.61724788
12.37349689 5.86043949
9.48556044 4.05819244
6.5504958 3.00652889
9.96890672 5.35112757
11.72831068 4.66397123
9.84488452 4.83774884
12.00531672 8.35089312
9.7989177 7.38862264
5.48941492 6.58342479
8.41606447 6.44559422
8.2134638 5.1923457
8.59965168 6.4094269
7.93861429 8.49816656
8.60261262 5.84723138
11.61818799 4.06657049
11.64875137 3.66407992
7.97294828 7.78190918
5.72428265 5.94695302
11.19437864 6.7829861
9.54976483 6.713042
8.88762105 6.64586187
8.30684606 7.73993251
10.11893795 5.70992518
9.19247785 6.06841379
12.84283306 5.5480439
11.64915739 6.04576897
11.93419086 8.01911777
5.7976088 6.33731853
11.49077901 6.32510136
10.36586275 4.98426405
11.96303485 6.43173826
11.87483528 6.42960626
13.00745848 7.12889165
5.25465825 4.11938705
13.67875719 5.47307616
10.98120618 8.82278892
5.68382727 5.91007904
5.89601291 6.02566512
11.81228276 5.75024674
7.01887162 6.23950454
9.68418745 4.22876202
8.59939592 3.85287828
31.87001222 11.63177355
34.34543467 12.75630914
32.18421006 13.30842476
28.26500698 13.93885441
29.31167031 9.28234815
35.07394743 9.93936541
27.47193675 9.74162219
31.34585025 13.61855918
35.39873162 13.75023722
33.71954137 11.15689203
30.49521363 12.74758784
34.74603991 12.13918014
29.61075155 12.19957253
32.28647816 12.95123268
30.13992539 12.51590181
26.1244038 12.13221604
29.86838242 12.11401163
31.10018546 9.66352803
31.32172549 10.24182993
26.04469178 11.08316282
29.87498355 10.30122846
35.70348037 10.94575983
32.94021703 13.13259592
29.25332477 9.18344815
27.59453199 9.61217558
33.27676347 11.87630961
34.61939604 11.24745954
34.75193252 8.87385092
32.56073085 9.52611902
33.21036334 12.07407406
34.62900147 9.58521651
27.20187452 12.80364873
32.46126361 8.07879059
35.74125672 11.36284966
31.80712226 12.68847672
31.36082602 12.52575025
34.61465162 13.12099368
27.86017923 9.32896676
30.05021959 9.30740364
27.79626751 9.58438826
29.42489583 8.1514237
31.34507002 12.70150597
35.89376881 12.7751911
28.21082439 10.51777919
30.06977471 9.55275975
34.17437502 9.72905854
27.11346936 12.96314761
35.22465586 9.22188543
26.1571359 11.41081278
33.11137201 11.39483559
26.39756974 8.13842117
34.42977924 9.60645643
35.71098838 10.82918045
32.66200239 13.13961667
27.20976501 10.94725143
30.51536098 13.04759222
27.6135105 9.66896394
28.85686621 10.40667392
30.88615731 12.14191972
26.37194401 11.05763865
27.57472072 9.82684575
30.25043897 10.41882104
29.90514663 13.07183612
35.09051203 12.66704982
35.70203198 13.09899661
32.35324227 8.77796641
28.63273344 10.46893999
27.95066361 9.94320878
28.55648225 9.72428006
30.70521079 10.29460777
32.69229626 8.92004418
27.85377583 11.33662151
32.42185466 13.22757264
26.82723159 10.18963644
34.87591867 13.81187625
35.78742083 10.8545908
34.31023645 12.42780844
31.80983669 8.66781682
33.16524474 13.77950495
33.19999281 11.29404857
34.07543718 10.91495992
31.9736443 13.99131432
26.64811966 9.035179
33.28417488 8.20593887
29.86237578 13.6015358
32.23738563 9.54454296
30.53437634 12.84818908
28.90728552 8.95158538
30.13046026 11.59118454
28.54223945 13.95676376
34.70192393 9.52945894
35.03503167 10.38339663
30.55512299 8.70185244
29.68208075 13.04593206
32.44547661 10.01571115
34.92143134 9.91908553
29.63325719 12.70852986
30.87359018 12.43134477
32.90210923 10.91590807
34.02958838 10.50432335
26.20830461 9.15240492
34.01948839 10.35398364
33.52099478 10.84381838
32.51261259 8.43799886
29.28455634 11.23058288
27.54442134 9.5445862
27.39971483 9.27787727
35.9694796 9.73743644
34.70771183 11.97338515
35.3107369 8.00630754
29.59220633 10.01012145
26.03056788 8.28899956
35.29719904 13.69181752
33.58336828 9.38880784
26.20878722 10.854421
26.58761213 8.44736769
34.89572965 8.40205346
29.07638042 10.78421567
34.1935367 11.93281736
32.61223651 8.17893405
31.53195028 12.29013929
27.78147072 8.35810781
30.25908504 9.89683105
26.44524047 9.11429443
27.75371884 13.12857562
27.84693593 11.01225147
28.43984083 13.5640765
34.35870684 8.19149785
34.12202913 11.83393138
35.72443604 11.93023606
32.83207829 12.94587923
34.57741912 10.89087597
34.74458145 8.36539016
29.64869066 10.61812309
32.56413289 12.71659123
31.06946059 8.23032973
29.3774384 8.87484894
30.61510891 9.35190183
30.94781866 11.71903825
28.54684478 11.92011397
28.44681447 12.02554716
27.09572033 8.14968913
34.30638219 9.48350782
29.96782079 10.99811941
29.40779494 9.88606132
33.47402568 11.7631689
27.20879034 10.01943071
27.72389237 13.35277324
35.92619994 13.70534785
31.71649923 11.74916387
27.36416385 13.43093388
34.25774905 9.36977941
32.98739901 8.74875145
26.92169503 8.57472216
34.41306874 10.11869208
35.06299224 12.51117882
31.13273757 12.41433147
32.44360163 8.43560522
29.70485945 13.46922126
34.64015239 13.14167038
32.7559746 9.85077462
28.74179206 13.7508072
30.30336144 12.70328954
35.94052438 13.34525402
34.19523923 8.78011109
32.34567858 12.94566604
29.89156715 9.0123249
34.97216772 10.16074168
29.02129589 9.91093349
27.4871061 11.76352058
33.07956264 13.69535191
30.63906669 11.80240616
26.72967992 12.31411279
28.77141588 8.07143489
30.31632778 10.25606723
32.16077737 10.82427813
34.0429649 10.43653815
29.90424248 13.49338163
29.04350124 10.23798697
27.72120928 12.19129646
35.91601351 12.4973633
28.95259614 13.00479363
34.01727793 11.8884302
34.98181756 11.35185891
29.87656765 10.58054762
34.94176344 13.67400397
30.75037173 11.08745069
35.76006708 10.36991657
34.92784365 11.13330335
29.24759145 8.83116513
29.55417154 10.91296689
28.78518156 9.82494745
27.96582153 10.75322757
31.33591539 10.8378959
31.01270806 13.18437556
27.34672135 12.85789091
29.17049415 13.43890147
31.09832463 11.33986602
31.31210952 10.86510402
30.88204182 11.2591609
30.91632403 13.78929972
32.0083361 13.36827074
31.2791797 8.44750502
27.5253377 12.45389442
33.40411709 11.25834364
32.73362623 10.91197095
26.04228554 10.97887035
28.14894185 13.94313277
34.9244448 9.03541796
31.78671743 9.82819629
35.13393562 11.39896204
30.67710126 12.68162205
31.95469132 10.48771857
29.07550003 13.6734864
31.84259076 10.90827721
29.54737697 8.12361323
32.44634674 12.46129455
29.76085429 12.64185404
32.53641731 10.17228112
29.69315765 12.23791457
30.77423094 9.30061607
29.22142418 9.96336541
33.81448425 10.99565817
30.80866164 13.38193113
32.04787318 10.30292864
27.06599549 8.05713143
34.13480364 10.93111084
33.5279218 11.05481726
30.57886892 9.57145411
30.30491457 9.09382711
29.93070334 13.34671776
26.68063877 12.11599552
27.71663331 10.63837035
31.81168619 13.96856808
34.32516204 12.95951471
26.93128646 12.11365599
33.39739236 9.4262099
26.44968688 12.58245349
27.70078328 8.7371836
27.22627744 12.55825184
26.00888437 9.44288579
31.12402226 13.3552227
34.30117539 10.50230459
26.70639998 10.71254866
26.01322141 10.67935793
32.70713852 9.88542733
27.76431253 13.71072617
28.8297785 9.83792017
29.38713676 11.12279955
31.0418274 13.7796151
28.6065749 8.45191487
31.27775218 8.00240051
30.8900244 12.92819903
27.7100512 9.05005039
34.81641775 8.29665313
26.53870677 13.79576783
28.48067247 8.79272799
27.15739938 9.05984488
27.93358485 11.94617104
29.52493033 12.92753923
32.05635359 11.79457792
32.30752379 9.47338894
33.32403886 13.70640149
35.24564176 8.0336999
34.93480452 12.03979914
27.02797925 8.98982228
28.42399861 13.60386507
28.57067787 10.43110887
32.18450302 11.62402256
27.82130462 9.55078681
29.01330672 13.00599851
28.69149734 12.23174008
29.7344444 11.25141815
34.63669943 9.83348468
29.07887542 8.54156783
28.17556853 11.28739444
27.84925838 13.96171567
35.78327364 13.43020176
28.88083601 12.94918529
28.59352673 12.51768698
30.17768118 8.56665106
33.46530993 9.53754016
30.04180231 8.9549216
31.76904083 12.02872206
26.25187432 9.29004627
29.35303972 11.65744008
26.56032896 12.4233215
27.79382098 12.61608905
32.37155685 13.48654658
35.62726824 13.11522927
28.30554029 9.36512178
31.17468877 12.25670106
27.61261341 10.12654266
31.4350181 12.46922658
33.11024575 12.85118511
26.46859028 9.11024288
33.00890065 12.27137875
35.1477791 13.99052373
27.35849561 12.82944439
34.64492357 10.62398652
35.16184819 9.65243783
31.25735876 9.07866689
34.52030575 13.10060447
33.13578003 13.5912699
33.3570272 11.27541384
30.80175417 8.84199919
32.17035409 13.09267388
35.29176894 8.01129228
30.57859878 9.92462714
27.99595515 11.3810872
26.00707828 10.00939569
28.19584596 9.41031791
26.90826747 11.80703438
29.88934954 10.51346037
29.44835376 13.47975226
30.33764127 11.32433929
34.07100372 12.28835913
29.86139133 13.51308582
35.54870193 10.36647527
33.64487859 13.49504428
32.04056634 10.38572637
27.45562702 9.75053318
28.39808675 13.31460063
34.22423893 12.36485813
33.38342501 10.06781414
27.33209774 8.81736715
30.10693399 12.15458435
34.74427274 11.07380384
27.82217038 8.61989484
31.78339182 11.06544504
33.61354343 11.33841805
28.6630058 11.23040132
35.66943463 9.01880188
34.98516128 13.178181
32.36557595 13.81370499
29.3280842 13.2429232
29.7243344 9.09920367
32.65278316 10.86124659
29.9852101 9.18205406
35.0446562 12.57575184
27.91381066 11.28415993
34.72885565 11.33433984
34.23321417 9.88733783
26.71768479 12.31376036
30.10512993 9.84073203
27.65352321 8.01829505
34.99823258 13.30107293
26.02354561 10.30226188
34.21713785 8.47248053
34.64165511 10.00247094
27.56907252 13.32406126
32.86475786 8.47067525
35.25094777 11.32338059
30.17175498 13.76055994
26.17617957 11.29365072
33.73944364 11.46576984
35.49081283 13.33373698
34.26634965 11.12208778
28.91028185 11.40088992
26.25072793 12.69993238
33.72533511 9.55554906
33.57761442 10.91015046
34.51733043 8.15170246
32.85248283 9.79743796
26.29751914 12.51848002
32.8613865 10.72999566
27.31283935 13.00163286
35.75623992 11.29184812
32.35188161 13.58416465
35.89435444 10.15317515
28.35318943 12.8173434
31.60467778 11.81512706
31.94583947 8.55817757
35.86125411 11.94505673
33.88487234 9.66542552
27.59429596 13.41929111
26.08190724 8.26673872
33.98209485 13.18395136
33.04940528 13.96021866
35.12443008 12.2357127
29.82440744 11.20591194
28.7999784 11.84908128
28.42679693 9.3912803
28.53090775 12.68541385
27.7645098 11.99531721
27.45725062 9.94677757
27.9607668 8.64464103
34.43812864 10.41825163
27.77667472 12.98890661
27.17860923 12.8639409
35.4819546 10.26982088
29.51697056 10.38889404
32.04641496 13.56308451
33.41750962 8.20743298
28.85975853 13.26330155
31.70578048 8.12641611
26.8341595 12.00738994
30.88479595 13.32644731
35.25119003 9.48539412
33.02324749 13.07257573
28.68155281 8.38377094
32.43779179 8.17783641
31.87094445 12.20805052
33.29231018 13.36844397
35.31918413 8.55925511
33.73796155 8.77984445
35.16482094 8.50194337
34.89471835 11.02765118
29.2473619 12.89466066
35.2873975 12.59845901
26.86093799 11.35825088
26.22444481 11.3178891
33.71975715 9.90326966
26.80422581 8.49137088
30.81476424 10.7694945
33.82856708 13.30038655
27.83719069 12.81670277
32.13519452 13.12995798
32.37373368 9.5089459
27.38762335 12.59406236
28.13390489 13.50206645
27.73526571 11.75754049
28.16620155 10.51737483
31.48112018 8.76981465
34.55246981 9.80461461
34.21854667 13.28628895
31.33394056 13.72645437
26.35601452 10.41791917
26.18492112 11.76337028
27.46897064 13.01608024
26.41417603 12.21887347
28.32329139 12.1082462
31.32035513 8.44829328
34.87723504 11.658598
33.0272491 10.72261592
30.73685147 9.34343316
33.34343731 8.5505973
27.38246669 11.4641191
34.20733995 13.40123267
27.53769609 12.27145645
35.03607202 9.39290784
27.49341478 10.35358348
30.36876308 8.82927101
30.18578069 11.15945008
29.13073551 8.12648165
28.56219366 9.12679315
30.69599679 8.08004914
34.61566957 12.11705617
31.51106072 10.16403706
28.39759338 11.43512051
30.03158071 12.89442508
34.26611938 12.11084097
31.22749337 11.67672723
29.83121548 10.93014045
29.08194594 13.84296444
35.99308787 9.05171416
31.11804364 11.61490599
33.37196116 12.61157448
34.35706786 12.88560478
34.48641869 9.35932183
28.37885017 9.81358365
28.84888533 8.73161714
32.26865593 11.86516078
32.30433906 11.13914258
32.69352308 8.90823037
26.16018901 11.36558984
26.58740639 10.71330966
34.11419535 11.93466825
35.4924753 10.06244529
27.54696805 11.39211936
32.37224248 13.68234468
27.49818989 13.05674219
29.03821116 8.75380072
35.18884536 10.78565929
26.89667261 9.18085574
34.16127008 9.85163797
28.4784908 11.88300242
26.71829841 13.64263364
30.87983638 8.12324071
28.02038674 9.67242224
34.57180034 8.70824254
32.1682801 9.42367942
32.42691282 12.88191677
30.01221952 13.92354644
35.66869974 13.44882833
29.05087559 9.0932331
33.97254959 9.06577533
30.51416504 9.74276909
35.69826563 13.7362282
30.87063303 12.16265976
32.65111098 8.52141872
27.37896515 10.75127137
33.66780008 9.60315422
33.42376927 11.75023941
28.70624291 11.83164613
30.22429675 8.09116392
33.47197933 13.93052007
28.29714875 12.14403019
28.17921367 9.50449067
28.35801173 13.15030805
30.11718655 10.98966864
27.54735371 8.05696684
30.53298567 12.61716297
32.46899686 10.05742795
34.25419058 10.07763223
31.97751109 12.45155474
33.5641862 11.0242684
26.3661718 9.11323258
28.88824606 12.60994886
30.42871105 8.88141562
27.58236793 10.7133289
28.35260552 10.07445565
27.2192289 12.40206549
31.76304009 12.25475823
34.51113612 10.59417425
28.71674341 9.57555624
28.65360442 13.68210114
33.51345699 13.17862541
33.38542622 9.19569504
31.79547328 8.99414406
33.7245804 12.8915288
35.44827628 11.66506493
31.4839031 10.44221446
34.28495227 13.60700733
33.75561574 13.88348803
31.76122605 9.99058891
35.87688256 10.90760641
26.59666956 13.93232165
28.13227563 8.80673609
28.77021846 11.90310439
29.75314337 12.67221479
33.36309953 13.01807369
35.93744615 12.17527446
34.4470568 11.48756404
26.72410286 11.56049478
26.1137445 10.70696205
28.36265694 12.03867238
26.47396861 8.72873973
30.54544561 10.52710826
34.21864147 9.19920022
26.34738193 8.56935327
27.88389745 8.79507849
31.48184344 11.04883081
30.83130094 12.59955981
29.67910762 10.33806961
34.1299941 13.2463411
35.04916925 9.08984075
30.85536384 11.764479
32.63216389 12.72703459
27.58175655 10.2160396
27.64667802 8.00618272
32.33334033 11.21503634
32.28956869 8.55955008
32.62439984 12.29368133
35.64562578 13.25156289
33.46796266 9.19614327
34.33443966 8.62329231
26.04547123 9.76767332
35.06096546 12.90937558
29.43691687 11.65592642
35.37426481 13.80519594
28.58482999 13.80090138
27.27999219 12.13904792
35.44269192 9.22510075
31.65256914 10.37394214
29.07055961 8.41373314
30.93585512 9.99137046
26.20751386 10.01388769
28.57546707 12.52979698
29.7939073 13.36304255
28.84262651 9.30475999
31.55608321 12.48075721
35.91476861 8.65865534
28.06485705 8.64088672
28.35694012 11.18205686
31.71000874 9.2812558
35.94714215 13.19986596
30.72678506 10.99830044
30.69292846 9.09421793
26.867662 13.59693645
35.71554802 13.0301584
27.94451478 10.7667763
26.62063021 10.35698634
30.83314134 11.88576431
34.15758052 13.55848574
35.75545959 11.24995474
35.30560883 10.93859521
30.86435248 9.68520392
28.48213652 12.68871634
35.42594759 8.92967082
27.58661101 12.83077754
30.89248436 11.69614026
31.49745876 13.59507157
35.04570851 12.46602352
28.81146588 12.75609748
35.51114867 10.61521948
34.64843498 11.19711365
33.35338036 10.21165443
31.66309841 10.40408848
27.35078771 8.94422067
35.51076523 10.38822791
27.17970683 12.55668404
26.78838086 8.59650031
27.13743714 12.04515515
35.55928804 8.30455771
35.08362312 9.20013294
28.14931809 8.09854951
31.78009791 12.31615901
29.42778985 11.59990972
35.68539151 11.94007142
28.78297119 12.52293344
33.19911642 13.1017853
26.86743087 10.90836152
34.4212812 12.03197452
33.68063247 10.08789616
27.39527134 8.34866609
33.71418347 9.80667537
34.817956 10.25094792
26.7496502 8.32376629
34.8421261 9.14526544
28.41087842 13.65630091
28.0284261 12.58634535
35.80487846 10.45905297
33.815823 8.09628145
29.2566355 10.07715591
30.31433031 8.89150426
27.65547767 8.48884736
30.26206235 13.73306446
26.45742405 11.46180079
31.92340195 11.40313187
34.79844602 12.79072183
29.80297168 9.9194042
29.841877 9.34380874
34.6916037 8.33981842
30.09566293 9.7100272
34.15088756 12.2198272
35.6491673 11.69913061
34.67776201 8.10245316
27.5041872 13.4736053
30.70109488 10.32614602
26.85268563 8.98827129
34.75700318 9.29946414
26.29426022 11.80683759
33.20087723 10.72016555
29.864437 9.69353915
28.65910543 8.71669186
28.63970772 12.66818283
28.45460203 13.07419048
28.62591744 11.60437801
35.48930669 11.52110262
31.47989494 13.67270464
27.12744539 8.9782427
33.22442712 13.73350178
26.72792269 13.09579836
30.7178601 8.69802677
28.46118339 10.14250977
31.54883991 12.47825464
33.26788662 10.51273502
26.95428727 13.62465532
32.71457934 12.34074885
34.79885165 8.69224647
29.50597621 12.25461585
27.95447053 11.37657537
32.11395125 10.54269232
29.41926968 13.15766218
29.513422 9.14844332
19.00192232 -4.65659153
16.02369659 -4.09891948
17.53721873 -2.24125574
21.08991575 -0.91931283
14.36346969 -4.80100031
18.73675847 -5.54945606
22.46176131 -3.60145418
20.47704614 -4.37303486
18.14958249 -5.39244397
19.04362351 -1.3991767
16.35890875 -2.3216084
15.17555513 -0.30916636
21.89289269 -5.7944016
21.87401713 -3.47416121
21.10348834 -1.27298227
18.68881091 -5.36295926
20.00759105 -0.20597056
19.33050989 -3.55228899
22.75093293 -0.36125369
17.42409957 -5.09913333
13.42845931 -2.46612799
16.62345308 -4.54156059
22.04420494 -3.46136159
21.23812791 -1.49048966
15.23252852 -5.58917969
17.79253772 -5.36543506
16.25523465 -2.8632856
16.814968 -1.81705954
16.89191443 -2.86211356
18.64018038 -2.95879497
19.67320723 -5.42249135
21.39888646 -3.65529271
15.29996103 -2.81713353
20.2212994 -1.68762824
16.76888639 -5.4315647
21.05166022 -5.44523157
14.41620618 -5.62441268
14.8785423 -1.56818185
19.36087177 -0.10424553
17.02915012 -5.12668575
18.15458262 -2.1895134
22.04541464 -3.58933752
18.92912432 -0.27722568
18.33894283 -5.69044456
15.35709919 -4.84031461
18.09335011 -5.25156529
22.06742554 -1.71951406
14.89380411 -4.785155
13.67628293 -5.83116285
21.31925346 -1.30548648
15.26366224 -4.04263538
22.0629657 -3.85939655
18.85129262 -0.84975693
17.26356121 -0.99778727
21.14368243 -5.12854202
13.85934107 -5.60954118
13.4572154 -3.16679741
20.13089145 -5.41308217
16.58611019 -0.76395471
14.01702462 -0.36772428
20.67390451 -4.82265101
20.125532 -2.8911165
13.22489967 -0.85702307
16.5999926 -5.10589653
22.68002199 -2.32455224
19.65392974 -1.6857879
19.80729835 -3.65771784
15.45992494 -2.78296446
18.58570714 -1.95430186
15.86174542 -4.85541777
13.67767918 -5.46641811
20.58308627 -3.7064192
20.12462624 -1.59980745
22.91794006 -0.79973428
19.81903576 -0.02017189
16.55966027 -5.04297581
13.00209104 -1.98512564
18.07992782 -0.22866007
22.71406621 -4.51830344
15.7054057 -0.31828835
19.72379258 -2.80773449
22.53544517 -5.74432676
20.85993425 -1.42109033
18.82035379 -4.36434151
16.39157939 -5.84342268
22.82689785 -1.06717648
19.80462188 -0.34330694
16.98467264 -5.47124681
20.91265211 -3.40586023
14.88909905 -2.6349208
16.10986737 -1.78312473
19.9317958 -0.11609778
17.36720288 -0.49670321
18.91165395 -3.33128301
16.31763669 -3.08358066
21.48050854 -4.48734853
13.47893915 -4.68580486
18.34924373 -1.37993307
22.17307879 -4.55755635
15.48168476 -1.97550377
19.30685646 -4.84040043
17.57630068 -5.29350059
17.27461598 -1.43799347
15.70015954 -4.11360786
14.30447247 -2.69719216
16.31018231 -1.37647749
19.79973068 -2.95667574
21.64997997 -5.67700033
20.43411328 -4.48689852
17.81241173 -1.90353246
18.12369886 -0.46517498
18.43350892 -5.8471864
15.60772522 -1.95996208
17.77700816 -0.98889772
15.66651302 -1.05730585
14.09920163 -2.95129619
21.19359192 -0.92187849
17.19053717 -3.57092496
19.5774315 -3.6737978
13.19043269 -1.61649716
18.32634459 -3.31710783
20.05728226 -0.57369188
20.58364688 -5.54540929
20.26588181 -5.76116686
20.22949999 -5.61268505
22.24740413 -5.99626271
13.96307741 -2.28599655
18.2558202 -5.16585049
20.00097153 -4.72347206
17.48822869 -2.45889392
15.11437475 -0.21962057
21.70928443 -2.96145018
21.44047496 -4.96576989
18.04596865 -4.02927886
17.17150311 -2.3626706
14.05060805 -5.51781031
13.8802717 -5.93359618
18.02230515 -2.09215286
21.01613816 -0.53852633
13.47875263 -5.50573941
18.59078092 -1.17984957
20.50304459 -0.43588277
19.9375728 -3.88737592
18.06277275 -3.37776379
21.49834479 -4.94212767
20.75978885 -2.99627173
19.18799739 -4.32210267
15.65997533 -1.25484573
15.21336299 -2.17780123
19.64379961 -5.10534535
14.03911445 -3.56545719
14.0906769 -3.63397223
17.34118504 -0.62278864
21.57586503 -0.80453376
17.44143366 -3.2277226
19.42238242 -4.61337495
16.15256483 -4.63547542
16.96203207 -1.05072485
16.64739375 -2.84063707
21.27863312 -5.86600524
22.21991218 -2.61074023
16.7582142 -4.77086837
19.83988628 -2.26734345
13.66741442 -0.26691147
13.40713703 -0.10181986
16.82243551 -2.3029673
19.88169205 -2.32682554
13.79173195 -5.30270943
18.65915871 -2.42826385
17.84474617 -3.96355518
20.20136517 -0.37910388
19.87838921 -0.78307119
22.09160349 -0.06636785
20.08938647 -5.63200044
16.03054562 -5.19882845
15.13260235 -4.93008343
18.3869693 -4.2961944
18.37074591 -3.58419078
19.24617781 -1.31096079
15.11946411 -3.0754941
19.64978271 -1.81538399
15.50651865 -2.90748251
17.017055 -5.74139355
16.69652847 -3.2282471
22.9027156 -3.92085771
18.72847764 -3.92001606
13.45693302 -0.66501965
13.05957085 -1.05058463
21.86584408 -4.54229317
16.82022969 -1.77726553
19.62908244 -4.23188065
17.35624296 -1.82987538
18.82931893 -4.15405016
13.34221873 -3.65840073
15.84036558 -5.135532
13.77998731 -0.34692729
14.21290515 -5.45270685
17.74444244 -2.66405506
17.98852305 -5.86886945
21.09986394 -5.75278063
16.09437249 -3.3637211
20.69875964 -0.12416896
19.8470436 -1.09912973
22.84261279 -3.27842266
19.11310054 -5.35793805
16.55011838 -1.46358187
15.36771845 -2.52029621
19.12745867 -5.32289232
16.19089297 -1.66002256
21.37349034 -0.86947381
15.4127789 -1.12427988
16.43704781 -5.12250105
20.1169864 -2.69744893
18.87974437 -1.77546629
13.32268048 -0.72672946
16.59274434 -2.37250303
19.76313032 -4.87672826
15.61356411 -5.97157949
19.24530229 -1.64442963
13.69900971 -1.01770594
13.72578142 -0.05707931
14.71378674 -5.53248946
15.86618856 -4.15037683
15.18275136 -3.58395006
17.54297621 -1.39347678
22.33685795 -2.80527371
14.14542582 -5.24409982
13.5917439 -1.02429711
13.4892726 -2.12963093
17.92553375 -3.00088717
19.0737886 -5.48129706
22.05506281 -3.76014884
20.76793152 -1.22345094
18.94798927 -4.45944702
16.11277294 -2.03577524
15.60024704 -2.08674828
20.45389533 -0.70471383
14.82397004 -1.07720085
15.67929678 -2.31036555
18.21383038 -3.71014582
19.14717211 -3.76694738
22.31073366 -5.18024748
14.18763862 -5.36979176
13.91300043 -3.37434754
17.66637545 -3.88392598
15.61523017 -1.93314876
20.64181067 -3.04225935
20.50464546 -1.706422
22.14979023 -3.60362047
17.34412139 -0.09291339
13.42991585 -0.92409401
15.63817754 -4.33623364
22.95129822 -5.52659359
16.95509033 -5.74020956
17.73853169 -5.69846073
15.29854923 -4.27352768
14.10476589 -3.31857433
22.37964347 -4.97389908
19.18057048 -2.30358549
15.85888263 -0.42120451
18.2077024 -3.75621362
17.71016569 -5.16246915
14.96614858 -4.84340095
19.76894244 -3.79428859
22.17015508 -5.04261196
17.51782813 -0.63135842
15.43368679 -4.43729614
15.70793665 -5.42978807
21.1176394 -0.28007994
13.30731336 -1.08532025
21.15537152 -4.42792337
20.55259051 -5.96245894
20.73488719 -5.50020487
21.92653879 -4.47728897
14.33208627 -2.78308062
13.9311633 -4.65801869
16.79786643 -4.5322272
22.64779066 -1.23753508
13.36466144 -1.13863296
15.86132472 -4.91849144
17.04825505 -4.39042691
21.16991374 -3.61142801
14.11343926 -1.2643124
17.1550428 -3.16634588
18.24882725 -3.72900716
18.03192285 -0.4607018
19.53059844 -4.06266706
19.936731 -4.71885868
18.56395353 -3.32752747
15.3278868 -4.48772728
18.66048974 -2.0430214
22.45570768 -0.31676629
13.3988902 -3.54988406
21.89598463 -1.99545213
21.86774854 -0.09948378
20.49110872 -2.10655678
13.14693047 -3.94719017
18.24170289 -4.35234144
19.57953751 -0.07973135
20.55094983 -5.86906779
13.87509457 -5.61693292
18.88610086 -5.35798655
20.97607177 -4.72033071
22.32647629 -5.82675993
17.50967217 -0.45528951
14.52755214 -0.48755371
16.50149744 -3.28208356
13.06331995 -1.81960568
15.11973015 -4.75253196
20.09472923 -2.39008171
13.24687706 -3.92323558
17.69334817 -3.10003859
13.04662703 -3.37905415
22.87647648 -3.77244793
22.77737883 -1.31123753
15.52209723 -4.11606298
18.17531517 -2.72891168
21.17527039 -0.38844072
13.81837151 -5.04907007
16.22581044 -3.52797483
22.00479624 -0.15251154
17.77831135 -5.30307872
17.16298129 -0.83233098
18.98692886 -4.57414451
15.64476127 -3.53139666
19.30185072 -3.59529131
22.52258003 -5.48718912
20.30274306 -1.33487121
21.54702144 -0.01355659
14.58300221 -0.80695096
20.66090662 -4.78440885
13.18455365 -1.9921613
13.71051159 -2.84156675
20.96607975 -3.11241254
15.53161571 -3.1391443
15.21671754 -5.7820968
21.60172988 -3.9769441
21.54857735 -2.06454937
16.13366449 -5.02564231
18.89125723 -2.58745449
16.59468416 -0.68933005
18.00333155 -2.85844022
14.52133802 -0.45715148
21.05942826 -2.87758102
15.46783785 -5.99498408
16.67621939 -1.50398173
21.80030007 -2.00592849
22.79924567 -3.83872991
17.89519896 -4.53541343
19.96111444 -2.0616993
14.9592229 -5.73039273
15.72113108 -3.61328057
17.00247397 -1.91640154
22.51167713 -2.14709008
17.97711163 -2.38288071
15.28848559 -0.26061006
21.42704383 -4.50535089
22.85435991 -0.25988201
21.05777521 -2.90221885
19.66632643 -2.56204927
17.8547922 -5.52302652
22.91559392 -0.47661788
21.34696875 -4.50197969
21.40919538 -3.8307825
15.04912648 -2.6654856
16.6647942 -5.81933081
19.16850474 -3.48475608
20.21243979 -4.52019878
14.6152055 -4.82557538
16.69058655 -3.89604729
22.50442317 -0.72952512
19.90796375 -1.83661596
17.9995568 -1.19851797
21.5874758 -3.42460832
17.94176326 -5.15016319
14.27846009 -4.42039702
18.67521027 -2.85798842
17.02481989 -5.97356856
22.87244164 -3.36061491
20.72727413 -1.33632167
18.7389963 -4.87336714
20.86965867 -3.29144636
13.60718583 -5.03549198
16.33479301 -2.80845746
19.73910794 -3.55675394
20.88828894 -1.54295358
18.09139884 -5.85858505
16.85229296 -4.2828129
22.6265733 -3.82765395
22.31215199 -5.85326998
15.38236113 -1.55224291
21.02138504 -1.07522612
18.46328605 -5.94177576
14.37843414 -0.20110221
21.51141741 -2.57996841
16.0628758 -4.28885625
21.18587283 -5.70057019
17.3306152 -5.44288746
19.01522305 -2.95826589
13.17085365 -0.01183963
19.96925736 -1.71917675
22.14208149 -0.85694575
15.85561646 -3.10118652
22.87154321 -4.82571339
20.84429016 -1.0499921
22.62803313 -1.37642578
22.74839912 -3.92493825
20.48061913 -4.53816304
17.31869476 -2.5990615
21.756594 -4.47786428
15.33514285 -2.7542292
17.49293411 -4.83548241
20.96707907 -3.55583534
18.08888932 -4.18290547
16.72907659 -4.6647331
15.77868258 -1.52937976
14.62907249 -3.97643746
20.35461789 -3.68995198
18.73022934 -0.62503773
18.30237984 -5.23228495
19.48459766 -1.12905945
20.6197031 -4.24248852
20.05954088 -0.94788388
19.01926418 -1.53777204
20.30883347 -1.88444886
21.72713716 -5.44676884
19.73900202 -0.09379575
15.02263572 -5.92458341
19.13632732 -1.04160681
18.05496283 -4.47933304
18.83202154 -3.44670209
15.99813232 -4.44781836
22.86732463 -3.8157778
17.10617948 -3.85295392
22.41712936 -3.70387519
15.02441366 -1.59245121
18.0926969 -5.7171047
21.50289301 -4.59365807
13.09726767 -1.71759988
15.07995742 -4.09367484
19.99822657 -5.02082331
14.58847692 -0.77115792
20.32095613 -4.77078435
14.59250672 -3.13096817
15.32439926 -5.70072208
13.41453636 -4.12839078
15.53293977 -2.24802907
22.87435413 -0.39968343
19.68487112 -2.79264786
18.38784632 -3.46034848
19.51840613 -1.29851299
14.10464544 -5.90041979
19.66511386 -1.79319471
18.12097595 -1.39133101
17.91195154 -1.342817
15.70737443 -3.59570683
19.52506467 -0.21542906
14.95991774 -4.86629727
15.75427163 -5.32063456
14.41581853 -1.79595438
19.95639777 -4.98840588
21.5624878 -4.44650797
16.18472259 -4.84306022
22.95611142 -2.76781912
15.98919544 -3.84688451
19.84388697 -3.82445406
20.85027953 -2.5274946
21.30776828 -5.54067283
17.93089643 -1.40724763
16.83647668 -5.90124551
17.14415257 -5.65596321
19.61856065 -0.97482176
16.63474073 -1.12822546
13.05055708 -0.40174943
21.66171176 -3.32810042
21.80687838 -4.63485304
19.58264299 -1.27013581
15.29833416 -1.56525822
13.78775426 -5.03724075
17.9455671 -1.38303238
20.57767985 -5.44233776
13.05963982 -3.76148614
19.76762233 -4.90947234
19.4267311 -5.71365218
16.76826917 -1.91714884
15.1856167 -4.65855078
14.60047126 -4.06484521
20.07487997 -0.96519832
22.22961637 -3.80814126
18.62704614 -5.69910067
16.31898098 -4.19476276
13.38354677 -4.4333787
20.93480098 -3.88919351
14.62532518 -4.02349963
18.21560247 -0.63194746
14.56287835 -0.19867666
22.04419954 -4.49426147
19.07180268 -3.00483046
14.13588539 -1.95415685
20.79030614 -3.53164385
20.71238337 -2.12919449
14.08620558 -3.60800049
18.50733975 -1.90850114
14.94488198 -1.23445923
17.48369991 -4.5360335
21.52286456 -4.69015942
20.04488757 -2.82333119
21.68052242 -3.67982873
22.37882292 -3.70302903
21.27728657 -5.06353856
16.640516 -0.07723338
13.47112265 -5.71720387
15.65180568 -1.41639978
17.93954838 -1.9121681
15.87184793 -2.77874915
13.74130758 -4.93728991
16.85870989 -3.72816243
13.38846295 -4.51744722
18.13249359 -3.52592163
17.34722608 -3.45611481
19.5565818 -2.59707085
20.64533075 -2.08790061
19.01387766 -0.90596091
15.52687431 -2.90327246
22.83409404 -1.4607675
15.6809834 -5.72764735
19.79794489 -5.71969874
17.61010007 -4.21746277
17.49943939 -1.16426319
22.19504469 -0.6760105
15.3548641 -5.92118759
13.77952905 -1.68036904
15.05529112 -5.65179133
18.27823318 -5.73433915
13.51812086 -3.41375166
21.46092662 -1.10105102
19.82773827 -5.84562371
19.9049409 -1.74847314
14.46593032 -2.17980888
15.2063543 -3.712753
19.4913609 -0.83065117
16.57639175 -2.3238259
14.11877696 -5.85115223
19.64659548 -1.48763029
13.17884979 -0.30214291
17.96393817 -0.51916854
17.15414765 -3.71123876
13.91023785 -5.30941354
22.42724722 -1.47865286
22.42516887 -0.36694882
19.83251855 -0.04588235
15.22227286 -5.74748131
17.08563094 -5.27150473
13.8344484 -1.93756969
14.38307907 -2.4407176
17.23263069 -2.46648118
21.06524121 -4.15390781
22.16073837 -4.38307191
17.72844 -5.11969959
14.96496953 -3.0775866
17.563704 -1.28943798
22.76872258 -3.25835156
21.53542155 -1.39812966
17.86397203 -0.9871507
19.04541903 -3.15360723
20.73008248 -1.1662087
14.63005494 -2.81070189
18.55392601 -2.28329479
22.09835009 -5.38139154
15.76126969 -3.07072905
17.22002326 -0.76294426
14.71527289 -4.10406274
17.92795729 -5.64626229
13.77440513 -1.46766501
13.3713856 -0.39164054
16.54693598 -3.77515234
13.12942746 -2.83767274
19.52673699 -5.90268264
14.27922678 -1.0369103
14.4593393 -0.80947009
18.02172006 -3.5401853
14.78206851 -3.86484829
18.05987362 -1.81732641
15.26533346 -5.56868668
21.8187912 -4.18082691
14.22142869 -5.45133851
21.84734647 -4.88419647
14.07824267 -3.87797819
15.14444548 -0.82398303
21.02322247 -4.87234331
19.90667901 -2.89951684
15.54036388 -5.42161541
17.35134353 -2.93799882
21.5615663 -4.82250385
18.14608715 -2.67673026
20.39415394 -3.15978129
20.6995453 -5.08757868
16.01707718 -1.50438076
14.26932436 -0.19894854
19.17609925 -0.01899431
17.41795901 -4.43174034
17.52230721 -0.60352873
18.35850696 -2.17725989
19.59504705 -5.5284078
22.19942955 -5.91028333
14.48259823 -1.54220886
14.9518468 -0.13961864
21.66933123 -5.23417027
22.36124411 -4.26812492
17.75270019 -1.12347437
19.47939896 -1.1009163
15.677616 -2.83575232
13.11519734 -3.60020177
15.59048219 -1.88971567
20.49946507 -0.81495566
18.30087078 -1.33698129
22.90210026 -4.44501425
15.89448213 -3.5304403
19.29105919 -1.05557213
19.79957364 -0.54276239
18.32999432 -1.29358142
15.36182059 -5.29655455
20.6012319 -4.90318014
21.13361908 -5.22633198
15.64252422 -2.8673226
19.58806708 -0.7546045
22.15023655 -5.24947568
15.0873887 -0.60405287
17.011292 -3.21819384
22.04384051 -1.84817398
15.92282796 -5.6288064
14.90198818 -5.0558064
18.18959599 -3.22259663
13.54567919 -4.13774948
15.67677071 -4.51390237
22.99339483 -3.51980383
15.2213477 -4.57176457
13.18611755 -2.6905582
13.76577249 -5.14280478
14.20751252 -1.6604296
17.36010622 -3.11628639
13.19753528 -0.31571377
14.8580547 -3.25581802
16.53327524 -0.63650836
19.63917457 -3.63088732
16.55532053 -3.69783162
17.60678064 -3.20976935
17.80500242 -3.42477972
17.7234478 -0.03531744
19.4800646 -1.62527176
18.23872859 -0.8533624
21.92928329 -5.68093371
13.85399834 -3.71473095
22.34022634 -4.24155599
19.32153822 -0.20010854
17.78057881 -0.0505186
22.89711421 -5.00589198
14.5815992 -5.07385987
20.01951729 -2.79370427
19.37654933 -4.53968104
19.18976212 -2.59406389
13.22037535 -2.44623558
13.37273873 -4.46126121
15.37989619 -2.26864229
19.14438968 -0.96073512
15.62128055 -1.12234487