-25.693910108040168 -2.9120190219884954
-28.946082118688096 -5.15685257662656
-28.762992344778798 -5.251074884151322
-24.976972633855436 -8.902717695567272
-25.753708078501543 -6.063151893941675
-24.17767624765953 -2.201528031571162
-25.762839526645035 -3.7412561084839133
-25.547717130876872 -7.933363595620247
-26.11173312291279 -5.289066464837417
-28.303834670727248 -5.14469393529706
-31.022347404175793 -7.173872149689476
-32.72046923879552 -0.711108197580621
-26.093034386523343 -6.206396923215072
-30.325974590541215 -0.35539369260704623
-22.865586729255053 -9.311604920783797
-30.23561249017222 -2.850470247364095
-24.91032683988553 2.338036200506483
-26.8598508114783 -3.272262604576167
-25.854228783128107 -5.0934393877388615
-20.015038706879007 -5.404183379318752
-26.71889725110399 -3.02230358227409
-26.82219728094292 -3.922054715891082
-23.703010194056393 -5.156597960153445
-28.424075949793487 -2.53136715100153
-26.865957361968036 -3.1454614763964255
-27.77776084378674 0.06581796752582614
-26.68098477951562 -4.610227471174592
-27.399495662234408 -3.502909206411204
-29.58457884563307 -2.825539915593344
-28.704366682426098 -2.0535992139369332
-27.37787676845397 -1.793803491730249
-26.35513490001476 -4.71017069177794
-25.317496476928575 -2.962429558349143
-29.811115508683883 -3.8335051809861174
-22.974221881252106 -4.240192046429769
-30.399400760070066 -6.644851332063885
-28.168057483813392 -5.37703748795004
-26.455999239120956 -2.423126679841639
-27.786044212248346 -5.3793499368815585
-30.10889970876852 -3.9157227674464514
-29.667657445122884 -7.869657893747032
-25.43401377173874 -2.7527201665618306
-30.147776921754403 -2.489522928816873
-26.528454083025274 -3.129062670086946
-25.821621027577383 -6.8474069897046945
-31.078603881980023 -0.3517616103559482
-21.249774409364054 -7.439093023018222
-20.299634638860724 -5.987709427324658
-26.09342888427602 -3.7313720827540817
-25.69257185293307 -4.878692691469205
-26.11473177916532 -5.293769385713935
-30.30108317880518 1.9319734622810882
-26.350490125197222 -4.192357368110684
-27.480627177065465 -9.133629967737345
-23.20118810667589 -7.721048951219615
-20.648210993846643 -5.113387359077937
-25.98302908570306 -2.7228942594626373
-27.466348681082433 -2.5686683046070056
-28.228038054669486 -7.574314688065272
-22.745525653707997 -1.8422222571092124
-26.621536277371277 -3.410575275505357
-29.623850419818655 -9.811888506162049
-26.44728193625114 -5.472868496312747
-26.990134328730683 -3.3076705813710245
-29.16226155878171 0.4926619807845878
-26.774920598992672 -3.7939804250931144
-26.195274902693118 -3.1720527765516167
-26.80419553446579 -4.200567424416369
-24.146779612975106 -3.4286012460169
-25.083231923928096 -2.8442895177863465
-27.14937277509784 -2.1472602551054196
-29.15195254791984 2.081584349648373
-27.69137903408047 -1.6892900705605522
-25.542114209924726 -3.760544716232978
-33.283575911197325 -5.208037345293545
-21.993437421718532 -2.24834667822945
-25.538482997037892 0.6479928581130476
-27.03193950553627 -2.7452380911553904
-27.068579712464626 -8.587763538522202
-31.228505754977856 0.46137238594569663
-30.870441328825315 0.10417362478142911
-31.26979916354834 -3.67415126735985
-31.338158747116264 1.2299715479048619
-28.41711356490823 -3.9965225746172433
-25.81399894828111 -5.0068240770333885
-26.69377011095706 -3.7889472383213563
-33.16026339677565 -2.7919405611572246
-27.291665507389578 -2.310784064036534
-26.282700575713985 1.789521149035
-32.870474694731904 -3.6760142687870836
-31.585056379756026 -4.782819100804151
-26.385145385362428 -3.555571693442472
-29.42841121084689 -0.559421224499355
-28.186651563447455 -5.291331100808533
-26.54410135587841 -3.3334328382214276
-20.850206025026463 -7.078917864525074
-22.846390341320504 -0.2867260613338316
-28.134549102314548 -1.7347768343248777
-24.606594708266364 -2.1819231236181182
-26.384949065732176 -4.281452367921116
-21.255958106174294 -6.957879117830158
-25.99233650985112 0.9885172563112548
-27.72959438578774 -1.8174516363717865
-30.222068462015386 0.6013344012932036
-26.395909008641638 -4.685196292279633
-26.816034900404546 -5.0371147198815525
-25.90854383415793 -4.062582499589985
-25.564545001090806 -0.13128378922344464
-26.0755391220302 -1.2121027870825056
-26.163283246580693 -1.9025369585697438
-26.404405433560402 -3.198285909256229
-25.849900297494568 -0.8188211781791894
-31.617375385340644 -3.017052080112209
-27.29468375464505 -4.772496369615801
-22.599190933310446 -3.7101176551694355
-26.568308150225775 2.534602389047328
-30.248573982727667 -7.050330783063917
-29.04261830815734 -8.371327409606668
-27.279611544419062 -7.133734065202203
-29.975668725222253 -2.4847361079888572
-25.829948821664782 -7.523562178307907
-21.6732333981059 -0.8765925042603722
-25.571360566562767 -2.734769125416478
-27.85056078956989 -9.588013887292568
-26.681825396742187 -3.886883115432741
-30.399635159803744 -8.425077621736515
-27.878318135582788 -8.971667362550008
-24.238545956227643 -0.0568039212496525
-27.50424052659087 -5.447784796488489
-33.46161923207445 -3.2269173677825367
-31.50943802240397 -2.975414127513324
-22.385069027242864 -1.7836472882469963
-25.674939368948635 -2.2153239467854853
-24.417878477045445 -4.666770217765894
-25.7548847647481 -9.935930314580574
-24.26325639157737 -7.775071754628308
-25.987668890569072 -4.794765750010646
-22.41241707239191 -4.686950345682945
-26.726468186398826 -3.8170772070751346
-22.90680205027918 -5.088298367850326
-24.840389660291194 -2.7465085021744313
-27.527179317723082 -9.910724291574976
-26.795133929724873 -2.7624152733430973
-26.901122147572814 -3.767020971990158
-28.949664305776963 -2.822319193582662
-28.441256685888664 -3.029273973817819
-25.876427687863323 2.0945949323864976
-25.751758159061296 -6.020203206163775
-27.800966410201998 -4.932334153431346
-25.570283904821842 -4.235370947896983
-30.821487296255277 -2.197619810281223
-27.106986097096005 -0.6450431557799723
-32.22409631687545 -0.07969531735739732
-32.506426073902475 -1.0781269349535663
-21.11453465153982 0.3304068535648712
-26.914322104271402 1.3769520281083656
-25.92400205213795 -2.023065861207482
-26.096743843623692 -3.5349098452332615
-22.882458433299423 -9.300717114438008
-23.105705757469586 -2.965141110666158
-27.71550175694715 -2.110811833947711
-30.287251655681857 -3.2316171927318753
-29.1639805455555 -3.8266910354312187
-26.918675810204295 -3.472180992920763
-25.646126307147547 -6.084603327485361
-31.82510206475075 -3.732901897284622
-25.838145756350585 -4.129408645074189
-22.735135972630573 -0.56171015327266
-32.48586181715787 -6.2879018579937345
-26.98198090962078 -6.573306308757653
-28.707418307441625 -1.6268180655112312
-30.465457543301223 -1.2953292628865904
-28.6826277135642 -4.472384135735514
-30.853945912440793 -0.1436447041670288
-25.984326736209223 -6.490849536581906
-28.058399760305026 -1.3227895402808358
-26.48929083836656 -2.82585802980104
-31.57777292875753 -3.4974871421461895
-29.363353275431365 -6.4193006526772525
-26.69790630183315 -2.9470784054624746
-29.227853847576288 -7.4630449028204735
-30.018462700014908 2.2633709508310593
-23.206570286561256 -8.054567235021057
-27.67096555329992 -5.907431409955582
-26.217226061575975 -4.469316115294288
-24.85110976653544 -5.097865155085897
-25.638907682738274 2.2681841552945112
-25.89950500260617 -3.6486104826182375
-29.87092289591479 0.6988797230397115
-28.388829884595417 -6.6131670759971595
-28.397592825211106 -1.52184747808119
-25.177293428418057 -0.48504767205590094
-27.998682339008276 -5.3318857470104986
-23.658674859950082 -7.831916069398801
-29.586088985585167 -5.490334790249388
-28.082509615954635 -5.7578022046689075
-26.117134146932163 -2.1426031895020463
-29.55178274679885 -3.054101969227877
-27.500561899424454 0.7745367298854582
-27.260753326631608 -3.985956100979543
36.64956717057744 10.162636128799733
41.47224088974334 19.067939018722768
41.381373264953055 19.524457780885562
39.7406800818542 13.509777884494223
41.77275553207044 18.27517463493394
43.44566433422905 18.58034958116555
38.38144964489073 15.57700775030209
43.93092567658412 15.41643907414875
40.28122675997194 14.668060010984458
42.57429191815973 14.311475073626688
42.013303461660726 13.958813086216093
41.79573368275847 15.46958088757548
36.34532354448618 19.800476741370588
40.06830968452051 15.22098296777806
40.10740708899632 12.965987259668434
40.96881315462573 19.724375724164187
42.46800163682089 19.594070375208137
43.07820501265476 14.512192692107817
41.33212484024803 16.54366805736428
39.079770091668806 19.504707852890682
40.5951760111319 20.80330866076222
37.84767728561336 17.28747362222498
39.28477402199674 20.508607951610422
41.30556067461146 15.55642530905388
35.90446325677526 12.21345670162196
40.18038219281103 15.438343801541551
43.79774504702711 11.246548273821933
38.0438109957045 16.4594556066434
40.62846452258878 11.626856556061487
36.78789096169764 15.268656745781856
38.782312948287206 19.00086158183997
38.131960282437134 15.601794325866962
38.045200396855556 14.519003704940932
40.989084553008254 12.491489014237063
40.27863480410694 15.117044389783013
40.30786421859491 13.942850916403263
40.360795040274276 19.44180827904482
41.71538987739297 13.605317730435235
39.06835525350948 11.057982963572988
35.817160926930484 16.032965635935454
37.437214834780214 12.925040020929202
41.054785977848596 12.774903551488379
43.65518302661726 13.656211118715191
45.273857793285515 14.736266805396808
35.469749091218496 17.73870354459596
43.20661464270337 17.89301650545402
41.53919637752554 15.388372233920162
41.45966524155917 18.78674479579061
45.11691247749594 17.24861907235082
41.45331010766851 15.811333282990462
46.086910713351834 12.92313385261661
41.12642546984687 16.82671468811278
40.7317080761691 11.711394518473806
37.17912453330676 14.280595082979858
45.47156728200523 12.250341967273037
41.45871911879882 15.518980490876775
44.883273574916686 12.29532515086117
38.89031094595074 9.482067207175987
42.018240814722866 20.176218625561866
40.982012762266194 9.345732609759963
42.21736361933437 15.946794119580591
39.970058597211086 13.475022033982293
36.46773938388342 19.71436488816482
35.68869230648728 15.436637025262424
44.41093016509708 20.79055831173222
39.13546764456205 14.603573242838646
42.99703849838886 10.512158068643885
42.97467300346879 18.027970594370245
41.08613225713732 15.329494396228137
41.73777591375431 14.912195078950111
40.98616000708458 15.221477069736892
39.09203896198208 16.640509621739714
44.99640014404203 12.130437302355954
41.26696864778626 19.159841384796376
39.728661064626955 14.612572694070353
40.99580106784362 14.814394365033419
41.60710834754888 15.634382351417235
41.078608361757404 14.149445421823843
41.626077140268684 15.032446049098764
43.85842530843115 14.785059995013473
38.20666267879843 20.390044923614035
43.132849510672365 18.504789933216472
43.05164167094251 15.572067506623997
41.107348777315586 17.14820540735401
41.66577567932377 14.4097528935716
38.2467351320039 10.364500780804113
43.4341563170572 18.99324183628781
40.98856971449198 15.232858878068178
42.60310397795118 15.508235637309316
44.140910822214096 9.637387972238809
34.66417141663367 13.697938554316421
44.1521454239741 16.928327889944843
40.74031424230278 14.345283623350761
38.7926538600817 18.917695320882885
41.21894146769962 21.344180192182034
37.47622580125342 13.868663535618227
37.17787135500302 13.8423332903188
40.29675511408494 13.289968945825015
43.358923272721974 20.068551983735638
45.29241212363572 19.415118720071444
41.8038024889647 17.717229403484627
42.20038962364754 10.89292318085251
35.672112525825675 16.77976324988687
39.599913988875535 15.281696056581888
38.350257519370416 10.824619190820531
39.66018052667665 14.189626711614903
43.14712980830024 9.853411694068903
45.773522767936605 17.51646889871434
40.16677623829159 15.16254959496108
40.99359625034672 15.213843964687312
43.040544241132565 9.459867854952876
38.426019220111044 18.273650216845
44.87854926525186 17.859097747992948
41.588357940701414 16.814277565958353
40.09930720648957 13.69501903037482
38.79891821253581 14.30650528164975
42.30898750113173 12.435722305526117
41.324765846886514 12.9844760182208
40.084742717409696 13.392645238454906
37.067366369516684 15.837431801215153
34.44063017068665 13.041189955770454
44.5312124729187 14.461249366897231
43.26797888374427 15.700581336324621
40.60935573406992 15.068438323640704
45.0269199135556 14.876047968940265
44.33017344951096 21.136736167320997
35.144440448779044 18.21842984070509
43.39727798771125 9.46468341699912
45.109047629796976 17.29283198134306
42.47591915432729 11.62739000332077
41.584347955035966 15.685025200711614
43.56291837802737 16.52387927518229
45.25818974541176 10.146252301738457
41.90718234205573 14.992742338757157
37.79409333021915 15.693001768366631
45.088385868383966 16.714682394511062
41.29144973495 15.601682116459962
37.724826625314684 15.478531129097655
40.986847813908035 14.578813448555726
41.00504241290808 15.23629539892279
43.67191847778803 11.53765585572949
44.32342420513201 14.52000876455535
39.111989556362374 11.892215756696002
38.73182638756717 12.549270400452926
41.54993380768282 10.305586631104795
40.308476817806635 11.831191320900842
41.221650671090124 16.826376096475126
40.02866418475753 14.765090310782002
41.944824757382584 13.093135120549785
41.71691522333276 16.939572132671778
41.07818464012223 14.61042869119009
40.42555164860509 13.642385258175782
38.80008225623339 11.92243744412715
37.12572843154628 11.789252612665454
41.618086168228395 11.948064487605375
42.680820078380755 14.782936814706442
40.575748646422696 18.27655279806168
41.804960669101014 10.044395519132774
39.85312338550247 21.046505939073775
40.03942871824331 11.724655214183903
43.45768051345439 13.399397735712148
42.346989047983335 12.154311895837408
38.31957160513469 12.262283728002956
40.82939327294688 15.216763803230826
38.48263045296808 12.674962564714498
38.44595538064152 19.716077072555052
38.21355488786892 18.406214817360432
39.8657151285006 15.265564360998756
46.241347358579276 15.743828348311325
39.56847230391209 15.69412370568417
36.41672844884814 12.702348815620432
42.04561198756873 12.618393892798071
40.97704752369808 14.986600690991368
44.741889717845694 11.155843072281193
37.469956673049424 12.022934862533894
46.11112989801821 16.72773554495043
43.072726229402 21.064615726535287
45.22081160067884 19.855000011935978
47.14938441273382 15.060356323220743
40.93725453610941 15.12204404251832
38.79080484884742 20.686191763909058
39.018480211321645 20.130182497966366
42.126949349743796 12.953694467133676
42.722561062093895 15.352645766619919
44.49268682426848 18.291141029037046
41.69448764449357 13.901741997421016
43.332235324072606 16.92701691692133
40.766265260872686 15.253859473158759
42.03107076575633 18.836604720455632
41.117468426215495 16.489945448286253
46.561872284242604 17.082807246088773
41.265978224197944 13.579969819758869
44.680026426878975 9.749982607504457
35.97505639675513 11.840974367942577
47.38441553258537 17.08098728246532
43.605739915445916 16.027743761994213
42.23876336096107 14.995480759255113
40.79861594527656 14.946333168605976
41.28796015368631 15.27512177246712
37.27830098735201 17.550333811997216
-5.613051174631949 -39.13921027895163
-13.479613135097074 -45.09512148434531
-12.682387413560102 -43.619177889134775
-11.422385955154832 -34.918589266377396
-11.898523084359198 -41.54265949727326
-14.395511084571805 -41.32751042412956
-14.034321950993565 -40.96188928290297
-15.941003723493004 -39.48424878659843
-5.483238465938752 -37.38202841829765
-11.362852132225091 -37.29692640900703
-11.296321445823061 -41.082150067696126
-11.05214461709567 -35.148968022570884
-9.7911104823738 -36.953569097624474
-9.088333959822071 -35.29135502134811
-8.53385751454901 -38.979110117958086
-5.935257337948813 -40.989588266032314
-6.762176063344423 -38.08778821999085
-11.249105577782624 -40.17295003790254
-9.673800356454537 -46.4386318613828
-10.429245951766898 -39.628903469209085
-13.861399660569687 -45.07460592607751
-10.78373213831091 -42.32023604271228
-12.971416501581745 -40.780028788851
-10.414184051317974 -45.284733452976525
-10.668302593029019 -40.536382685579184
-14.768974610306913 -44.322066437146404
-10.343482055540651 -43.18476792497928
-8.19638536887437 -45.872185294353216
-10.355599224735636 -41.206550047107996
-10.163804612800885 -34.85998161504967
-5.8776897608099254 -43.594079914194886
-6.6701519723152325 -36.99816330122982
-11.228768164702219 -42.89311738299881
-8.286090905782345 -34.408161043332655
-11.413300956651547 -40.26375798933658
-8.381278052460257 -44.75584929005488
-10.652861889792065 -39.72143295782214
-10.998522272056556 -40.34352672197035
-6.2198908321994395 -41.01032483783311
-5.2212034246712 -37.62594271150472
-8.996630734752639 -38.371867314839804
-9.421743422363736 -41.45230496619409
-10.17771588195784 -35.57504754565374
-13.630370181454854 -34.49884633021342
-9.340375284555101 -34.532164940024046
-16.173780506120053 -35.666884220744585
-10.992165287284939 -39.16663456474896
-15.843868753327094 -38.21705523791978
-11.535962117534286 -40.09338406730312
-9.93647545135687 -39.952272632617664
-6.094361705201565 -40.4607249700468
-12.281948099701557 -34.110087466909285
-11.289559975756283 -39.646664366444284
-5.059702904610195 -42.86344296840017
-12.991682891656072 -39.260901415341934
-5.243932887552699 -38.17094005266054
-10.755235140520737 -35.140820442564234
-6.729553133246717 -39.28457713805134
-11.13114908488415 -40.086317358625784
-8.463864833497759 -34.31436400965483
-7.641235590756217 -44.89778338993481
-6.120321685554389 -40.9976876312359
-8.611687110581478 -46.57838968343473
-17.337671826528037 -37.41101447290202
-11.356841497752102 -42.57920522239911
-4.468823902594983 -40.949252985067965
-10.32824647175495 -42.30644884346581
-10.821030438803481 -40.06766030293343
-6.322269606617015 -35.75689338299797
-10.685422260061534 -40.19561142453819
-12.163503841476514 -37.77053606867384
-7.670798292821994 -44.82151087246452
-14.405698919436757 -39.533728443375495
-14.777969716437315 -38.865371532019374
-8.310508566815283 -34.98885589301098
-13.408543099861095 -34.535008251449696
-6.181522480280616 -41.19595514240497
-9.606992941490075 -40.68141691105479
-8.716004631968522 -43.57851187903062
-8.726531412950976 -39.225586639340165
-11.230776948122593 -39.10370493575965
-15.12911720000037 -37.86763725858782
-14.333410804767068 -38.82761657574502
-9.494190768508108 -37.24394997881927
-12.159724832251797 -35.82984391796495
-6.707681160966705 -40.609659914315735
-6.276795555777449 -43.652266123016084
-11.044712679897868 -34.42552911624483
-7.612320492160851 -37.803057731125215
-14.939133305783939 -38.14538560833235
-17.380500026583345 -41.12980229022253
-14.93097237950257 -40.153047455670446
-7.020342444868456 -37.45566454109034
-9.123053587885096 -35.58049646004012
-7.34360321384972 -36.31059579018588
-11.182621007535307 -33.49138980451787
-11.485571964194557 -35.23335962295573
-12.010693737562042 -40.43705138330764
-7.09751437018599 -34.50972201865239
-14.328129915537392 -44.906098468380215
-14.120817117812694 -39.59851583121531
-4.358745141798954 -42.173007288902674
-8.059409876885212 -40.56090718626151
-11.522063925125433 -39.97917946717486
-14.977586491835517 -44.43442158547923
-10.39102355413455 -39.789091739631715
-11.927637605934553 -40.9338208931868
-13.926390064767828 -33.751608247315794
-11.87351766777849 -38.47414362483253
-12.700079624532233 -34.59831988612969
-8.149202291266832 -40.51820471185805
-6.6017886558048 -41.28022005265266
-11.692555462891436 -41.25363645785639
-9.961657884772311 -39.888659476578894
-11.842645693881307 -43.63305900957152
-12.751718012031475 -43.03427358728763
-10.648596856682992 -40.02300379325774
-13.318426962874502 -41.691440498661066
-10.053124285849812 -36.76386899339369
-9.358871142501185 -44.15260825209253
-5.456474181564172 -42.35120369632405
-8.539414373031553 -38.249939804125795
-6.06527688605842 -41.70686994422197
-9.80538231861027 -40.31775780501163
-11.024997456757372 -39.86022490825843
-9.8524534278635 -40.30453993619502
-10.753302143140125 -34.859183211778955
-12.282958560708238 -42.334414001056494
-7.470023349761725 -42.711625187027195
-12.250183033563507 -39.06685057879605
-12.484492694399774 -33.55955830046659
-8.693955087150426 -39.125328685423725
-8.087180516327372 -42.76586342526382
-4.712727137247529 -40.64828756433644
-10.961137731704465 -34.03047341579165
-9.577219345542938 -43.59248794812263
-8.441130595684417 -36.64375842708291
-7.336975574582301 -35.637660816741196
-14.424769008264594 -41.41268421358099
-10.7660609774951 -36.12176090026918
-11.455311560758735 -37.88383853854325
-7.118764445392346 -44.147896367303446
-10.97614368930215 -40.11037259312014
-12.336716387043275 -39.30358913957452
-11.868852351112888 -39.70390123020138
-14.5383401001063 -40.827643994211606
-16.65613538607398 -37.982499038306955
-11.511007811111774 -38.09130729902944
-15.7261013674919 -36.60488051441915
-9.214958999360993 -37.69840481555939
-10.626988124363468 -40.34745913485412
-7.915333614116381 -35.76195860552971
-16.371918285807286 -39.742267020655646
-9.874200371821088 -40.38091468640525
-11.784517628896673 -37.41999738931252
-6.025899658806018 -39.274679751670774
-13.268770605047802 -42.49309008118329
-7.813487165584033 -41.805059886747046
-14.445139242688597 -40.196684498055156
-12.416144834335505 -39.34083835901652
-4.7868395727703925 -41.244207476544304
-12.328783360736171 -35.53870424901275
-4.9866790236365155 -41.18448860831442
-6.601200483046604 -44.451757740134774
-8.325120543989787 -40.25430649038177
-10.31314917550798 -42.025276613207396
-10.80285045060211 -38.49451807574293
-8.05234430941604 -43.32299154447413
-5.355169258013453 -37.775529669153784
-10.831426891744892 -39.929033382154124
-13.05576857091388 -39.67188402771305
-10.356033810974022 -40.203218795254074
-9.598244082173427 -38.65525563888292
-8.005047732056179 -40.1042855550984
-13.721862853291942 -41.576713518506665
-13.907443424051483 -41.0699236317259
-13.434332829782637 -37.499653353893066
-7.494485863110842 -38.38898541095581
-10.944553291099064 -39.73216847780967
-11.430791098103604 -39.6033409894056
-11.374381780926186 -39.698681424318636
-8.09697468633091 -45.583325837488786
-11.758787011954174 -34.19053379498546
-12.490165993143012 -34.04658705194473
-12.168965231981058 -43.39135917708557
-13.200485410025996 -37.031000733545966
-5.145942303898594 -36.65446571338314
-9.090051445025985 -39.85435100879752
-11.068389754839394 -41.169609109580875
-7.4329195595970265 -38.20825433449006
-17.158445178789318 -40.3082574142507
-11.828726439433648 -45.39855143149154
-13.928086788245754 -44.50265026716869
-7.317296975827634 -38.84934333814004
-8.027472958332119 -39.45573987893522
-5.9137326917498125 -44.279703015510975
-10.942568685342048 -39.96253884328229
-10.964054811129072 -40.440463651820565
-9.385325256220034 -40.05360008732165
-14.851671636719372 -40.237968286714555
35.92509783645864 -8.85522381153333
33.51164704007353 -16.21660859826793
35.643303915508696 -11.556425726697992
38.64870060472166 -12.546744242034503
38.16145468287269 -19.658550200794714
37.4748071991242 -15.243462356759386
41.90530482748329 -15.97788270298676
36.94665347461554 -13.969894616868542
42.39884228400505 -17.764360244114286
30.427083528191073 -19.229386902883924
35.40821505580716 -9.839506140288062
35.5986071639213 -11.17528343805662
38.15921600761973 -14.370470359036108
32.47464824189443 -15.769091623696442
37.28454786712723 -17.426983723314308
35.94576649065819 -19.006995338993928
36.94892470347518 -14.509231852944517
31.79112814109762 -10.162303433534607
36.3617211842802 -12.796639696128638
40.701126137383966 -12.224584172773318
30.347962982714233 -13.42933185700144
36.07552670991788 -15.213070976086282
40.18301811122959 -18.97502178817076
36.7438515699017 -20.291311044819558
36.31829490500415 -15.274437778162053
35.85823318130422 -16.631121974465067
34.46472082373622 -15.215595100278374
33.372003026393045 -16.150710952293785
37.469964477143066 -19.494931542745984
36.56679036580778 -13.592775867348541
34.034593822786064 -10.577702929423438
35.56903117551566 -18.053959569925375
34.44991435440889 -15.556791278526605
34.59331227734628 -10.061575278491413
36.39528433240468 -16.29954024503402
34.839471095676686 -14.363211770290217
36.87796349389419 -22.066531854012197
35.72102921892479 -21.44054096086436
36.22152867303932 -16.395854887048174
30.521365412908402 -12.414089794448174
38.05320816006905 -14.591320384829174
34.35200159400782 -13.768452297426464
36.752684949016924 -14.14475552082055
35.8845343115421 -15.464909334615577
37.20834018556973 -11.857179218393208
40.8876005444999 -13.202069359438921
35.955350790694126 -15.454635081004898
33.8649565613303 -12.902137503726903
34.85878076615023 -14.927438916613168
37.032279684918706 -22.125017423403797
33.05751633406469 -20.533674980431364
32.34949287382401 -15.075795759879307
36.01192998572756 -14.195543471733615
29.591552031518543 -17.508810673170977
38.938766007462945 -11.773939968381288
35.32483312274666 -12.82377852833381
38.141070693939604 -15.847069165272563
34.7561918501798 -13.321953308088338
34.599085749515595 -16.190930960183234
41.67399834914481 -12.774461311862984
39.53763815531805 -20.974631987077284
38.03441990489684 -14.249181318121206
36.43213711943618 -15.298035204800016
29.387789277856736 -16.372205251748035
36.51131024095533 -14.069529251488987
31.438409820789865 -14.210448527467085
32.24119964469351 -11.231704121078135
39.93942874061183 -20.381391900505395
40.66614054508998 -20.346983031078267
39.59789453933811 -21.212676273366526
36.93572726774528 -11.415873224720501
37.76766977986845 -14.052692933111397
37.270311697343914 -19.43774970972662
37.64517425192496 -17.203478110385145
36.28932105374227 -12.970845864131114
36.11752162826491 -13.999667851195284
31.25188547371172 -19.858328737625826
35.18054571230107 -15.333432756957684
40.303568036940476 -18.211958936668804
38.08651449778014 -13.642818143232963
32.54417049071898 -11.431875389316092
37.98363402356423 -13.56543010147373
36.55804251233284 -15.936094588612116
38.837740510842366 -14.64677642816143
31.28768317191851 -16.413310295894323
39.50109410258205 -16.925182511991473
33.169204713509885 -17.19661475621374
35.81595808070203 -15.142517855731256
31.830258526321117 -13.177373568027287
35.22480780891009 -20.081473420495435
36.765688345593716 -13.437273358473695
30.590346956418983 -17.787175973505825
40.95048062683939 -11.158907563505696
39.30646611767126 -9.023563240856156
35.57668559139752 -14.938718435047985
36.99295179659517 -15.711026982780812
36.18708435392074 -15.242943041143201
36.17157010464589 -8.947636751307844
40.29422994679997 -9.790437641194547
41.018783231891874 -15.764948156363838
29.829709541866578 -16.661939153198176
36.83149709788573 -17.49952134091569
36.1285497299322 -15.127379586175053
32.954516859504686 -10.75860450213679
39.09602202687647 -19.41019771643506
36.01415086876121 -14.955882770053003
36.17769624813651 -14.946018966001088
33.76584752367309 -20.571843431784856
34.18241780794566 -14.741106976905863
30.692974829960065 -16.546805853522724
39.120903643399345 -15.333438635800647
31.435779550129624 -20.099295371038203
37.012784910173224 -18.051059077705375
32.50894916280028 -20.11927458534124
35.621563841980624 -15.611780277860095
36.25840346091704 -10.34661228967683
42.48093272893052 -16.288662190205972
37.974442723770956 -16.0381755054081
37.39629165955832 -9.073331925634157
35.47647143636676 -11.882937199975347
37.52137488930428 -15.750111388161505
36.08123309440678 -14.248804648526042
36.0060821174989 -14.364887497452369
36.20566016286601 -15.29371817219618
32.43697341822009 -17.577147963383002
31.424054814028093 -15.43476389954511
37.52698474300123 -18.425628481943594
37.46233103161766 -13.606903214885339
38.26668822701788 -10.88024339804442
34.35388744947067 -15.583295144961603
36.23975054171465 -14.855629748705281
36.40998168935313 -15.42512939104021
38.05953251524965 -15.388422250512356
41.29206225626665 -14.314544219038655
40.04771334324319 -10.800851586230602
36.288172702079954 -18.930959526850877
35.39943037241663 -13.66768919535155
34.95643216836137 -13.713515457613667
31.83400159027747 -18.587041352172285
37.363448709591054 -8.80905712016975
36.542810378556744 -15.439105403239223
39.1436225450412 -19.726049669286713
37.02527053089282 -15.744434310780004
42.56587405219197 -12.475463239722338
36.990976045810996 -16.804966814250093
36.938154774147904 -14.760519211323803
35.42388714626159 -15.730836562046175
30.274028743082766 -16.127635168724314
36.91405241888824 -15.986518313893825
40.76863115564871 -13.263882629833764
39.052373619486445 -16.204813405608746
34.667268653255526 -14.038885093422062
36.07986560877973 -15.237313905699333
36.91550106610833 -19.681470712601524
33.429763955402294 -14.023795641627745
37.64115949482195 -17.190158637780808
38.705206372966856 -15.350025611518067
36.22301729808159 -15.233017271105632
31.397763978336755 -17.17992243264485
33.244892260094936 -19.70491343217427
35.226900595048996 -14.18501090184284
33.68741262081831 -21.55624175223055
35.77079479206517 -15.089854543900909
33.31086381455522 -12.048581147290022
39.3363231578768 -18.526348393717438
40.23915932024186 -17.942636255787196
32.90340210563403 -10.1797543535384
36.425057432805815 -13.904037887671503
30.050194234546797 -13.979771786857645
41.68957297961623 -13.90772217563001
29.877959847365172 -18.008108277248624
33.79238383705779 -17.421218115428953
37.56728231761103 -14.49903830724177
35.76766463528898 -12.200412005350822
33.65849761963022 -17.452429318989353
36.16342490226548 -15.267764559918888
29.47775228364334 -14.830844173440738
31.2183759586512 -13.839874483203886
33.83188047635391 -19.30045175191089
37.812595346095065 -17.901592062298782
36.108513628286 -15.079041026594263
41.143648410793055 -19.375823482672303
30.143970258617813 -13.323001154634573
35.635005402893434 -12.53441028427878
38.121965686692896 -12.099933806166732
35.89286148378091 -16.602714663279368
38.23809621694189 -20.227704552928
38.01695252945547 -19.54988203787671
34.82121513843373 -17.47328176333686
41.200791363181665 -14.70945924549918
36.732549400248665 -17.21759814899857
31.299336089930527 -19.933133179648028
36.596987070671716 -13.74713866018622
33.90108692123297 -13.504963261043244
34.93769884176803 -12.290594092067298
36.350470940637685 -14.528446321322381
35.64729073925084 -13.319726886025277
41.072167859778695 -11.959384029175855
36.32974300531253 -14.130384006168356
38.299815417948615 -9.774471809433209
-40.88928146657408 11.18196003577397
-36.77997653732204 13.994624182262374
-38.1952124845234 7.425138597222448
-42.43809073932289 9.869550845359077
-40.73952923511015 11.143355896908023
-36.98846906198849 9.464419908670969
-39.561553203947355 7.18387648316744
-36.5395287171435 13.476071898679784
-40.90932635094201 11.390046449505265
-45.05931900327783 9.267068548588663
-41.66424242377883 6.83773441513172
-36.09857414615948 7.514638184561642
-41.929979134407105 10.296022356342608
-42.30434768259551 7.919686259436803
-39.73113275333259 11.181847769649591
-38.2885917851835 11.22263979986653
-43.084908214850266 7.011713515812274
-36.54232064245811 12.11066183799136
-44.4854313594911 6.21355799880365
-43.68379109064604 11.733429249918041
-35.18061021733261 10.450440414473192
-41.447893912732276 9.433954313084644
-41.3809646855103 10.684941435996313
-35.887081332387794 11.483147504304325
-37.70996836768006 5.135303028393502
-47.46866238503503 14.478462872407613
-47.05111252023546 10.157380390030882
-36.4600494388012 10.805772467007754
-41.7776102106887 10.77454203734568
-43.77920619107567 13.901501856986723
-47.6466700865932 12.660802361191761
-39.590520814076186 12.099997989084788
-41.51459879034617 11.16715075017299
-44.33480130902821 12.444777589478361
-42.99361226313294 10.529989664924004
-40.5888618280627 8.550571004972184
-39.57292274805428 16.534128950424886
-35.731895323703384 10.852652382161256
-40.297262899524114 4.875648336351882
-42.915895731212025 11.695913728057295
-42.03680477288334 8.494053711783298
-42.533334161919576 11.566286547093805
-36.15600699370195 8.860086615597886
-44.63966024535037 12.877802003394212
-36.585182844460206 7.363578517502957
-39.039819963636035 4.844610719971818
-35.42009485639502 12.681539524379211
-41.652648339316144 10.727727998509318
-37.22297160803627 10.91591300800565
-42.168436989705086 9.28061542218304
-48.48729542723974 10.679937595078998
-41.20491447785113 12.069753603865403
-41.00512847782324 10.229752311945699
-37.84033589702408 9.998878053709493
-42.145298682831225 11.096966032974999
-37.714286318767286 6.7218517070234425
-36.135496855867544 14.674833647037568
-41.69042983908879 10.779572920063531
-41.68686626908157 10.827725597681173
-46.83438931045029 13.47984661621313
-35.65092907310925 12.800895795181109
-40.369244437012945 13.649053713778112
-40.81893268306912 10.93315138386753
-40.0252870749126 8.38892287994981
-37.84783344158069 10.931509120139001
-43.25734922132184 13.14854648174154
-44.702938631872534 16.54132211022864
-37.67383756967702 11.88930073067135
-41.65530716691723 10.23800974942222
-40.941783108163065 14.292225850714345
-37.498814762835046 7.49658198909334
-44.1959033880389 12.67688640473396
-40.975403154079935 10.44798560031095
-44.48364747064357 10.601438092614128
-39.271582922980905 17.291602586939618
-42.79646972703184 10.50959368306018
-44.37278789329608 8.84719273817341
-42.013237612254436 17.067989796771194
-44.15217595609553 7.826446775589223
-42.95191526626734 6.8661175501682
-40.84128094263743 13.542656689175706
-42.61758316960697 10.669504331036523
-38.51433080359521 6.616317938854838
-40.21001303515623 9.253800552723376
-39.94658301721824 14.326738694242671
-39.98909600013147 7.32437852491305
-37.784903769939284 10.482437856101502
-37.28008291760262 10.335558062458318
-38.38255914296241 7.84116318831194
-44.01385771076736 9.885923912211904
-45.01550748018384 14.505348840501679
-41.38182007213731 11.216676693522786
-43.6906814595955 13.897599838641046
-46.51540230027842 13.026678672826442
-43.514110820134114 11.776356397898965
-43.41193684027298 10.440094465986258
-41.01356901544359 14.993766133422303
-38.99462683945344 14.897373342933776
-41.3520614355018 11.19939295463264
-42.50656070217893 10.271665103579078
-42.437415823199295 10.53019487117565
-36.31553275132703 15.209499162467612
-48.02641182846355 7.924409016461646
-43.75974833546783 12.847045963648785
-44.78309812464057 7.273474096050588
-41.494875668534235 9.894373340821168
-43.94822207013614 10.456708934982283
-44.8985438917034 14.9176590071807
-41.8673891528186 9.951096377796306
-39.061104943428894 13.205484041566894
-41.53412110360318 11.07778816136578
-48.02525303324886 13.754199268964582
-42.734402398358114 10.89816462032019
-42.69967448102015 15.461726571468681
-44.21781232032859 15.412504682380089
-41.67536220787879 11.477423349196373
-42.99736031082026 10.971325846445882
-41.617350557067134 10.745005896586283
-45.87792283922644 10.24072255676728
-47.84255764572975 9.511827271424693
-41.131970056718984 10.456525487138206
-42.19618158502712 9.81597113943012
-41.46774365081089 12.165013594531901
-41.35562952275536 10.661474967858553
-47.814260776665265 7.716201104705463
-40.93879650301027 7.331001064586161
-41.62330989727225 10.663501878332191
-42.01702676606115 8.633724994881657
-43.209478680182166 6.224367553001407
-40.359766576969434 10.571586813961542
-39.43245745838786 10.887066000206591
-37.838529962146715 7.724905465864639
-39.80546030620536 17.324872375516716
-42.300339326810786 9.798437923297566
-41.22968538028846 9.739531758050008
-42.296077894734694 12.90574345107228
-40.838697368070754 9.826629381794572
-41.89225683882921 8.784075102388742
-37.365876783184575 14.90469727288108
-42.35880328731011 10.640972540657108
-36.15012372523068 11.641453283489195
-47.52267782568937 8.212470496207288
-41.14421794592336 14.585677541672796
-41.435318946305685 10.907744864612342
-43.09634273555646 10.517209793605224
-43.994686686711596 9.500858485525013
-37.387146663479385 9.398898376877131
-46.64721069615061 11.24980382426433
-37.94310191553571 7.880878201784332
-40.28239502086305 9.66338483178225
-47.276862795741465 14.294547926934072
-38.34210111250199 13.402747751506503
-40.1721055655564 13.862177559043896
-41.78249557908674 11.03141964930387
-46.99419389068984 9.6117739589476
-39.85144922805805 8.758987944382376
-37.81086109527966 9.531861038175899
-43.789230207927716 14.280875461883872
-44.15013490868328 11.558252668198165
-41.51551999490057 10.688161407963074
-42.05943827386106 10.799498367249061
-39.72253584726233 11.28318443532742
-43.03120864942939 12.951304803977274
-41.2835367181082 8.551906658252305
-39.21989025499743 13.620186310287654
-40.515781705016074 10.666085832343963
-45.718176331460036 13.01937504009192
-45.02360930079316 4.628551074163354
-41.33915846392672 9.975854324175712
-42.38322085490638 13.004273401486193
-47.1901165283155 8.285137542516505
-39.46533525842311 11.79548582217269
-44.864014840632024 13.658628246510764
-42.81591663637114 14.63531890826306
-40.15820082629068 8.079004274644838
-39.709291733965934 16.135209860092413
-43.9814414472789 10.0110256826025
-42.38570149920666 11.96290263885933
-39.72426820371952 8.910754795492677
-43.57920261907831 9.078391889661741
-45.375558923489514 13.177678319310507
-35.893245312951166 10.307664954680591
-44.91035137576212 8.161033293380894
-41.5745572702463 12.355389691605543
-48.39376182427968 8.92219386379104
-43.7578855919397 11.499689376337262
-45.01171548881331 15.932614043838715
-39.9743464441041 10.008693844637552
-44.90759022586053 9.660786455391785
-41.65259315493506 10.362509168684715
-44.3644293086625 9.90831166328475
-36.72501940862994 12.414942048846592
-39.94417912164947 5.7492841804089645
-36.641506906423885 15.541526972608807
-41.9366936805815 11.002124679330821
-46.15723719928107 6.09108555869915
-41.64158277582237 10.926159282047136
-41.61336380177918 14.414431460662225
-42.67735119172142 9.250436136928512
-39.01785760311719 15.808929446437329
