-18.31731577068365 31.54637951725635
-17.200868866851465 30.43110732603284
-18.164889864463376 29.168767508852167
-18.138086943913784 28.78607488133728
-16.818469661334248 29.09103243695496
-18.319523298503373 28.82295718793918
-18.72670863515807 27.755735037244076
-18.8437692418519 29.243389224538625
-17.441569743955792 28.614367345117145
-18.833550528286764 30.436087744479998
-19.991596660155828 30.846717151423093
-17.467266351571965 28.906830007659376
-19.31542740809704 27.784499434956576
-17.867926804521304 28.83734642846587
-18.802699287227515 31.104389353760954
-18.659223309866515 28.71567292648776
-18.169549284069006 29.170227472997738
-18.37176697084065 28.952684786861482
-16.33322719577201 29.119943994479197
-18.604304631633735 30.94600720873462
-17.21973815367562 27.914423513250515
-16.868992188963702 27.421533136811313
-18.335066961258224 28.971396747230994
-19.414578292152814 26.269175841493624
-18.29854704554618 29.137720890621104
-18.314345174587764 28.869727937394863
-18.909252782577376 29.307758011181733
-18.445476057318018 28.83365731349914
-17.156420177506217 30.336216604555727
-16.951569735254754 27.605210640877036
-18.694040679892748 29.37586289720102
-15.646880686669833 28.89169951350622
-18.90929288310012 28.39773264452255
-17.170615518600016 28.856287918045624
-17.038162754689367 29.650746870459695
-19.33418046970857 27.76734650547458
-18.26168826453873 29.478240662773477
-17.2661756148713 26.792637148534315
-18.458927134917396 28.980504102101424
-16.896059048462966 26.76399583173353
-18.18393652142409 28.250254283641254
-20.080730146271396 27.6455726000217
-18.250226963870706 28.508348001599554
-17.535498877410873 26.507082235354606
-17.447052914534055 29.433780576141302
-16.869520519465663 27.163697532275826
-17.721850969777158 29.584102301199522
-16.06418027973133 28.239930789991448
-19.12206108524634 29.086558287209478
-19.113436453211722 26.867510052592007
-18.267074945354086 28.968830950945346
-15.698627315853717 27.86662163984114
-18.801209424555413 29.64262598786192
-18.518175787201315 28.633516336182577
-19.15148525366714 29.871781714181072
-19.28683457316241 26.93392082433579
-15.470565837222841 28.2791289602875
-20.488039501409375 29.72692496707602
-15.456884396309716 28.81714202083599
-19.6939814161763 29.963848910544026
-16.29985746231479 29.51959058008565
-16.532447376859338 27.74529314959196
-18.339899591616835 31.315859649666848
-19.68326754777037 29.608970006931376
-18.38438578075076 30.62839490171371
-16.924222551849354 29.049474242995323
-19.858393967173285 30.750482152934875
-18.34923490605663 29.544649313768918
-16.139129046923223 30.49938710483869
-18.818159967179874 31.4503998522009
-19.24974477686327 26.78928879540806
-18.824414162438536 31.767000639673345
-19.236688794550165 29.139248740551007
-19.42198369423982 29.355739662624217
-20.52522004328548 30.04777624901987
-16.00325989160369 29.66086239244047
-19.370132891963856 30.214144665685204
-18.09522791662681 29.671614104780122
-18.928850199812924 28.821214832647215
-18.45977710853793 28.929434805501874
-18.68467928132824 30.11295291625135
-17.815482555928156 27.29529762680501
-20.384837507234273 30.11920211108887
-17.928440490943686 30.519342607559558
-18.388108933644638 29.027502769759668
-17.496272639302436 29.61943757117278
-19.048996731465856 28.900158535781234
-15.467622135224358 29.617968571326276
-19.70688130242742 27.66162736388715
-17.182661894302097 29.185182782558226
-18.597249705813436 28.7637686590405
-19.197140447075082 30.921459212831547
-18.409375144604258 29.090089401241606
-20.776961588600546 29.46466473065887
-18.376409538989655 28.932810222139008
-18.84785452922848 31.77858814667789
-16.872768150211233 28.878759785309015
-18.590588117970125 29.040727585009382
-17.241678480026867 28.9755176607127
-18.517155357523464 28.146394173118246
-17.965271944446737 28.90846198848963
-19.715148340489304 30.029058014140183
-19.114834952055435 26.85237770286277
-19.324121414042928 30.46262333358062
-20.61321761079176 28.65369861972705
-18.608487946012687 28.241525663536237
-18.346875940909598 27.83997448906574
-16.328590364737742 30.3388118192029
-19.01618337879757 28.841445114493684
-17.540211908122064 28.756059520229297
-17.458197351758823 31.798887835778018
-17.695088161105755 30.857519215008697
-19.060374872140894 28.24222463201949
-18.579814942414032 29.191615108452545
-18.35299281454265 28.224438805163725
-18.481208441743895 26.12539502248471
-15.786689157993074 28.227578982222212
-19.99998363553084 26.837200306753253
-18.575006291503843 27.302205102478275
-17.397511418669506 27.916867277305037
-20.175601213591584 27.541410073067794
-16.573215385882982 30.4726105751413
-19.070261978334297 27.64387041354581
-18.552457375739323 28.633817299488204
-15.669426817025276 28.58671323661042
-18.42634685990299 29.057252996833036
-17.923748159851613 29.449922321025614
-17.466262903673318 26.797118558288403
-16.97365145738843 28.317374549407536
-17.666962006133172 31.65900460141111
-17.705403567768556 28.793212477682307
-17.58019974867075 28.784890691267325
-19.553904265872294 29.85480640600546
-19.653966762521275 29.14798693214961
-18.12456292222518 28.334093028253374
-17.764684590053555 29.047885104196325
-18.802090928770593 29.20992009945392
-17.108625738546017 29.147389631915562
-18.483634659952216 27.97575963812438
-16.96010715386272 26.78345446161439
-17.79874245507151 27.209349171450782
-18.034296090094973 29.635546226499528
-18.242991882360656 29.287394570028546
-17.05818821883828 26.975696017223633
-20.80795500292881 27.82820764377194
-17.647470042702267 27.63276788087623
-17.544267727105048 30.572088221580895
-15.841448795134419 29.1172506261738
-18.334185392836954 28.778543165815815
-17.962041642136445 31.4268496628849
-20.51493426405974 27.867745062818415
-17.680012245598927 28.10734879295115
-18.779452659813995 28.68850538865405
-19.429547738609482 26.834594643811457
-19.924847098818155 30.661536835511363
-15.742217720890475 30.255091721202874
-19.205705877767496 29.13065006526069
-18.583522046739706 29.068489149417903
-18.954072918396143 28.607184991486022
-19.241945142683022 29.685641521491288
-16.24201949492727 27.25369206326438
-18.079329003217612 27.31179452422615
-18.810887576623244 29.675723665572285
-17.821186079302414 27.299838967957786
-16.863764310715 27.59529206817673
-18.399592571631548 28.980735022362413
-15.736549795090463 27.764010161512235
-17.890650801680795 30.75808620444644
-20.99088595804164 28.227556519449863
-17.791915811633412 30.715960092958273
-16.089845518245518 29.896121324750872
-18.520232479004676 26.9436406589006
-16.456003530863878 26.6640580108498
-15.97470184942037 28.25617463136599
-18.324772973709635 28.954263773889483
-16.716397450787646 26.80694281672831
-16.465572908366205 30.902200542981255
-17.698267199604462 29.665087073753952
-18.081219423165088 27.096840490029436
-19.692577605710994 29.863980628952596
-18.859446745812402 29.90489852248534
-21.35021915744389 29.278826902367214
-18.306611415568664 31.181863091468394
-17.915956682627957 28.170902038751535
-19.168484919063022 26.61174056000854
-17.953307918405127 30.13710272614371
-17.693733721231425 28.335561056565766
-18.73913383117917 30.77641746807985
-18.011226597511197 29.80804656874524
-16.59459473015801 29.868376610678006
-17.617744855293086 29.137307269566815
-17.618370694195992 29.704201184101265
-18.445783668934535 29.240486031783803
-20.753128059315415 27.334098999284546
-20.16291170349342 30.4092349542282
-16.63929188319005 28.964038333798502
-19.23636458850091 29.371424890261064
-18.700935898654798 26.65710740337882
-15.862366112417195 28.738309021129062
-20.146738108657452 30.788295477792026
-19.60425491316871 29.522189838949114
-18.72980380729077 30.773371962231916
-19.00229784411817 27.137094473719035
-18.389384628532753 28.71374282592189
-18.309723778475327 30.160278440782665
-18.03664319851346 28.74199664530217
-20.497126808414425 30.489142463962978
-20.732588793855502 27.174896741970944
-16.011245888236047 28.633001144724982
-18.987279413492505 28.612605971611952
-20.220549662622375 30.236659605648608
-19.113575077975256 28.924955524021588
-17.94955738166794 31.17948214208808
-18.791771042323997 29.001341989247088
-17.51490444565779 26.855406997589114
-20.846771140954747 27.390709053624295
-17.545580710522056 29.053395503897285
-19.305672244108813 26.955235703588535
-19.13314413523053 28.37489081756092
-19.051880314222586 28.862827987030165
-19.491839391324003 31.098362968071648
-17.889676933625935 29.124078720151815
-18.41866206459661 29.04860907360539
-18.243914688263768 31.11991155821033
-17.765770685386165 30.194446812282738
-19.54081012096029 29.276008877311686
-16.402738710032988 27.404903129515183
-19.528433409485302 28.26877670935424
-17.29646554308693 28.431574199197055
-18.258974636558072 27.005626604831196
-17.779883323050363 28.955646591176848
-17.690350572513886 27.380468226053946
-18.176842759871512 28.69133453143123
-18.78866366631953 29.608595087080822
-18.17445061319628 28.94282940704831
-15.890477891399001 30.108217686641403
-19.82863863702459 30.505322425424993
-18.550288562017528 29.17934106592162
-17.36582579261093 31.748038347054884
-17.86806531281116 28.800198575115893
-18.447693106574263 28.896469041325314
-18.37027254232822 28.846981363196356
-20.37685331975952 28.059048300487365
-19.867391894055494 26.883581165686472
-19.850326111350117 30.595956930873978
-18.33682840923242 28.98895507220387
-18.251507316058717 28.66426331954241
-19.560377327803874 28.308266065916897
-18.673494980046712 26.002398139662507
-18.018099021949197 28.497604012492747
-17.41729307308927 28.53831298718044
-15.610986021995021 28.600581969844416
-20.74523172766705 27.977613316648288
-18.66927794904973 28.441277958117972
-17.933364365098427 27.091655750409743
-18.715493406835314 30.20227536846289
-20.254585954177166 30.58778969226355
-18.265178229603396 28.599566539381772
-19.85770746581024 27.683508307364217
-18.380101100304074 28.976407750430624
-19.017266182422485 28.98602145576025
-18.418087195995856 28.069609269247223
-20.070159740170773 27.713918022925505
-16.408087210834875 29.907792718918877
-18.821120205857778 29.659888607009343
-19.24683059902313 28.817657584913952
-18.523136516108913 28.544537909510993
-18.53505918653094 31.827142507189667
-17.46970671951571 30.628846517660293
-17.154479549505822 28.97887547759678
-17.35348610152729 26.15561534531181
-20.74932229878596 30.676563578280774
-18.718508177366587 29.077790732649866
-17.489853482175437 29.849693814967406
-18.65626095135101 28.822901528670062
-16.86900877851411 29.078576480423354
-19.536299191252983 28.90216792432642
-18.260192066889005 30.048106874994918
-17.37883463684193 28.814579176046326
-20.000102574546258 27.73116228208906
-18.30629304920222 27.911976601976413
-19.066718333164527 31.253047233401894
-19.252671865312077 29.322923547283654
-19.199105387756564 27.86739924148212
-18.487869115739173 29.380699057606687
-17.998777498642088 27.991603292173984
-16.630722325294126 27.809736324956702
-17.025667970749524 28.335520935173147
-21.276455703533248 29.015670104459716
-20.036519409788646 30.147502317469947
-17.94828519144475 28.676471700897
-18.324018545306547 27.063896068009807
-20.247081215105645 28.21579296086288
-19.31497500148884 29.074423111136277
-16.70398314237288 29.57217244018604
-19.659902041003374 27.539254223569817
-19.70377123373903 29.35829282711161
-20.246644235032825 27.106522024838515
-18.09647541111808 31.41980571854025
-16.7899817383464 28.159469384852652
-19.03525003879237 26.249671003251837
-18.412160525259008 28.663328580287473
-17.95681961015334 28.493002080269758
-18.669993110392856 28.841573725815167
-19.898427442782943 26.507773091076924
-19.660993976347932 27.687432466476984
-18.74146394127599 28.63874169864505
-17.570963474305955 27.397833958910805
-20.509739096928907 30.57709986325303
-16.272990230764957 28.401733431605905
-18.63905652856026 30.139634923549387
-17.976524880049976 28.992413100710984
-17.496767673128865 29.796300512460675
-18.632696464785646 30.305459132858
-18.922385268180776 28.7485241377758
-19.591631585120094 28.3817082895337
-18.348173463645566 28.032665501504294
-15.767248447641894 30.117644474881065
-16.8884610338048 28.256663542308345
-18.837122106524536 28.770286132652046
-18.48904533846127 30.18329023551701
-18.40651752492007 28.94022719321814
-19.528019990995706 29.34986461760881
-18.37783378681228 28.563248949593437
-18.176281847157174 29.356131513208158
-16.93863755407641 29.565718559909666
-19.01203088180373 28.674951019236705
-19.35788872064202 30.417553870921
-18.445431013340382 30.104960099666922
-19.653790352947404 29.116664698153144
-17.808152249693322 29.289617735711733
-18.88162478273582 28.426096822322158
-17.74012829019439 29.04685256349715
-19.12951000850822 28.88065893905581
-18.311565055175482 27.18916132199363
-17.663967119318183 28.24128954419674
-19.4748660265912 31.233396240115823
-17.65311128677632 30.961577277066002
-17.292480111217067 30.236193238655094
-18.51740221951948 29.683916558361663
-18.836725522795508 28.432036380381508
-19.36354812615548 30.682133281909564
-16.61245903447438 30.58858631057926
-16.999051725528673 31.621324764036604
-18.99684716183061 28.758361813893185
-19.536991446799878 30.557910105052454
-18.02343145834849 29.94128046507206
-16.060695332241604 30.044043471806216
-15.49634103575042 29.357111607535238
-19.274197525199973 28.983091621708457
-20.10120062588467 28.202497651313664
-19.607484181498894 31.2209884966418
-19.15651287804525 29.737973402432
-19.254017843205265 28.59091503641108
-16.31504672980622 28.581102832727566
-19.108588111521374 31.710156733831628
-20.19809710079921 29.69945123038433
-21.29403741844582 29.34995087825913
-16.656195770824805 31.134096614675936
-17.792066255019073 28.54317390013885
-17.737132490544617 26.913292857495136
-16.938460919718402 28.71408903738891
-20.477607749474572 27.0968867346243
-17.4304441052063 30.865373606137222
-17.972994618431134 28.272404064524576
-19.26145759990817 27.97504819488868
-18.470321732144214 29.489733169371306
-19.031681093944233 28.273974071453495
-16.2287521822486 30.96637908673539
-18.890606897134827 28.711651334416647
-17.766261413663113 29.163756113727423
-18.554453888901012 29.328794167801167
-18.508757715170447 31.431261149324012
-18.694994996935062 28.856311029333312
-21.011356125119917 28.58151951047478
-17.416363793450028 31.294836867643415
-19.46214872371114 30.24406859715304
-18.47309717896713 28.48758273596551
-17.82719655017193 26.513090268227828
-20.188071703490415 27.601590855949013
-17.495576135168704 28.655130190848425
-16.950179721357102 30.29062479101072
-18.67914042371325 29.349133763051608
-18.45927338216687 29.38607353522718
-18.044029720300504 29.118916661832532
-18.874453627333246 28.705600925747877
-16.10107162361512 30.663761447274595
-18.330268201810167 29.058464698853232
-18.79351445478789 28.20457021263637
-17.885836887886427 28.720555121558444
-16.876353311705856 29.588321964052092
-15.554744624951578 29.442319097071472
-19.168150308128613 26.21301292138212
-18.51983159829065 29.252349431822648
-17.792970982348383 29.069211964687717
-21.125098760147484 29.651657819857675
-19.396837660746915 27.982145638192442
-20.127468003982063 30.298746265137638
-17.99003008035649 29.07916729787412
-17.498655652743178 30.67048671922563
-18.311271300448706 28.923510355850112
-19.876007387381623 28.46356635490284
-18.20782653893104 26.670887947685852
-18.34521384130377 28.715406999746683
-17.907223070122065 27.14074080197986
-19.667513528733792 29.544160818453292
-20.62033837459131 30.4667285174068
-18.160186522470944 28.78456180857864
-18.138077251351213 28.35023509242296
-17.706489508283966 29.143027326702665
-18.0764754187869 29.332826444992197
-17.18524745822512 30.965229150154308
-19.197713316853175 29.525078035747335
-17.796153235242095 27.838508976217852
-17.732808123933413 30.905055241245833
-20.146295342132564 26.774542335094612
-18.656218352167762 27.791627170469987
-15.87555264986834 30.429456515432232
-18.41513918691373 26.861586902872823
-18.175690290289143 29.28813899403865
-20.502985840525994 27.85085386961206
-19.500210932229038 26.469416854106296
-19.735364597619416 31.563508454528797
-20.321893658873016 27.656058946827653
-18.358697029514513 28.83942839473814
-19.46363915695643 29.248303303766637
-17.66645927021026 28.674525361195318
-18.00876513599383 28.92550572084228
-16.509520738656544 28.81492514314483
-19.93803758488862 28.014413362211236
-17.35321546725118 29.938310519790488
-18.310240872886165 28.54904903034226
-17.70606908550941 30.320342756856952
-18.54254906671425 29.395980533433477
-18.39918557629719 28.940266099823607
-18.431081491844992 29.523558713147107
-19.880968143336894 26.968353222078562
-21.208481777708755 29.002694966491408
-17.882055857402968 31.09338935528887
-15.824446392589811 28.669206398468514
-18.150090133424392 29.04942970711711
-18.254406861230727 29.28833551458382
-19.29018442261134 30.034228461881224
-18.419891678697724 28.106745973658896
-16.561526708599292 30.759773956368537
-18.098565205862194 28.503330424836484
-17.524405622690807 29.417277950835135
-18.284461598134314 29.295247697016848
-16.082620879157734 29.655971516623765
-17.736489937020362 28.861819388850055
-20.937823571920337 27.735314795999475
-19.423173337142682 31.096561337860553
-18.330293991323206 27.638916430340128
-18.622059531095946 27.118777849470902
-18.42374136151441 28.928604545054608
-19.07994085738037 30.649977323218096
-18.901869843766796 28.861533966648476
-19.51520414906799 30.95247722466667
-20.649264498679024 28.250037157864483
-19.36182306446683 27.473890779126805
-16.178383343231882 28.56178124402199
-18.81851099393518 29.789058780088954
-21.00916503738055 30.29352017021727
-16.359872063667098 26.761789143163227
-18.127326662545677 27.79495349980419
-17.290559389141897 28.576015022563254
-19.483351013661906 30.283888323824836
-18.367359954800165 29.416297264358807
-20.691846499783978 27.456929788452417
-18.956431489716262 27.84668428475141
-18.548332519054565 29.1119934771267
-17.695828787065413 26.07458930886469
-17.163330477573048 28.40392992127099
-20.358355703393283 29.699414015969666
-19.16375284693601 30.118814314716424
-17.946586245541436 31.78201630704387
-16.833149755808904 30.438052072948473
-18.07145715294267 28.608330612914585
-17.558182799360775 30.100221387663353
-18.782957034497848 26.31649773083396
-20.818777126570374 28.176091750463364
-17.197568401272758 29.304056586347382
-18.717109814003564 29.416651935741918
-16.51808435021786 29.359135468666793
-18.303208056222694 28.826922449137363
-18.801231613008678 28.29718876743046
-18.196897819149047 29.733840176469116
-20.183859659187593 31.156673012005715
-19.511295806330594 29.537695786048843
-18.15335108614868 29.909908827137812
-18.09975862206126 29.184386723039523
-18.81359415498804 28.50715560344999
-19.03357894961828 29.781503867938053
-20.40168446725786 30.509953661867875
-18.403684784526106 28.970328006466506
-15.958583453070199 30.117786367838196
-17.968853291064306 28.79896579096787
-15.71889698257872 28.105444826496775
-17.300538255656612 28.352455199830157
-18.347388409739544 28.879416440043236
-17.554012676225312 26.411711887296917
-18.330179687721383 28.898577197397717
-18.121476922241776 30.49413470480104
-18.76536307359061 26.494757639002312
-18.88329155054956 29.06954692129159
-15.940501529236046 28.629306827464593
-18.292797227917365 29.049098172537636
-19.101479066605062 27.539265368291126
-17.72087174633407 31.00585321187714
-17.05310478574453 27.0930966477023
-18.937468136412555 27.607592691316974
-18.916397807408444 27.307577795223224
-18.479298013404044 28.86580601746043
-20.759291118276543 30.158199819914216
-17.18272210338499 28.67040197339829
-18.217717884419905 29.035770310239496
-18.291977783671154 28.773904285467964
-17.317574017181638 30.91927472891784
-19.28405086050562 29.704449601512273
-19.66243028463065 27.89842508233912
-19.725278868547232 28.932225959907047
-18.828045709001913 30.633395988647283
-18.45916034224768 29.26345166504751
-18.161295412654486 27.80221043539832
-16.99939863467397 30.04068610579949
-19.318793310961276 27.762857996961962
-16.350469497852046 30.485101507861362
-16.309115876675968 28.10095916719409
-20.543500272307323 30.199743881098286
-18.49151726679048 28.902037850849897
-20.511187030984928 29.189373928821173
-18.35551582808058 28.813493385837777
-17.83293689640035 31.70733182363517
-18.493491185409077 29.383301976651335
-19.269606610344475 27.343669311402135
-19.750409270799874 28.99200820776541
-17.280290148387596 26.865410274091886
-17.762834656603683 29.43131969884977
-18.664148245449333 29.060859423652474
-16.79532605554432 29.49289599267267
-18.759094733785837 28.155348685146627
-18.25437742899741 28.852229817588658
-19.03357599791351 31.36421201350175
-18.02098293412688 28.237820993896086
-17.45659224531479 28.405071194751365
-17.11784692353585 30.071303082250644
-18.603383536346556 27.989560521412447
-17.02909920364471 27.799068112676718
-17.930861800058693 28.6974965650574
-18.44947867988379 30.334580523197598
-19.110154651313653 30.379272672676368
-18.22392741190428 28.609307706410807
-17.379840477625333 29.57552848369524
-17.23408692409111 30.65253194096537
-20.590763054228532 28.72833955266381
-21.213781080763994 29.659700405418167
-19.679308287523888 28.211062674448712
-20.98953135963845 29.184622406826204
-17.670543891268554 28.454514478610466
-17.5554851799234 28.606099288720493
-19.315876121454504 29.777139987119014
-17.894903667425528 30.450738189345564
-17.66386329879017 29.77502750776802
-19.36131206922332 30.038225312322268
-17.639032991004864 26.40286691662287
-18.364351845627997 27.937873825852943
-20.55026187611435 29.467606011948302
-19.114639712666605 27.919016697493756
-20.199035303878063 27.267654902516615
-19.995423324765945 29.613642798758324
-19.899131461055653 31.008143955073095
-18.070645716613935 27.474367574104964
-18.39726186656972 28.36247651624457
-17.593205152695234 26.633646824852455
-18.37331318279765 28.952390965561953
-17.23616370312011 31.501496254156066
-18.621378666623716 29.461156942433874
-19.087405617683288 30.21557402819378
-17.693065929765893 28.92855155708669
-17.35171032122954 30.495095233528325
-17.47541432948778 27.363948107688188
-18.69438820225237 28.981657169910445
-17.222364985190236 29.35154388844267
-20.653322997870532 29.24279955887345
-18.180683001712904 29.733923709084905
-17.638428629272806 28.816015413806156
-17.578086872570367 30.807747122415435
-19.059479813687368 28.40384042245226
-18.8889360557635 28.868869306915435
-19.401909414846678 30.908152304676733
-17.529655134863493 31.618716231397393
-16.641631281095194 26.533502444629963
-17.666860184019292 28.860651015358457
-15.898469430609952 30.04791230080796
-18.704300465230244 28.82795088323316
-18.438633504934568 29.361707391155687
-19.637692755517662 30.336434582857798
-18.324753240187974 28.444838223989162
-18.143187228768877 27.85959832827059
-20.410895348939164 28.94271832770023
-19.049184423845286 29.673858839003067
-19.892500051041242 30.04348010595947
-18.297754780313312 29.036931446288147
-20.52265602934905 28.88251715008116
-19.436127901956244 28.809800334534714
-18.128543471239027 28.716969321826728
-19.635559220370787 28.275380789823238
-16.685081274541 29.286880388167337
-18.134576368052663 28.63567659264895
-18.97668446675234 27.525209686927298
-19.75337172188265 29.03519581765635
-21.279228975756368 28.921310954963463
-18.182358476637603 27.989065516303988
-17.251183108918237 28.90974612407757
-20.833613182882775 28.470806743619345
-20.899787763754738 28.759448055169177
-21.334482828948033 29.25169386765037
-17.585730826971595 27.76332032898557
-18.828820236876012 28.293936733708552
-17.727443603364613 30.308250527707788
-20.00668605615215 27.500455321765894
-19.17549954959582 31.05429218798694
-18.499948732467537 29.1858419655183
-19.50874350065105 28.69525182839695
-17.624595706858642 27.388729892444527
-17.571774641292837 29.839919862029586
-19.826175878291536 28.769208510281516
-18.038465709516995 30.326887144377487
-17.129481697828595 28.192730709072
-18.612599099223758 27.994649220307057
-18.874482011114228 27.8479977147016
-19.18081747024311 29.15388072104854
-15.935035236922602 29.809291674031925
-16.37363036830516 28.114685973586248
-17.283306093822226 29.608174110924566
-20.52145844633133 29.205184977508186
-20.457107816010897 29.911937379113947
-17.74340277167792 28.419802026291283
-19.150751554306684 29.554825385752103
-16.939895788906764 28.19308037450032
-20.66041671549519 28.31779107331529
-18.860796432805948 29.45222543154476
-20.492078549542896 30.912968128889315
-17.630524879857767 27.272628997381812
-17.283422683661712 29.04324871754905
-17.356799322756785 31.3560448092186
-17.932727783623783 27.20501931739629
-19.29464763906909 29.71241679460281
-17.25765198326315 27.422292958376282
-16.99881855966712 28.75045553091534
-20.655412000815854 30.256246009556662
-17.74522796834559 26.3972707061878
-17.60655055646353 27.348362817114527
-20.254921209215638 29.89725507135896
-19.040534806921393 27.595228162860614
-18.366103129025024 30.793491445859395
-18.81234133494979 28.417451279096678
-19.546938586737188 31.52534570043287
-20.55488007258792 29.05717174423413
-18.775243606101633 28.073448790898244
-18.359775885002268 27.89984148517033
-18.902760309209754 28.541417360193172
-16.968012728337037 30.165813124536385
-18.448838083472623 29.736850023208454
-18.971112239012154 28.5398087038077
-18.554611160238576 29.350863332354816
-17.62324426385365 28.644873825252663
-18.500650953817516 28.988343409945827
-17.638985298112626 27.11238407731619
-19.61343603381101 29.52304804459802
-16.088135031590596 30.013211561832566
-20.541023644155008 30.95426329425843
-18.284226077479822 28.17384727086479
-17.53322540022678 27.74783235199244
-19.887391824350445 27.824797075848075
-19.13071350910497 30.059540107740354
-18.560970393704164 29.59021617907562
-17.121604058867 30.05857143064316
-16.669627903835416 27.935292702861545
-18.87748631292679 28.195611255352926
-18.353016175400622 28.578723498901297
-19.145606995022895 29.342632249274097
-17.834126930237353 30.217485971996958
-15.876644244805457 29.292530115116463
-19.608692018308744 31.242888657305688
-20.39027869830378 29.63884692804829
-18.997852626021917 29.0559955076592
-19.884919714424225 27.26768663638141
-20.038952313856424 29.449496016579676
-16.67810541029757 29.474505539493155
-18.257786270387566 28.683421851856
-19.283871551809632 27.85438251266223
-18.47242500234996 28.94323801873458
-15.519605994821982 28.444863241297
-20.03382556399129 30.900784475188473
-18.823517736038518 28.604649599012042
-18.274785485624058 28.78248604101057
-17.327305999323144 29.14321154699442
-18.305394045909146 30.813116004194107
-19.65352904847488 26.254286191686738
-17.70689083406557 26.83140459264354
-20.261270419633245 30.145807651788484
-19.068661410335487 29.759628835582102
-16.65401638501548 27.398367304444154
-19.165588680710872 28.31994931766572
-18.177836821118476 27.84447905669377
-17.754295894745944 29.28588949359335
-17.33876647342244 29.8473155356564
-18.343254252662955 30.098700926335518
-17.36868865408101 28.640692227435416
-18.203316263907478 30.422271278462475
-20.177526530765668 27.39919159295986
-21.046744349918587 28.8940180473728
-17.3552428835756 26.195793348356652
-20.330505958465757 28.468729273189336
-18.472481014562327 31.31932198668399
-16.854596401584637 30.51079280878768
-17.888874571896313 30.288888892558738
-18.223540239877185 28.32503530081462
-16.82123423258535 29.93161220531119
-18.950056467712848 28.277252848515964
-17.80699462645913 28.831485005869126
-17.851935353054994 28.94314068476392
-18.95113269575198 29.89587254163652
-17.133973343931228 28.78754866262896
-16.295530671386455 29.201471931381537
-17.517485145985138 28.92038526787971
-16.87258605501075 28.261985614194586
-19.153121126257812 30.074636073012023
-18.27622030991437 28.185477512037323
-19.8686412219309 29.419372395107104
-18.302050959080766 27.871345485787845
-19.50289706300549 26.75224622448531
-16.769090512114335 27.95585836988891
-16.862919339386334 30.212377893513146
-16.880109542000433 28.672291889225676
-18.045706095031075 29.35886337368242
-19.767048782537028 28.252064615564617
-18.25308693950165 28.575997525486596
-18.022544537072232 29.374997011133946
-16.53646297471982 27.548795495055362
-19.59856105315609 29.71309751596239
-17.864461826516912 27.89789373088375
-18.08840273620649 28.490025075418785
-19.464859872261428 30.10094345413713
-18.56081042652928 30.195807570720177
-18.834067615818658 29.954723678954668
-18.27599042982574 28.902884899176062
-18.37877635114782 28.9216943253567
-19.046882488445792 27.878786671382045
-49.23778638421339 -38.38344310558442
-49.856360414780504 -36.77890981851979
-48.999218838213565 -37.69096764512623
-50.96236966847743 -36.96746498786597
-49.35955990913952 -36.7951754234026
-47.463945482622236 -39.28937007273685
-48.387093174824216 -37.35937332257484
-47.71685057654679 -36.568938551809474
-50.33412666203559 -39.17210003510232
-50.99928294684872 -37.255764217899426
-48.48985714960751 -39.45032448973491
-46.99224741982659 -39.07053844210061
-51.09945201559286 -37.466148247353146
-50.37628663784904 -40.22092673254306
-47.723179679528 -38.263245925290235
-49.77697942160516 -37.6423193045316
-48.771676033113124 -39.65207576056776
-48.72756231232455 -37.69721460405113
-48.57770307683867 -38.09584196094658
-48.150003413619835 -36.402987831265044
-49.20319232125116 -38.363056569546195
-46.84943934855223 -36.66068249663805
-49.30352410258307 -36.82744663103204
-49.512309722756235 -37.235519610111076
-47.5056432001346 -37.74983781578222
-50.63980815321296 -38.452200808397755
-48.78673412858302 -37.281729313395466
-47.95410555721307 -36.54531962786416
-48.15298149525006 -37.62740653084285
-48.908270167956005 -37.18026546435204
-47.315147336352936 -37.99749447787016
-48.56735681465233 -40.09280426847116
-48.67468239584949 -37.23848841961968
-47.75317200702125 -35.19083989275929
-48.20311812847891 -36.99027445062836
-51.256531440079904 -35.991317055579486
-48.870686835653785 -37.76609036306552
-47.5105939451073 -39.678278410737214
-49.23555929007214 -35.80105387408361
-50.36844100020948 -39.51344304824535
-48.842833444180094 -37.20756496725599
-49.11603561822199 -37.65974488337149
-48.356925058872946 -37.553805921921274
-46.13939630580378 -37.557836928874515
-48.512758463359965 -35.658775958153484
-48.89628558854949 -37.614445546055265
-50.818332190872106 -37.866121005937536
-49.817896065826986 -38.07475203482821
-49.05886073658499 -37.50559369647714
-49.53228393214987 -37.38043123666213
-49.84190693225061 -38.529505661053406
-48.56552388531489 -36.903400728738546
-48.985519382987256 -37.688608209428864
-50.111281381632715 -39.630665923146466
-49.0305409900998 -37.47652984327682
-49.102832973621815 -37.24341662260654
-47.730944565272395 -37.7941179990106
-46.12655964535247 -37.48672322615791
-51.38500512297033 -37.8503004938282
-49.17906531595569 -37.62964781859291
-50.12464585349278 -37.91817419421275
-48.022203757176456 -35.00866516285913
-49.405039044413364 -39.50290300425066
-48.32504072159523 -37.244547592724004
-49.585560350131225 -40.54582710965921
-48.330869495030434 -38.85213258947326
-48.94884534000339 -37.653651126919485
-49.034737728825185 -37.69929850897756
-46.85486319448626 -38.90846310158182
-49.01969787678446 -37.71112434815066
-49.412345314070826 -38.08316631828894
-48.26102263398696 -38.188012863586664
-48.38709139607035 -36.11614602447619
-49.465782223569526 -35.23873561243909
-50.66117428977768 -37.03284110780426
-47.86269322318864 -38.22506940348354
-48.73774593997788 -37.50085404446436
-49.70680976602689 -37.96081519173821
-47.21307380643699 -38.87662287909167
-49.11480032295996 -35.737745742286776
-50.36734475462023 -38.1073093934313
-48.18427637971039 -37.95877709060164
-46.27434266022476 -36.95822248703126
-48.876077635197184 -37.9278049876081
-48.81506507341004 -37.783044413576214
-49.89671915892076 -39.73323003612734
-50.03350226577679 -39.317924349748054
-49.14678340500164 -40.38621847417214
-48.17890170882723 -38.220073691755076
-49.6956631809485 -36.8672948731017
-47.062422922706325 -39.2978648249347
-48.01528225128487 -35.68323694396886
-49.15217552412338 -37.344359007300646
-48.27660306553192 -39.95346364263018
-46.62394943635252 -38.7176987303491
-46.14305370860754 -37.1299040829871
-49.09378931886845 -37.10824021660972
-49.43294388483185 -37.49437858703503
-49.88188885729516 -38.314356722233015
-47.81300939243288 -37.783439833501404
-50.117602983791194 -40.11082059505561
-49.00073424946118 -37.549656500766524
-51.15266110054701 -36.67143799170431
-47.39146245349477 -36.054448167188426
-46.83388179755821 -39.05117582036244
-48.34123316944127 -37.47653751506709
-48.980849999467274 -37.75341082429838
-48.87746204221179 -35.09547543980578
-48.668579297826156 -38.2852156312203
-49.31435465730193 -36.91506003343718
-48.523500370687856 -36.540437929484376
-49.00009244814804 -34.93298573985648
-49.34938859150069 -38.235132291559744
-49.97059712452342 -38.64886960842192
-49.00482237495297 -37.6920184427591
-48.084987710528694 -39.05613798377518
-49.89705556359635 -35.68220192443663
-48.84333268480785 -37.35524637044783
-47.99241782988135 -35.62431888960289
-47.66737254914496 -36.84674309115696
-49.50153466894902 -37.827519364572865
-48.303090092594445 -36.454334354482675
-46.96939898377423 -36.733136497206225
-49.598256734444455 -37.47185332675233
-49.70726902176897 -38.6022097813261
-48.699235717105054 -36.136433949270035
-49.18197747169389 -37.393137877990895
-48.97375919340831 -38.73674565551506
-49.362633953603186 -39.41137658192188
-48.305699728475545 -38.68814282683898
-47.15453190764484 -40.00977938336476
-48.81954157313606 -37.707119451999944
-47.85040298737351 -40.337191442944224
-48.730900851293804 -39.67833880669062
-47.5022450555282 -37.78369461820039
-48.69059675680316 -37.23276143432763
-46.799336744319696 -36.23008519773749
-49.61845309645184 -35.463871051103204
-47.73352839932213 -37.94764140441717
-50.98464999025405 -35.86536914565657
-48.47106630906103 -37.54678436541265
-47.92025102647642 -36.01756427058521
-49.045358407117824 -37.40842314071598
-47.092665100308196 -35.70188798614429
-48.76094700761958 -39.141664417278534
-48.435012693014784 -36.47016720207159
-50.17242368316869 -40.37469731266695
-48.45480773213901 -36.566430454991256
-49.92238629069364 -38.79190376733548
-49.26503582354586 -36.81668238855303
-47.233443694791 -37.06577367239843
-48.994292232706066 -37.679795024937526
-47.98697178262181 -37.92229397657403
-49.15325049198586 -36.704891770560764
-51.30633351696655 -37.05238394410769
-49.63849827788747 -38.32148594276623
-48.61248520176203 -39.52784947978525
-48.66911357465385 -36.62548610355065
-48.95878073389754 -38.02175180593674
-49.87598794752388 -37.8259090865203
-47.933641558969676 -36.095924719883854
-47.68767126643574 -37.26940174042411
-47.50575620804338 -39.466418973853536
-47.07748919315513 -37.33753433212567
-48.6587725702481 -38.57629876602662
-50.32451869138597 -35.95900538573366
-49.83211614976096 -36.84457667830307
-48.01228080523973 -39.94514378463152
-51.504154788222976 -37.14432035739411
-48.0268713267093 -38.47778512173278
-49.4094140085765 -35.39220202240671
-48.87493910433046 -37.60549069639408
-49.66373717622534 -39.14979665529437
-47.5310074280174 -38.121388007323404
-49.6225694806178 -37.77759478758168
-47.33502717242935 -38.5621410542724
-48.240387120467396 -36.859015622012954
-47.95937852900433 -36.6077220216356
-47.47562279453678 -39.4615508172799
-50.31303228616176 -35.62774160192144
-49.79454419064085 -36.618900576539914
-46.65467790134135 -39.33730615449363
-50.03142190676685 -39.46104275768259
-46.66677814943951 -36.44288284223353
-50.45775425261906 -36.62937245359689
-49.56801770621791 -35.73681795287745
-48.192984388196784 -37.46005491668311
-49.30769137005384 -39.84301192808692
-49.02622719559266 -34.79054594841918
-48.414264847846255 -38.5929095416887
-48.548413315374326 -38.18356009618914
-48.931831609592756 -37.35953060382657
-47.404158288249754 -35.723481635175766
-48.85758610352762 -37.488546741935885
-47.68874508574095 -36.003778099842904
-51.598602224585335 -38.875924878514276
-50.771025291639326 -39.399849792657584
-49.332624525765794 -36.60482494645741
-48.743291635554854 -37.467770707437616
-47.26247618469562 -39.96227187088407
-48.48263831604087 -38.190729984508465
-49.456407905353636 -37.775506546888074
-48.650653898804585 -38.01241468896147
-47.28893907546857 -35.354226486141016
-49.703556227348145 -37.39693647708074
-46.47002576464568 -36.09124226123675
-48.981661071211676 -37.65424223138036
-48.2668494284283 -38.6537225578921
-48.8424873394635 -37.54190498321937
-49.16425260032775 -37.83165846985775
-50.40685166646102 -37.326369328959245
-48.40457296985451 -37.98206430617276
-47.87674821990134 -37.450394666868775
-48.91603727039517 -37.7040841609462
-48.51326598695283 -37.450105407694885
-49.1037191835998 -37.99839838998951
-46.52276197366107 -37.96556349446651
-50.389238902149316 -37.03289347423469
-49.01808999569755 -37.49000606832533
-50.22862786504937 -38.79508505291958
-50.479908476238684 -35.48128658007962
-48.83175714087422 -37.821491923176964
-50.75953011801932 -35.54609868492818
-49.91564530586918 -38.018847214466376
-48.919617825549885 -38.14880272756116
-49.55880744302905 -37.76407475545089
-49.84477063470784 -36.098658050422955
-47.90812475621007 -36.45769440469778
-49.5661222893178 -38.62366318190715
-50.76148821200104 -38.63010065737262
-50.21480798512561 -35.30847268374438
-46.14786685207098 -37.16809389062357
-50.362724873416994 -38.054441463742165
-49.85224459412487 -37.23095878986993
-48.70725370420223 -40.60504415050936
-48.556993586473524 -37.417126068770905
-49.29913562201258 -35.373121118760004
-46.694786983322075 -36.33846976284952
-48.69550279227696 -34.879231162785885
-48.62802387354214 -38.43913126401911
-49.1072752777681 -37.59053085952631
-48.55540569760091 -37.63191368033957
-50.7274059460108 -38.212007001528214
-47.710632607980386 -35.44572458308822
-51.22054387979055 -37.51016463100706
-49.21736466491174 -37.13504606873633
-49.39264353059858 -36.65931320077074
-49.28856146984593 -35.863643712895154
-51.09768145737027 -38.975834463959046
-46.11123427892545 -37.35522681472768
-48.16778146443071 -36.384681941341874
-48.11487502275324 -38.84887740269097
-50.088646893731664 -38.052404127679104
-49.510469172556675 -37.67944838186631
-46.86096222696316 -38.51787437534321
-49.25115085999596 -36.96213687115011
-48.262212878773866 -36.75210620446528
-49.25836208519855 -37.89045435531867
-49.25884218936859 -37.219524565308234
-49.26343530679976 -36.546638571842294
-49.8424385153259 -38.292248436407526
-47.787807281677324 -38.78418780420195
-48.59853629672341 -37.94149970946164
-48.068633125008326 -37.02895180824758
-50.16615714610289 -36.73150113020618
-47.936636932625575 -37.44199204571353
-47.32123724631915 -35.23269787119508
-49.84221755095539 -39.994782084412066
-49.037654495668136 -37.37958446109936
-46.521243625564274 -37.76740080514979
-50.139745669840195 -37.79978329030867
-47.10945134326897 -36.02195616351813
-48.58791229784311 -37.591289633923274
-50.019638104209776 -38.49440760399973
-48.790631814062884 -36.55135508141717
-49.034562610381045 -37.74711116092207
-50.88276814881608 -35.42172331927932
-48.93972803167055 -37.71569699623731
-48.56795658258159 -38.00527480345217
-47.593428359775466 -38.86735735373824
-48.51871669948337 -38.33222826299163
-50.05310270860761 -39.86080952985178
-48.06901806799738 -37.86792379705103
-49.48427188896141 -40.18827669765826
-48.97443659964392 -37.68645563914151
-50.57385717593471 -39.037496734572954
-50.09462069635492 -35.36522791015053
-50.62243250829263 -37.074398520167406
-49.39981740591028 -36.21347207035363
-48.6133944887403 -37.286843941482324
-50.32299187290389 -38.65803719046468
-48.84102951850948 -35.83021586864854
-49.47713698808413 -37.65758824801356
-49.03393398952086 -37.81007116502717
-50.81484967402016 -37.739318488083384
-47.97133508686605 -39.345794388341815
-51.12896409041945 -39.34744001839217
-49.494249385822535 -37.965474940304844
-46.9963811267629 -35.91676341279736
-48.39806380314163 -37.11367495998447
-50.76687903240192 -39.74621433057155
-49.188697743075046 -38.46109905441527
-47.74253118695166 -36.04252875867761
-50.1635800755284 -38.41517485795642
-50.563585698238676 -37.16295310615417
-49.86489277190329 -39.11172595741367
-48.56396914472486 -37.60703082627709
-50.24450885883675 -36.212579108109765
-49.96346211039365 -36.1621694089331
-50.14766612323348 -39.437365392360235
-47.895479662291415 -40.359109362162286
-50.66958194336716 -38.49334662861518
-46.612574075699555 -37.4038464703304
-48.92009905731214 -38.070210367673795
-48.55480652311839 -37.40791485155942
-48.67431122502086 -40.674840105883824
-50.33872259216096 -35.063635238484736
-49.433759773873504 -37.7904899957761
-47.649765083081704 -38.67715918767628
-49.349750085198544 -37.88292388494709
-47.104356311919666 -36.71387382071392
-49.257960579918596 -38.7355700472356
-49.87324790804652 -37.91635647847932
-51.22765406004728 -36.14680320010357
-49.00114488396638 -38.49435780867395
-48.16481901706662 -35.885267265348126
-49.30774499951461 -37.32952908223653
-49.52246810282641 -38.697206312291236
-50.72128600810656 -39.51202703611028
-50.915209575751916 -37.11000124206077
-49.51166726528278 -36.50737881993503
-49.00994127006827 -37.71677386572222
-49.2001620315874 -38.321562480672874
-48.837707785385945 -37.998322401917704
-48.0013545376825 -40.280999406836415
-49.67599439666522 -37.989536513498216
-51.45726081435502 -36.86332640086301
-48.19142626305316 -35.645383762030455
-48.64607402265067 -38.970048906242205
-47.034824470984056 -37.572925580030365
-47.20670947524957 -39.72021580197752
-47.08402198717909 -39.86419963773574
-48.65303447225326 -37.354026077159354
-46.8626297532392 -35.950669451281875
-48.68485604796803 -35.345797926699255
-47.36644962277712 -38.20463542967856
-48.99551728369504 -35.24320129982948
-50.934276905544245 -39.68747063130628
-49.47018602486874 -37.886291927252856
-48.45591957696389 -38.23093369473361
-47.057301647774565 -38.55170955515177
-48.04765247580834 -34.841333834052435
-48.71401807699593 -38.37356003060185
-48.69189994692781 -38.65505724992596
-49.89649813749307 -38.30512439259301
-47.81489676815621 -38.23955380883458
-50.14815193668708 -38.792356023196305
-48.65834510518377 -38.7662405043333
-46.95091498995101 -38.05217549439327
-49.402019296021436 -40.28425788438059
-49.00579738982419 -37.43774640320048
-47.54509087044219 -36.22681729567176
-48.95114133374302 -37.690298796355265
-47.065861152354294 -36.0477033092387
-48.64830404030275 -38.2057666603703
-51.392582059773275 -37.7812269154711
-51.1530698889095 -36.92193670238609
-49.20080786817193 -39.11950856782349
-49.75610993192942 -35.66263590017914
-49.722325331271975 -40.36012701585943
-49.37577386196537 -36.37627357093155
-47.912351523264164 -39.76933837826909
-47.60693438568073 -35.57422175015484
-46.53342003253231 -36.16311054085381
-48.09962739259344 -36.61427562624478
-48.496568967467084 -37.61515600686909
-49.970630022913404 -39.69039410371622
-48.90932973770037 -39.60261591978364
-48.33630640825734 -38.240577130694064
-47.84970784438407 -38.49542843898468
-47.19748196643666 -38.85080034936843
-48.5548282436129 -37.85774595015101
-48.37305930070145 -36.39226856598335
-50.647376562997756 -37.723488204983454
-47.55682600769145 -39.34306552779803
-47.65945697958997 -39.512894868124285
-50.072445669496105 -36.25530970365732
-49.84361259347692 -39.90484083673751
-48.839679028405236 -37.789837313734175
-48.03057105118744 -36.64554300453026
-48.22766302212135 -36.859126535944824
-50.62563442086281 -39.412368299437674
-48.850364717655005 -37.26316649692262
-48.839900289258445 -37.78890259267361
-48.766086098170945 -37.74172044119484
-49.15298145846126 -37.643593386373546
-48.54874764690456 -38.613969249441965
-48.86838213831728 -37.30782716004102
-47.948045166958956 -37.634583589786146
-48.41696877902576 -38.38024704900666
-49.095003579323745 -37.74852317749518
-48.40278743869803 -35.72389085554868
-47.71449344170095 -37.14129215494652
-48.9606052890651 -38.66794992794419
-49.21854997505635 -36.94710203722331
-47.34286028923731 -36.6448380800782
-47.619801711535686 -35.72955761536092
-47.44720926409212 -35.76157595723676
-49.06317717301066 -38.80875936545873
-47.42293357539769 -38.077582341755544
-49.83343475825893 -37.966813095373496
-48.22679285177356 -37.39353699065823
-46.47340672066462 -38.67546015647103
-49.70639801986236 -38.32682831061537
-48.965300783819835 -37.68192727770918
-46.29752651748925 -37.528690873592765
-49.14078037919759 -38.077827626179904
-49.18764871747237 -37.869725904217475
-47.30991960447505 -38.343966200004715
-49.201010251235545 -37.93541696944849
-49.850274547081675 -38.92093042704996
-48.04559397858597 -35.3085636075439
-49.453505392460144 -39.72796196260562
-51.64639963348666 -36.44638881180678
-46.45783241493692 -38.9874403715208
-50.71807176230484 -39.882836408272475
-48.66263020216139 -38.91121869308196
-49.00281423057713 -36.54497055954771
-47.14042852401368 -36.03619520312738
-47.82179341890659 -37.023979897382475
-49.947471902707235 -39.66591419503745
-48.95108566597763 -35.28940127970033
-49.37711096597648 -35.61502831784361
-48.043718407009344 -36.68968537412375
-47.90205272365348 -38.41388346774963
-48.464903471885506 -39.427064087564425
-48.975376438755134 -37.9463002805407
-47.23352145458791 -36.404942217713476
-48.49314331238819 -38.21399929718038
-48.894738049950234 -37.276407136556024
-48.60049762397766 -37.91189211569557
-49.85880547081976 -36.06005917073577
-51.82470556820624 -37.660928373407465
-48.56308830415722 -36.93738790107538
-50.27159992036596 -37.74707913848273
-46.39609471388827 -38.78949677357055
-49.93845320258383 -39.487171202673906
-47.4930094375788 -37.442747482512104
-48.648916618763565 -38.12119923666945
-50.4985630853039 -37.15932644280725
-48.94993408150102 -39.24007055264414
-51.389511447412254 -38.49842038660891
-49.2888248910141 -38.012787528871065
-50.4836118973868 -36.68670201346638
-47.823829032542136 -38.00539963866404
-46.61785928337878 -39.132453794171354
-50.165344120102354 -35.47758723825278
-48.40790785078584 -39.55211733468587
-47.14028094499939 -36.05480478290815
-49.39495007945978 -38.668968857457116
-48.77813684139185 -36.19117418851342
-48.34426915403252 -37.08656361527195
-48.75003293920433 -39.09204456302573
-48.18243627855043 -36.582361845197624
-48.89387592919561 -37.65765359127188
-49.242561059075996 -37.78217765256688
-47.44489081327057 -40.03524968211942
-51.65385765589609 -38.00458170816182
-48.59402068968504 -37.76127211951771
-50.07023007257229 -35.863450758740704
-50.44495141695372 -39.41822108914991
-50.26055271620658 -37.04323347385013
-49.227539267043674 -36.664122159124204
-46.93267274654242 -39.04081338325207
-47.73173827697094 -39.59008569879302
-48.94229852397178 -37.72895346601414
-50.54759131189689 -38.493752236543045
-47.77007035617894 -37.98241088516805
-49.00208729677766 -35.764231610321566
-47.113995978879295 -37.38225209541651
-49.50669222060604 -38.22297074751357
-48.4477703058031 -35.26612386222897
-48.75929762546715 -37.702438786027535
-48.33342048049816 -34.95181442862778
-48.82703546778821 -37.793102726361475
-49.199178083398536 -37.77977339620768
-47.42153795412463 -36.75891963389491
-49.54330505347925 -37.05581836419489
-49.19531422279192 -37.97975426880427
-49.182472578123615 -38.12438588187529
-48.839884939249224 -36.92299120612112
-48.970056562282814 -37.72843257151624
-49.15695383361013 -37.730407067496245
-47.10838687341258 -38.063739364503896
-50.76708376653981 -36.976976988581
-47.879142368531504 -38.26243019641136
-47.64959823817872 -38.42112423535544
-49.76706125118149 -35.777697110704004
-48.77271358778483 -37.549860885312924
-49.99405601246657 -38.065413722485765
-48.62608166728783 -37.665859884455756
-47.347211088395795 -39.31823455608231
-49.17496924891109 -37.97391942905582
-49.057327905511094 -38.22294182204333
-46.265197478773516 -37.1033202048354
-49.9997703379083 -38.673251249868024
-48.997939964495124 -37.71119447517297
-51.31684622867642 -38.08170021517066
-50.03533701324831 -37.85907792675454
-51.40512162249009 -38.52074159264705
-51.526240623194155 -36.7124071063749
-48.9917016410807 -37.9822548547588
-48.91962826821396 -37.661051201359406
-48.7367754660864 -36.784745346494766
-50.03514589000163 -38.839116468771074
-49.314179611682675 -39.78205545014149
-49.687634805032076 -40.318809074684445
-48.28832218299525 -36.37023999677742
-49.7872126728401 -40.0220990369035
-48.206891701689855 -36.73791022011086
-48.44566259621355 -39.04838361628766
-47.41865613615328 -36.17324660381432
-49.96389422842683 -39.53633549232369
-48.621457018375445 -35.53198829636825
-48.88203520826408 -38.761832346353614
-48.52599138830668 -37.82395544402501
-49.72120014539664 -39.91611840538871
-48.00436710139773 -37.0854773572577
-49.93657038646326 -37.67505356104593
-49.32317166879972 -38.87542576946861
-49.5869987394889 -37.90203258945793
-50.66090972454411 -39.1597321035821
-48.872035808824776 -38.59052017048646
-49.24485338482582 -36.822991913120674
-49.147932727066845 -38.23020774986946
-50.035684231655225 -36.42370819840907
-48.64859292844324 -39.24075710422485
-47.31818709846943 -38.38249180640545
-49.85078844883837 -39.11285860705094
-51.02440437397851 -39.09244934118889
-48.76541391996491 -34.72079476029236
-51.06726621662426 -35.644353333791614
-49.856027593404974 -35.05845186923058
-48.26843121192595 -35.61938754350971
-49.441028958147605 -37.06950817535811
-47.674119762551484 -36.39854826994316
-50.210152915157344 -37.51557098131164
-49.53522467611286 -37.690999262937694
-48.24002173223372 -39.63791926439816
-47.83027256239612 -37.890059792071966
-49.80214729881603 -38.184023647538126
-48.56254891358542 -37.925271183897976
-49.63612307826732 -37.59862852676306
-48.33061437717207 -35.73617626608998
-48.98308655313174 -37.69804968321791
-48.975131188972554 -37.935985422633294
-50.70206085138169 -35.723551464858225
-49.9717869304666 -37.629580062568735
-49.695505243906595 -40.564308020767015
-48.82504065230881 -39.09685561197401
-48.671415710069866 -39.09273945025993
-48.93359732562768 -37.63010132088142
-47.989556892456235 -36.95961107498412
-50.87263871137676 -35.684381458911155
-49.71998742544479 -35.519593785211796
-51.3173944648215 -38.38250641417542
-47.50432646187219 -39.19149946955472
-50.616376828984656 -38.981760068488924
-49.359843467470306 -38.11782762142532
-49.72822707436565 -36.50887688587761
-49.27196564291681 -38.25691629638037
-48.4266074880301 -36.20966457432713
-47.06197939473456 -36.920064095890645
-48.42314729353692 -37.64384711264564
-50.21863966615369 -38.84422425936685
-48.99151678602199 -39.929823960294634
-49.38188470029658 -39.07417621652099
-48.04341135476924 -35.2162382408489
-47.354189685749006 -39.45949784134652
-51.18818012304375 -38.28706671026654
-49.10074512879074 -37.59848155474622
-49.178737995995185 -39.172878488308825
-50.083146071359714 -37.997734677657654
-48.92054108297181 -39.96239048327584
-48.84234677245806 -37.680058186594756
-46.71200752299381 -37.14091093929087
-49.34526504114021 -39.67570982334309
-48.64548745124782 -38.34109690235108
-48.35380565562159 -38.53973908911932
-48.281077138267285 -37.96994398703376
-51.17855308772198 -38.836076730009914
-47.624286351103684 -39.25996817190566
-49.302674626688734 -38.34135148619218
-47.70411899485606 -40.223622443892474
-48.88574542952507 -36.442976306095375
-48.19791198186257 -38.122522186945254
-49.023134339693335 -37.29827037401273
-48.662606899808345 -38.304846939156725
-48.13929220181902 -36.04844592670633
-48.845296086888354 -36.68726696753227
-49.14700040026317 -35.789486278065915
-46.67511557204485 -38.543953735067156
-49.2959662293576 -37.24877205422824
-48.97460069016243 -37.797793441443865
-47.08915325836914 -35.964409013769064
-49.139650454712715 -38.163144028322705
-49.61431896112952 -35.61941776078072
-48.12112790962069 -37.310142776791125
-48.8123669708628 -36.64190182410029
-47.43293942744075 -37.708752493062235
-49.23596377472174 -37.801276141041726
-48.641605478785436 -37.81461638557225
-49.35127269620975 -36.34272107384304
-48.3003964612753 -37.37063071572513
-50.389834688450414 -38.96151031006886
-50.29939028046005 -38.07490467420788
-49.285016883996505 -36.31226078623044
-48.7452274476178 -36.87356613376296
-49.02051536557491 -37.59723920396209
-51.336654392353694 -38.7877041866536
-51.339088536905024 -38.916195631569956
-46.76493883775802 -36.940799683940966
-49.17857149630934 -37.36629158790776
-48.340251574387494 -36.924744199961616
-47.306198077412354 -38.74563983143586
-49.47651663480157 -37.66861522410601
-47.93049025204566 -38.285965261585204
-47.78344024823105 -38.92255318117877
-51.23323653454338 -36.15827212342585
-49.20646387765189 -35.017767500643586
-47.48177578937014 -36.26139623837563
-49.16894088488888 -40.65560821944199
-46.84266780842376 -39.36969369952976
-48.1170399170477 -38.880371491990104
-48.41787639002338 -40.54341132622121
-47.17509064451596 -38.23899658273573
-47.517442512631824 -38.04641875357658
-49.05328821474117 -39.63346831531068
-48.34450961647547 -36.01754618431056
-49.105985044574574 -37.37215869679828
-48.64119913782916 -36.887290886968565
-48.00088661883549 -35.732246848984914
-46.841975149142655 -35.8325271336944
-47.29085853297465 -38.31830837668667
-47.50312278644907 -35.4977567447704
-50.60314682076985 -38.809508467953634
-47.15277615881344 -37.766981819015534
-48.340442791467424 -37.30828653395518
-51.476163322833756 -38.02564382675367
-49.08978366353236 -37.48353693495775
-48.20707924397051 -37.78626892975813
-49.31551821732724 -37.75140013432706
-48.500910410371134 -39.890832751651935
-46.997486628605614 -38.84559835285937
-48.750653157115956 -38.578814173025044
-48.46813962655374 -39.844890026608546
-48.81443967560471 -37.66668114912922
-49.34429953214538 -38.80571188606663
-49.988494832467595 -38.00803636711654
-47.47864956338321 -35.739913188444824
-49.45969202036629 -36.09641114937969
-49.502992303742595 -38.96499413092168
-48.27951699460244 -39.98620179063383
-47.22693611830067 -38.77698292101687
-47.966943183160645 -39.18165643563379
-48.40057136911111 -35.187223423917814
-46.641697284931595 -36.9478238565115
-50.67034440925571 -35.36768301403373
-47.37365378738672 -36.688716652731046
-49.453577287788626 -37.549636792999095
-48.85994009589543 -36.06429967192744
-47.30182984575623 -36.99135268046166
-48.6484667054112 -37.34980577990226
-49.13885764410049 -38.29048557913823
-49.34917363590058 -34.94097569713459
-50.436952060139504 -36.648747035803936
-47.25247233938906 -37.16464261488227
-48.65255564110365 -40.46109903022902
-48.572778347249724 -40.36114702394371
-50.16810856794364 -36.6780364427449
-48.752981050572124 -37.45244261544693
-51.208561486109815 -39.66349831968069
-50.511621856076864 -38.96698275214218
-46.84283079187838 -36.791294805859614
-48.77812008146751 -37.786531531744075
-48.533989538747825 -38.414828575709606
-46.0965556000986 -36.89541393163184
-48.490615298536966 -36.86331198961241
-47.2822299771552 -36.107478093609416
-48.03963647303878 -38.50373726429667
-47.80887520520799 -39.443528971031064
-46.42803618003009 -38.134723381538464
-48.39678999017483 -38.09446825898699
-48.970943833743334 -37.71067218830943
-47.91884752796038 -39.28034290860631
-49.667463562460256 -36.82677466717968
-49.81100005260473 -39.94250149420154
-49.084551346347524 -37.898364121638
-48.94614327126828 -38.69782418350321
-51.00478842278096 -38.79212104443715
-49.35122088488914 -37.55277882079613
-50.5331036392195 -39.377086939473166
-50.343694491323596 -37.864425911354175
-49.69229210296967 -36.65153255063508
-47.712423953823 -39.55759409584683
-49.17837059101361 -37.765208716310056
-49.00603441079108 -37.51419368839494
-50.85316164671241 -37.95111802983486
-49.87459857818828 -38.21100766009379
-49.62534904258243 -38.30942227475567
-51.11962291667042 -37.349373229698585
-48.580676170202906 -35.62415488772178
-49.4742856256864 -37.99571536408715
-50.99476150009332 -37.36700852398438
-48.76344968242571 -38.23234508304138
-48.83996094234461 -37.9272490572541
-48.64983215385839 -38.98882425648046
-49.03218378398611 -37.50023936235331
-48.31214511931778 -37.373636951393784
-49.67285418088825 -35.94470395926365
-48.805440541740204 -36.555760102276714
-48.7265286541798 -37.571041124848264
-48.90258004122674 -36.89630614216152
-49.44187988897895 -37.880709548623415
-48.19108845904261 -39.45400576904979
-48.42886165548206 -39.10557316848398
-48.04362987328181 -38.91182137137534
-48.88003893750286 -36.3348022452022
-49.54470143155922 -38.42743519981609
-48.22549908501455 -39.52774096668657
-48.82480970915892 -37.34218464221373
-49.78342830024706 -38.11061183179915
-51.17979301188735 -38.48598834425462
-48.61395709384668 -37.61292156859067
-47.06400091203662 -37.670574196550184
-48.02502483619476 -38.102097495833824
-49.65351521255588 -38.31415288874438
-48.9255836462353 -37.58311077691653
-47.703091384590074 -39.50503241241923
-48.96224783614159 -37.48861100612966
-50.28361453691142 -35.59101407278017
-48.93074264894734 -37.72374954745518
-47.55347178368681 -35.10431767748452
-48.06086652194659 -36.9421326109025
-48.09754811173701 -40.41287456318262
-49.81501726581007 -34.91114991717296
-49.38174108450895 -37.52589223622639
-51.49081969155225 -36.31131079830777
-47.32627984408434 -39.96563197434369
-51.43326160792105 -36.48046688080501
