
2 - 1357 701
3 - 1236 717
4 - 522 1320
5 - 711 1361
6 - 501 1277
7 - 708 1326
8 - 560 1259
9 - 486 1334
10 - 686 1350
11 - 529 1139
12 - 743 1418
13 - 519 1239
14 - 690 1242
15 - 659 1225
16 - 738 1402
17 - 612 1153
18 - 539 1309
19 - 616 1318
20 - 607 1309
21 - 719 1276
22 - 1492 640
23 - 945 1619
24 - 1535 975
25 - 23 32
26 - 
27 - 155 725 
28 - 444 2053 
29 - 
30 - 399
31 - 575
32 - 458
33 - 617
34 - 456
35 - 551
36 - 495
37 - 469
38 - 608
39 - 617
40 - 5
41 - 882
42 - 
43 - 197
44 - ?
45 - 2936
46 - 
47 
48 - 3043


53 - 840 82
54 - 778 80
55 - 875 210
56 - 859 193
57 - 1216 196
58 - 1024 276
59 - 779 76
60 - 731 40
61 - 796 52
62 - 306 974
63 - 960 205
64 - 778 72
65 - 
