1 - 7,58
    7,32
   

2 - 34, 37
    33, 36
	33
3 - [36, 39]
    [35, 38]
	35
4 - [19, 22]
    [18, 21]


5 - [21, 24]
    [20, 23]
6 -[24, 27]
[23, 26]


7 - [59]
[52, 58]



8 - [65]
[58, 64]


9 - 
[51]
[44, 50]


10 - [59]
[52, 58]

11 - 


12 - 15 25 23,26
13 - 16 15 24,27
14 - 17 29 27,30
15 - 14 13 22,23
16 - 14 25 23,24
17 - 15 27 25,26
18 - 16 29 27,28
19 - 18 17 30,31
20 - 19 18 29,33
21 - 18 17 28,31
22 - 17 16 26,29
23 - 16 27 25,28
24 - 15 25 23б26
25 - 12 11 9,19
26 - 18 17 26,27
27 - 17 16 24,25
28 - 18 17 28,30
29 - 17 16 25,27
30 - 14 13 20,22
31 - 8  4,15 14
32 - 8 2,14 0
33 - 11 16,21 1
34 - 11 17,20 2
35 - 14 23,26 2
36 - 10 15,19 1
37 - 13 20,24 0
38 - 
39 -
40 - 14 5 9,10
41 - 9 3 11,12
42 - 8 4 8,9
43 - 9 8,15 12
44 - 10 9,17 14
45 - 11 7,20 18
46 - 8  2 9,10 
47 - 6 1 9
48 - 8 2 12 
49 - 22 23,45 25 
50 - 26 27,53 29
51 - 46 47,54 49
52 - 
53 -
54 - 20 2,19 18
55 - 12 14,22 21
56 - 25 22,24 21
57 - 31 28,30 27
58 - 12 3,23 22 
59 - 13 11,25 24
60 - 15 12,29 28
61 - 16 20,31 30
62 - 27 4,15 23
63 - 26 3,5 
64 - 79 3,26 
65 -
66 - 19 22,36 35
67 - 16 18,30 28
68 - 13 15,25 24
69 - 15 17,28 27
70 - 14 15,26 25 
71 - 15 17,29 28
72 - 18 21,35 34 
73 - 16 18,31 30
74 - 18 20,34 33
75 - 21 3 31
76 - 13 2 23 
77 - 14 1 26
78 - 30 3
79 - 14 7,13 12
80 - 15     13
81 - 
82 -
83 -
84 -
85 -
86 -
87 -
88 -
89 -
90 - 17 3 33
91 - 24 2 8,22
92 - 10 4 4,47
93 - 36 18,35 3
94 - 24 2,45 15 
95 -  	 			
