6251
9630
5903
1720
2473
6726
444
4476
8150
5223
1857
6188
5123
9808
8623
9521
2531
4558
181
9897
4095
635
4728
776
8671
5544
8979
7931
6388
3875
7441
8950
8085
2345
6529
7867
9911
6853
9813
1618
272
2677
7079
8409
3722
3406
6571
3313
1983
5643
4191
4701
3890
5580
4210
3990
6691
3851
9127
9208
613
8990
3448
8768
7491
9778
8871
3842
9393
7934
6429
3390
6961
3347
6374
6872
7545
9258
3755
734
8968
1579
2874
3825
8370
729
2953
4670
8784
7776
2539
6648
3540
2806
8622
8222
1017
6960
9847
7141
3107
3888
1444
1115
9227
2255
2025
3573
7555
1443
6946
3695
3308
4651
5412
1748
6223
1290
4081
6828
7818
6103
3945
3519
5984
8060
8212
5889
8357
3946
9983
7594
7081
8642
1624
1358
6948
3082
5519
8640
1871
485
9921
5585
5550
955
8117
4188
4393
8587
8830
1393
4025
3284
9071
575
7717
3522
3310
8387
9570
5569
8958
5462
7287
4530
3546
6134
8961
3400
5233
4245
8145
5203
6519
5142
2033
278
884
782
2047
4311
3926
4135
8441
3982
1735
1602
7407
8920
6721
8080
712
7808
4294
6551
3612
9935
7828
8280
7822
3916
5613
9104
8155
5513
6684
8740
1723
1302
9514
7163
9785
8111
4023
748
3853
1057
6419
3259
4723
4825
9623
9781
3532
6295
4623
9741
3973
4518
3096
2890
3050
9826
1119
3378
1332
2809
9765
7309
9915
7236
7651
395
2646
5275
9544
4376
4037
7906
5132
2023
180
7072
1603
7766
5921
1840
7438
2474
129
5976
7075
162
6020
6128
5603
3858
7854
5723
3693
1630
9950
645
457
1629
1984
5137
8897
5635
847
2926
4991
7500
9926
7299
3317
8989
6243
3961
9874
9431
9310
4291
7223
3457
3641
166
2171
6816
7055
9230
6511
3437
4598
503
6560
2318
1887
3149
1742
2933
3780
4968
2996
5448
9844
5851
7816
4766
4880
8595
9465
342
5855
9626
4619
8448
8401
5228
4180
4589
1883
8173
826
1427
6654
373
6205
4755
8646
2798
1152
334
371
4012
7036
562
6974
3088
6008
4459
1080
8029
7853
8440
6997
8092
1353
236
9016
5763
1016
9448
9120
9656
9752
1851
629
2232
3003
1597
96
848
1695
3399
6293
1897
8693
4580
5011
2086
4401
44
26
4190
1395
8824
258
7136
5264
8692
6482
6078
6514
7184
6336
9910
7679
6386
6925
6007
153
2022
5405
5869
3626
3241
1931
9232
2145
4837
7487
4477
2055
6168
4501
3710
8629
4429
4502
6052
5350
8233
6667
3811
4943
7805
5120
1005
6554
4381
9805
1293
9640
7064
9351
9194
5838
835
9631
7685
3598
3905
320
4716
9913
3822
9522
6561
8064
9262
5227
6578
8678
4655
6623
5382
1092
151
502
8144
3947
861
9168
8081
6000
5617
3810
3459
9720
6146
9134
8179
1418
553
7304
9888
8216
4108
4890
4806
4627
9726
3141
312
4498
304
4567
9873
4756
7671
9231
6484
4850
9273
9754
7354
3984
9937
3909
3506
465
4237
3742
876
3987
4947
9488
412
1950
492
7098
7522
1328
4029
8503
4819
7433
9882
583
4132
8428
601
9255
5361
8721
8479
3298
1074
6435
3484
676
9177
5526
3160
1959
1175
2928
8393
5253
490
9919
8424
9635
1337
5229
4150
5175
1894
3145
9307
1161
7820
9711
3319
8820
9140
9679
5062
2613
7171
1874
4876
9621
9948
4296
4822
4463
3911
1796
5983
275
8550
9165
299
260
3234
3900
9776
1568
7110
5864
7044
4736
9060
9111
973
2175
7332
5406
5187
2835
9870
8986
1036
222
5162
3720
8639
8063
8469
5627
3488
6573
4606
6673
4341
7678
7856
1638
6531
2031
3535
2664
3177
500
9899
5649
8205
1320
9425
5194
1065
5622
6308
9750
8502
2634
5420
1498
8326
9269
9912
8068
2329
4289
5980
509
8044
9233
4997
1987
5558
879
8451
2366
610
4894
9385
6622
363
1295
1499
382
7898
3047
1322
3150
4722
9076
6999
4603
3393
9853
2580
4905
4021
2747
2726
8359
4234
9588
2807
5879
1150
1593
2289
8120
4918
7932
6508
453
7122
7313
9372
571
3473
592
8335
3119
3352
7148
4585
2185
188
3761
527
1360
5675
2427
9879
6237
513
3829
1170
1130
1922
8717
8767
4624
4105
2070
9442
3877
3377
3832
5886
4635
9105
2851
4185
9993
1729
4593
6449
1852
7166
8086
2410
5555
6510
7607
6936
5955
2783
1492
8746
141
2691
6874
4726
1890
7281
97
9241
6656
3749
1615
9055
5297
5057
5409
8948
3193
545
3728
1052
2640
400
9027
6309
6073
105
7490
7578
3920
2643
3280
5814
1407
5045
5819
1125
8159
4641
9725
650
7018
1628
795
8628
2191
6979
7384
4628
7258
9738
6351
2688
9288
7318
1604
4437
4300
7746
7708
8992
4739
3019
2081
4457
762
8834
5811
8078
9148
6912
7989
3800
6827
8855
6611
565
9568
7868
8093
3607
271
4100
7698
7325
593
7305
9530
8657
5803
3499
4800
3750
2980
4532
4409
6235
1369
2868
6987
8947
6509
3696
8669
5924
5131
5260
7353
4455
3290
1958
6247
9290
7758
5827
1009
3700
6
5637
8868
4478
1093
649
7565
6088
4154
4405
4145
7514
4433
2408
5082
1399
5822
5063
556
997
5730
8230
206
3206
9788
4397
1309
31
5718
5111
8593
9824
4266
3889
9890
9721
1235
7516
2392
5133
9298
18
4764
1875
7190
9639
1291
2206
4758
8555
1010
1947
2533
2792
8366
5216
2672
4753
6111
673
7799
2337
7559
1634
6211
2158
2588
1471
2227
5025
161
9904
9722
4707
6505
9807
5669
216
5791
6521
7035
743
4283
1032
1078
6780
1565
1031
3736
7416
8584
449
3787
846
5084
5318
750
9520
8276
8828
8984
2935
4251
8932
5466
3269
1509
2501
7381
8380
1190
5882
4002
3066
7640
4119
7714
167
5407
3034
1356
7908
3739
3618
5929
4091
6820
5054
6251
4503
5732
4000
2891
6191
1003
6920
9764
532
2027
4050
4625
6324
6660
9136
9947
3861
3675
9493
2888
1464
4988
3501
3404
1397
337
6738
811
6747
7631
9189
1040
8312
5765
6773
8697
207
5366
4608
942
8666
5213
4269
8096
4308
335
652
665
1162
2137
9739
9380
4939
9462
3185
5153
6663
8336
9092
5800
9289
2493
428
3624
357
5843
3087
9579
2208
3773
4516
2254
1737
8889
2441
7584
3286
3278
1370
624
77
2565
5379
6118
3402
912
476
2334
5117
1586
3846
6659
7480
5430
8553
9389
2898
2451
4937
1033
3737
9141
5511
3364
9649
8925
2862
7054
2815
7051
4454
582
4571
9587
3914
1432
3571
7681
1510
7788
3812
7324
2952
9202
5288
6793
8583
9684
6604
7182
2822
7132
7947
5426
8900
2457
2093
739
1688
5734
99
8570
2341
7052
3078
1070
8241
4453
4259
8778
5910
6216
5523
5551
4352
4537
6501
4333
7860
5713
9234
3277
3338
9146
9977
5236
5625
5991
8231
5640
6661
8494
8213
1154
1087
975
2978
3476
585
4229
1960
4802
2436
8139
5705
429
1046
9147
8658
5322
2709
2124
9543
5524
6945
9618
7429
9321
7958
5813
6415
8901
2915
3147
8449
674
1873
9887
5004
9718
7753
2194
6330
251
5220
8865
4757
8805
9271
3311
4985
6803
311
2370
4445
2009
6759
9501
7066
540
2663
1674
3008
8708
3207
3902
249
6788
7903
5043
2269
2536
2714
911
6057
9740
5103
1008
6140
7316
533
3553
8876
4140
2761
4173
3915
6765
2541
6294
4878
3270
1169
905
4788
2784
3976
991
5353
9859
7242
401
5782
1639
91
4711
9328
8699
3970
1903
2103
5597
2131
1034
6036
392
4458
952
3191
6710
9533
7561
2112
3606
4867
5772
9476
3458
5781
1280
8194
9286
1236
2853
8914
1822
7021
9404
3354
5753
1218
7042
8739
4815
6841
4465
5006
5491
407
6735
946
8841
6076
9856
3835
9486
1270
7857
3392
2418
5793
2738
7427
8544
1373
421
907
1304
5427
2948
6957
1632
1002
4183
6832
8175
4531
3568
8371
1710
7541
3288
2153
5001
3007
9956
6387
1039
4158
1814
4583
4780
4345
6871
6586
2463
1455
4668
4639
8407
9608
2119
2274
6263
6666
4213
6248
5747
7005
2187
6700
4467
6988
6536
6104
3335
4849
8560
7952
6599
5694
7047
383
5634
9900
9217
3403
5654
25
2374
9624
2837
3062
5047
3430
1981
6797
4110
7928
6893
1487
5182
3884
3371
987
3363
8681
4394
2425
3260
5444
6356
7032
235
8492
8796
2759
6411
1989
6447
1387
7169
2543
2964
6613
1173
4052
8998
2405
6485
7023
9038
3129
6585
4546
6712
3859
7107
2264
1559
2117
8197
9267
9149
5867
368
8875
611
1300
7859
5861
3651
947
9810
5453
2887
7601
8229
718
3148
8713
4936
6033
4144
9556
1835
6863
9181
6615
9831
4205
8551
3339
2985
2967
3670
9716
6072
1719
4528
9697
7099
198
2480
4576
6225
5783
5808
486
8684
6904
2377
3445
3322
2925
2793
9735
9625
1657
5337
4879
798
3912
935
6972
9074
2343
1268
7256
5745
5113
619
8126
8870
9838
3332
9287
1966
8695
3565
8010
8880
88
6624
7180
1625
211
5837
455
3002
2818
3691
9962
8420
5218
323
7874
1084
1773
5758
1071
5237
9843
1472
9314
8649
3623
8347
8427
7474
8704
5556
5035
2016
5679
5292
899
2018
6019
6347
4979
3734
4550
3196
8445
1651
2495
1557
1730
8792
7017
4841
2488
888
2571
2639
60
7301
8510
9008
710
170
8223
148
1898
4866
4578
8025
3584
2381
5019
4816
7579
7629
9383
5908
9357
6267
30
8519
2240
1281
9500
4250
9452
2497
3083
3156
2794
2236
7890
2211
7428
967
9607
3975
2150
3699
7155
9203
937
108
4999
1679
7392
1216
1655
1448
1862
5201
3412
4326
8054
6364
1698
7312
446
9820
691
1521
9546
1142
4980
9416
7061
8162
1212
2490
7785
5184
1572
5954
9039
779
4644
7826
4424
6189
4480
8238
6457
5501
5698
1299
1842
1201
6513
8161
2325
5315
1558
3167
6450
9940
5854
4086
7457
2879
5639
74
9324
7969
2259
542
7142
8838
5650
19
221
266
1426
9359
2755
1431
1919
1933
1488
9332
9542
8702
2332
8659
417
8463
2210
2581
5619
5716
7915
563
9096
7156
463
4349
8600
4347
8262
2378
6169
1195
578
3785
5507
9775
131
8261
4217
1001
1401
327
9115
4230
4329
6758
3843
5460
9918
7296
2143
9974
5601
2927
460
7566
3496
759
8688
7734
6380
1255
3709
2450
595
7842
5106
6620
3602
6804
7467
9327
2056
5096
2673
1606
1913
7418
2134
2949
5121
5680
6676
1063
316
3876
4692
9042
4597
8245
6808
1503
5872
1463
1878
8146
5381
8001
2442
3343
9312
1964
4415
8419
4450
1263
440
7292
9218
8399
8685
1329
7344
8879
7742
134
2736
7225
3603
3666
9671
3600
1777
8863
1094
8627
4334
8255
1081
7907
514
4206
2499
8656
6064
7855
4967
6986
3578
7053
4193
3823
3589
2856
8349
5764
3489
9506
7014
3240
8700
5712
425
9827
2288
8047
9734
3848
1867
9632
3333
2099
4915
2380
8520
1132
8894
7966
4553
1390
2475
5612
1434
3006
3867
6574
9971
3865
3778
9484
9471
758
755
2667
818
4855
6329
6184
7811
1204
5026
3099
387
4522
1633
4030
409
7215
3866
9330
2063
6991
8105
1990
1378
698
8529
9477
7567
5464
6327
2869
8484
5537
1515
8586
2706
833
3094
8625
42
28
7529
7732
3819
4464
994
8415
1731
7448
6181
3493
1203
957
6876
4063
2756
797
6468
1079
4662
2106
5487
1086
3992
9666
7686
2369
2849
3817
3453
5504
4353
7918
9664
2008
2711
66
6306
8123
1749
6096
2786
7948
2895
7303
7113
3477
5933
6190
8022
2904
8723
4003
4538
5469
642
2013
3681
8395
1266
988
3956
3253
3509
5853
8192
5010
2679
2224
1502
7921
3020
6857
1954
8917
8110
5632
2201
9207
5944
5048
3360
3365
9798
5330
4355
6040
6155
7639
4781
6720
4113
3021
2924
6831
3028
3367
3931
1535
6805
6490
1183
5485
9094
5185
7278
969
3204
4292
983
8354
4512
9580
8009
432
345
4856
7349
220
9065
7827
9938
3944
2591
4256
3434
7090
9123
5579
5240
5325
1184
9907
926
6638
7273
2074
3805
9498
8800
598
4595
1709
5308
5144
1411
7624
8031
5512
6121
9276
5999
1970
9382
4899
5656
448
7999
8743
6377
9407
6470
7361
9460
1943
4809
9478
8511
2438
8039
4372
5306
3597
9302
2981
9654
5299
3142
3901
3596
6066
213
268
1315
1726
7359
6144
537
6704
8952
294
1343
7946
136
8883
4817
9717
8598
4044
7564
714
2680
5708
3892
9930
6446
7652
6757
3157
8020
761
9292
8431
2298
4956
8486
9054
9661
8498
9468
7840
4073
2146
1028
3472
3383
9539
9369
4359
1937
9787
3312
7912
3487
4791
9338
4304
5802
40
769
6806
1248
7119
3423
6249
6850
7329
5898
6517
1556
7741
1011
4059
9894
2015
4262
1659
7593
7327
191
2789
8015
4970
8972
9648
7986
5901
7086
5531
6630
6431
9758
8631
8957
823
7218
8061
5740
4290
1794
4751
6799
3539
5336
1826
1301
1021
7367
4661
3176
7923
4577
2597
867
6201
5254
2537
5570
7058
3770
8051
5265
6170
4047
2647
8209
7552
1647
4414
8490
8973
3969
9272
868
6100
5136
5200
1505
6466
8590
4196
9040
2299
1821
4076
8116
32
8543
6950
5710
1104
8075
6899
270
1827
7824
229
7026
4124
482
4351
9835
548
9811
8561
132
2315
1445
3954
1166
9145
3226
2003
1435
8026
4833
920
1824
7421
4526
1482
7078
142
2986
4596
3452
8249
6751
8718
1911
7209
9402
2326
3561
1934
7226
4774
4309
6480
6050
9792
9095
696
34
6475
7404
7627
3032
5489
50
9990
9248
2923
358
6004
3650
1172
2184
9180
1480
2838
6766
8355
130
5629
3238
9100
8392
3764
2067
37
6373
5356
4923
2045
8206
2708
4378
4875
3388
6687
2574
6299
7205
6319
9696
9496
7517
405
3237
1598
3619
8518
1949
3929
7128
2273
253
7905
3479
8905
9260
962
1051
7057
4303
8738
5543
7925
2244
7033
3743
3788
7282
8701
5652
5790
9511
2256
9354
459
4610
8454
2393
5283
9126
8694
1067
8259
932
7814
6778
5576
2413
7690
493
8711
1371
1768
2043
5935
3538
6760
9381
612
9187
7914
8434
8980
4933
6607
618
9487
7834
3281
5797
5941
7592
5258
5767
9655
8180
1376
5378
7526
2496
1303
4338
2350
1436
5101
9087
8071
3762
1306
8931
6043
38
1849
499
3264
9112
9733
9340
702
9215
495
1196
4471
246
1526
3413
2085
2587
1829
2460
282
8675
4204
4901
7013
4519
7549
4056
706
1479
27
9122
6254
8200
4479
7357
1228
7025
2527
2128
760
8286
5863
5736
7676
2832
5311
5717
6706
2399
6428
6932
7173
7998
8478
3342
5250
9667
4495
1585
2684
7493
7751
5269
9857
870
1186
6486
4877
7512
2168
862
6754
7511
4523
6461
5714
6990
4931
1892
164
5115
653
1147
8000
4184
7508
3121
157
2567
3813
6500
6815
4513
8390
3617
3932
5899
2028
9423
2344
7195
5541
5180
8506
2453
8910
4917
5033
8350
6639
536
2542
9683
8536
3631
7161
9091
5333
4109
5755
7076
1382
4654
3031
3935
9627
4238
5595
534
7289
5662
5128
3285
3108
5340
3152
8633
4482
3933
6868
9062
5810
3485
6595
7920
4456
7233
8976
1013
2456
3751
2566
7167
3754
3724
3254
8021
7452
5368
8674
8831
7050
4385
2284
6175
7598
2731
2562
8909
256
6949
4075
1727
3439
9198
2006
8916
9819
1187
6221
3369
7160
1049
2735
8459
5171
854
8566
2323
2452
5068
7380
1141
6512
6270
2017
5587
3786
3768
1428
9809
1264
6414
3355
8102
1940
5711
9371
8168
2180
1684
8912
8172
6159
3302
3224
5557
4932
1508
8483
8405
8960
5529
2934
8368
3073
4011
4335
6058
3242
6272
4682
7693
3192
3396
6368
9665
7636
146
6242
4920
3582
2648
7235
5034
7274
9616
1240
2954
6097
5866
543
4384
8260
1886
7262
4586
6771
8791
8643
9906
215
6400
6232
150
6594
9652
3274
3872
4952
8429
8508
2037
6082
7157
5473
5809
350
1640
1374
6750
7780
5274
1856
3128
7864
7960
4832
5582
8400
6848
4400
2039
5385
5398
7781
7922
5093
4829
8300
4114
110
9892
8512
4543
5927
165
2912
3120
2802
9265
4742
1149
310
1687
4612
4286
5181
2606
6143
3025
4990
8465
7600
2931
8641
4373
4074
2749
4028
2258
4323
3407
8574
5422
3255
8402
7492
6833
3806
6784
7203
9923
3658
4039
4367
1182
9277
6532
7938
6590
7138
6303
6085
1906
3610
9296
1900
7798
2743
6567
6344
9763
2076
4316
7162
80
2863
7339
3075
7198
1562
3261
3999
3951
3330
4089
518
8615
1661
5302
9828
4226
2004
3706
6906
4071
2991
2353
9173
7888
6182
9743
8332
5768
8645
4159
4346
5071
1780
8290
8967
2810
9151
9225
7924
6077
6650
3012
6947
2586
1191
6543
3289
6917
8046
1512
1956
3733
8872
9409
3963
7954
2621
3545
3015
1767
7409
9855
1231
9688
4328
1560
6728
9753
6392
1533
5830
1219
9473
6626
4796
2069
5701
8571
3038
6108
3033
6752
2625
9609
4584
2276
3295
6427
6637
3341
7596
6311
4085
9489
4818
564
377
7314
7941
7909
3769
9914
4486
5719
1288
273
1967
8027
8981
8994
3748
940
5969
3616
814
8281
961
9619
9396
8041
4038
8906
3275
5186
4442
2021
2449
1697
8606
5583
6885
292
5897
139
6913
7968
9495
6229
8196
1410
4164
1089
3608
8170
2505
8421
719
7091
4787
8302
3620
9239
3362
6278
7602
2921
9467
7222
5279
916
9822
7100
4843
6862
4285
7125
1545
852
9507
2467
3967
5251
9842
6279
675
3727
5525
981
2367
2561
4981
5419
1400
227
8106
5150
2336
8991
257
8581
6285
6911
516
7043
8859
113
7461
2462
5630
4801
6164
8626
1037
1792
475
1952
9035
1927
9638
1047
9584
5475
6539
2995
7094
9846
939
8298
1014
7112
8982
506
9223
7375
7360
9397
8687
1256
267
5739
7778
160
2162
4272
5644
2909
1979
1595
2432
3153
8750
3432
4617
4645
5094
6305
621
5615
5471
4224
6420
5129
8072
815
3630
9391
1355
6495
7875
7997
2840
3886
4362
183
3203
9848
2394
6810
7535
9024
9573
4339
5948
2880
5091
6781
855
4545
2910
5744
8652
933
6767
9172
2603
9961
5307
6262
3214
1500
2795
3070
5039
7497
3950
5163
9018
4702
9972
5100
5833
6762
6423
677
6610
1250
7615
7841
6030
436
8122
9363
7320
2791
7643
7723
4921
1164
7012
5029
6395
7940
5721
4318
1246
7254
1188
3416
2555
4699
7659
8134
1254
3790
992
468
7237
4399
4925
1072
2805
8008
7684
6690
1546
2223
8244
4724
2690
9360
704
7534
2989
8744
7953
4084
2955
8268
447
451
7990
2641
9069
307
9992
894
1143
2623
2012
5154
5563
3934
6642
6127
5023
3542
1747
3881
2963
1781
5335
4633
8384
7756
384
2266
5190
2251
996
4998
3205
1159
6167
8886
872
9952
4729
7092
2503
2701
699
5016
8559
2466
7680
4236
5102
3968
3299
8662
3132
81
5383
6227
3155
3758
6135
9889
4167
9447
1225
7618
3627
4222
7397
3024
573
6546
4643
2866
6918
5865
1090
4112
9984
5314
2718
6342
5998
6381
6644
8377
4209
7183
6215
9675
3126
7089
5122
3098
7733
3516
2300
5167
6273
3247
4275
7001
3663
200
5391
214
5871
9046
6056
6339
8035
9803
9245
6576
2511
821
2945
8109
4984
5530
7760
9749
2569
4703
1664
2170
1876
49
45
616
9377
143
8119
9160
3420
9319
7956
3831
3880
7586
5458
9364
1944
6239
8789
386
3211
301
3344
5069
9178
9333
2147
245
5145
5674
959
7159
9837
6565
8541
8376
7070
8219
8309
8311
3677
7719
1490
4971
4443
9612
6014
3972
5157
8507
9335
5152
9128
7704
6933
1025
1614
9519
6681
1680
3325
7570
2403
3668
7424
9373
3791
6520
8903
7764
7504
8246
176
4600
6963
4948
4365
2469
9537
4869
7105
4101
3834
7609
8881
2275
2583
7430
6741
3682
2277
3257
7472
7502
3444
7901
6718
3645
6632
4469
5058
5355
8218
6939
2094
1713
7650
1848
9755
2908
6969
9929
67
1823
7187
3421
977
5893
8794
2207
3574
8471
5816
1532
9668
5294
346
3731
2461
6437
3952
1457
5666
4408
580
3837
8995
7476
2038
6011
4745
3965
175
8114
2768
7595
8436
7117
8303
2253
4048
1121
9845
4280
2212
9356
1838
218
477
845
7700
4885
7498
7131
2644
3793
5321
418
3676
1454
3326
1550
3962
420
9524
1461
3279
5286
8426
5578
6665
5574
367
9019
4094
6892
7563
8703
349
2692
2046
4422
6068
4375
3518
1671
7207
3772
9450
5887
7471
8497
5773
3455
3182
8358
2914
7388
3216
2446
5891
6901
8812
2941
5326
7984
2472
6005
839
9941
1404
2757
6540
1199
1541
557
2661
7240
8956
8534
1527
9379
348
3543
1910
1007
1524
2959
4321
1398
6441
3657
1778
8236
7574
7045
2423
2553
5852
3044
9059
5527
1694
9213
4640
1289
9617
5038
4490
4938
4663
1681
974
8468
5146
7821
3887
6821
9986
5856
6541
6895
8893
1828
3143
5298
1870
9751
990
7910
263
144
9901
4975
3495
2133
6335
7022
6980
737
5173
1820
438
289
8757
8969
8619
7298
7389
5002
789
9707
6852
9534
6924
2092
3708
5848
6674
6409
5317
7238
8945
7082
6864
2595
4474
5110
5678
4170
4930
309
9347
9108
8074
6683
4642
5372
8999
8720
7544
4676
597
3697
4008
6836
5533
4778
6634
4615
1538
9833
2628
4312
3521
6693
9531
3572
9339
2686
801
6194
8988
5906
4001
2653
4994
2803
5480
9395
1764
1200
574
736
314
2
4496
796
9727
114
6203
8779
8413
3186
2178
6397
6173
6564
9995
9700
3316
8924
1314
185
3622
4092
3633
8103
36
3669
2333
812
6009
217
7623
9167
2660
5520
5784
8084
2622
1982
2936
4916
6298
1381
1810
46
6366
1269
1305
9922
4510
6001
9728
2958
8166
1788
2060
9252
4499
2090
3331
4176
2601
2733
2136
9337
4672
9603
8485
8527
2801
7101
9291
1714
2507
5278
9316
6473
5834
9981
5807
8758
8088
5324
7248
1388
1222
8858
5577
7170
1868
1333
3840
7212
6403
1994
6318
2753
8313
111
3649
3548
8140
3408
3345
5766
1991
474
7963
4798
2899
7114
7911
9249
3686
8174
4166
936
9211
2072
3282
8215
844
6526
4493
3930
7672
3940
8013
5316
8826
5817
8632
656
6213
4803
7174
6880
2414
1920
8854
4713
9075
3673
632
5952
4605
7589
6967
3076
2913
252
3798
4922
7852
8782
4115
7447
2529
5720
1627
7873
7265
9559
2946
3844
6328
4653
2040
9175
3386
5584
9419
7246
7585
239
7130
9955
5327
9806
89
1746
9642
2036
321
4178
379
3977
9329
2535
9966
8537
4847
4514
70
3672
8319
3425
1239
8686
5787
6098
7484
2523
1253
5722
6372
9320
4909
708
56
1929
422
2715
8171
470
5246
4298
1607
9706
7229
3838
8305
426
2823
3039
4846
1743
7270
887
8073
5191
6087
9437
7440
8470
8971
5022
1262
3043
4919
3830
456
9315
481
2629
8076
5949
7129
2125
6566
8306
4203
2338
9932
9593
5918
437
8410
9125
5660
4218
6743
9877
850
6013
7342
6905
2515
7073
1112
1613
2082
3683
4740
6671
2578
8911
1968
2246
2944
7625
7408
5724
2390
2260
8770
8028
1174
4673
4263
7995
9480
2089
6090
4706
1113
2717
3053
8621
4683
2285
7455
8515
7415
3115
5686
3526
9002
678
2005
6436
1338
2309
3694
4036
5399
8133
4273
1744
5436
9691
5616
2707
3508
8404
1997
5702
3939
5134
6557
3590
205
8853
5757
3991
8504
231
24
9170
4790
7465
8845
8735
9492
1573
2518
524
94
9759
6680
9370
9523
5831
3116
2608
8412
2669
6715
6499
6269
4892
2010
6897
3328
7707
5912
6763
6694
4534
6782
1663
2878
8919
2152
7243
8224
5384
8351
4754
3013
4950
2966
4031
3127
7614
1317
8
3738
5073
5762
5514
9079
6425
5204
8539
8602
1389
1631
5759
1797
4082
8734
6959
2599
8573
7019
2198
3125
1308
686
5750
1109
4870
4814
9240
5031
680
1413
5930
4364
5788
4616
4992
1889
6854
8032
6176
6086
8682
1847
1286
9246
1951
1902
7774
683
4177
1832
1128
813
6119
9730
9005
4622
3943
7971
3122
2360
6458
182
5581
6434
768
2502
9449
8340
9851
6976
5432
9300
9867
7772
6770
5030
5042
9362
5518
118
8525
6469
4489
594
4551
126
6640
3256
7109
7847
7402
3910
3375
1178
8237
8292
5873
7900
2364
3456
3978
6286
774
3667
2696
5095
2651
9989
651
4125
8759
6300
986
8842
2001
6722
6426
5776
4602
7752
9680
8832
3636
4416
5066
2705
3486
1059
1553
8807
4684
104
6451
6711
9358
5820
4358
5505
6028
2385
1342
5829
1734
8775
3903
8033
9702
8297
212
1232
6060
3163
1283
5883
6148
9999
8777
7115
2742
7765
6271
5282
7588
6394
8124
9766
4733
3072
6740
9099
1700
9414
3723
467
895
5841
7214
4046
2532
9862
4066
4475
6240
3085
9090
7858
9056
3765
838
7104
1050
1043
6739
4666
646
2819
3595
7206
4677
605
2409
9191
2352
1517
5885
7982
1213
3981
7074
3368
8270
3027
634
1762
1783
2540
1946
2943
7613
2330
6228
9997
8891
6824
2052
3896
7473
2465
8850
6304
6533
7475
4106
7201
4573
1202
5895
5956
9367
5373
1483
7067
6870
7580
6178
8601
5775
2871
555
4404
9512
117
9116
4423
2883
705
7872
6453
1992
8930
1711
8058
4340
5431
1813
6506
1368
2233
3803
2513
6879
6349
9967
13
7111
152
6462
6746
6736
7521
7020
3891
6929
303
7000
9756
2123
5496
57
6811
3433
2808
5771
5607
7469
8065
6282
3971
6479
2440
917
8417
8874
6115
2002
4805
2116
2096
5140
4898
59
7648
9724
6027
4882
4592
9823
8453
4544
7749
4848
772
4148
3436
6553
2771
3134
609
4568
3131
6518
1151
1495
3052
7617
9066
6042
4767
8781
6422
5320
2186
8263
9058
8491
6838
9773
2903
5849
4083
8240
9461
2437
6412
4986
6570
119
7937
7288
2447
9424
1327
9569
430
5099
4868
2237
5728
6183
1460
5937
2296
3040
9110
5497
2375
2833
5508
4524
3394
4900
406
2202
7608
9885
8928
2694
3625
2552
8432
9964
12
9663
1642
8821
4636
9771
2831
9418
1450
7807
7933
9103
155
8475
822
2111
7845
5994
1789
7144
4098
1287
3181
5352
8565
793
10
6315
6460
8016
6230
6672
8422
5892
550
8603
9933
5997
1806
2773
7093
4695
7059
1146
6291
7038
9034
1000
1957
1653
7939
3662
8797
8866
3814
4884
2282
2681
896
8636
2828
9137
8386
882
723
8455
5608
7573
6579
3634
8966
9610
3154
8983
7488
3639
6099
2510
9228
3180
3494
3729
1447
8314
4507
1837
5972
240
8611
5468
6935
2127
819
3747
3016
3161
2617
7523
9589
5484
3919
394
6851
8862
1012
4591
2349
654
6063
8153
4138
1866
7401
3714
2179
7435
4564
1955
5479
9229
1097
2035
1542
4181
799
9790
9322
1312
7849
2576
6438
3611
1073
7216
8668
3998
7140
7587
893
6332
8977
6083
7543
2151
517
2376
2976
2676
5546
8727
4547
4811
6866
5098
5451
6556
8477
2766
716
5222
5655
9284
8526
1179
3022
2177
9858
707
7862
7454
4466
9216
8864
8446
4354
5689
5414
8959
6359
6605
6942
579
3997
8430
4020
4671
7830
7510
6476
93
5347
9693
5692
9789
8397
5020
2097
1617
8935
5594
6903
5610
135
1501
5024
8389
7539
5945
3849
1035
8857
3336
3534
6867
3609
5691
9028
5913
6734
9703
2422
6685
9275
8416
3373
4928
11
3520
9398
3208
3262
6418
1611
4962
4743
6023
744
6934
8751
5792
10000
3653
4194
9821
2216
1334
1165
3654
1449
3637
3855
5243
1380
8934
4225
8569
1865
6238
7406
6071
3049
1893
1975
424
7530
8748
8755
2270
4785
4253
1552
6628
3635
7442
3409
9561
843
5179
8942
9701
5506
1976
6026
928
1095
398
8978
5645
3615
4386
7976
535
6245
4810
1863
7879
7095
5561
359
51
5089
9994
2770
9871
7562
3136
461
483
4993
1181
6965
4497
1707
6732
7871
4784
4749
1901
3678
8965
6562
5909
7936
8036
7378
8618
3086
4492
1785
2077
546
9009
7417
112
9344
6825
2197
2195
6733
9089
7024
5741
2852
9171
9583
3146
8443
4540
5434
6727
8456
6320
8813
4831
6416
7964
6156
2238
4704
4398
3384
6253
6120
4258
5418
4715
2624
1896
7337
6794
399
1477
8070
8360
3594
1795
5592
3879
9503
1817
4331
6559
1484
6902
4045
722
6584
6443
6593
1475
8356
945
790
1706
3359
9057
2957
3483
6089
1383
8136
7135
3726
5380
8823
2412
3797
2728
2550
4782
2897
9458
5646
9
6048
7088
4626
3045
885
1123
647
5950
6153
7451
4734
7985
4368
5060
4771
2485
8783
6313
2894
6226
8330
4069
4720
3979
8317
4972
4223
7283
4434
7768
4659
8127
285
5271
5726
2278
8803
7185
6021
184
8339
2843
8055
8829
7204
1229
2044
1756
8709
3801
7551
1561
5291
2359
6489
2723
8667
4295
8318
7172
7863
1038
4065
305
1260
3524
23
9093
5591
3454
402
1124
1473
4055
2428
330
8846
1261
531
9634
9980
8242
336
7154
408
559
7039
4656
3463
6534
7893
7701
7126
2029
8375
9342
4851
366
8806
7974
5880
5206
8352
122
6133
5362
2970
7293
3804
5696
8696
9304
9029
8186
5685
6545
2331
1590
4960
5408
7917
780
7372
6101
2346
6150
8660
6280
5293
2772
6548
9942
7251
1548
6417
6719
9455
5492
5389
121
9469
7965
5267
82
9596
7149
5606
322
3549
7239
6375
8457
9670
5359
4536
4447
4674
7735
5962
1799
5003
631
4240
7695
9611
3777
8819
8121
5303
8664
7365
7241
3058
1297
6796
6220
7002
2129
7919
8726
5890
4700
2830
1326
4157
4278
8608
5926
693
3387
938
9435
1392
668
7164
5309
8670
1210
2750
8423
927
2075
6502
3170
302
8987
283
5349
3766
7341
8801
9547
4146
3251
5449
1048
5442
1921
7432
856
5589
1523
269
6602
8425
3056
6074
4630
9049
1408
5850
2161
487
8774
9745
1221
4195
9799
9483
8480
4247
6993
7269
3588
8184
4264
7528
7846
6132
3836
3037
6792
3586
9637
541
9513
6149
2633
3498
9949
4906
5007
7252
5242
2073
4231
4955
7886
8128
8818
2614
8343
1511
5165
8090
9204
1888
3959
1276
5210
1761
5178
3874
6401
2444
7168
3351
7030
4136
433
8680
8780
529
8203
9525
9686
3372
2826
2181
8722
297
3869
1948
2685
9979
7143
746
7399
8754
791
2758
3924
5247
3665
2321
7711
3467
7662
7538
4325
8185
5032
1362
9881
7961
6742
462
6292
4244
2083
1741
7414
8131
6909
2339
2939
296
6165
930
3958
581
1939
5990
8929
445
5657
871
403
7605
4836
192
3478
9428
7403
491
3882
7779
3271
9681
538
2632
2961
3685
4127
78
9673
498
6977
7603
6053
1133
1589
8473
4192
3103
21
2498
3105
203
4842
4773
4658
9737
1645
5199
4500
6664
2922
3273
1907
5188
7957
3235
4426
2492
5801
2215
233
6907
4139
8221
4330
4488
4215
291
784
6323
1459
9998
5441
6445
1564
9815
1273
8822
5108
5459
3197
5027
924
1409
9604
196
1914
3263
8630
360
8672
6113
8272
837
817
4840
1107
1514
4520
4035
1106
3993
3144
5715
5339
8655
7383
1670
1193
8579
4130
1811
1953
8107
908
5672
1972
9797
6670
3567
9732
7494
1223
694
8256
1745
7308
5166
1285
6692
6283
504
3659
1214
7716
5663
2396
829
3442
204
6861
5085
8852
8052
6769
3422
4552
2534
757
8099
9422
6478
5651
2107
6268
6609
591
4861
5786
9135
9097
9736
6354
8501
7848
5415
8878
4555
9905
4744
3536
4732
3385
8278
606
8975
9023
3231
4315
3296
7336
6301
1775
3923
3735
3165
741
9510
4797
1414
5212
9454
2486
7284
2411
8926
6775
8962
5832
4366
193
4823
501
918
3266
2697
103
2426
9282
7656
1643
6357
4153
259
9459
9936
4689
3217
9415
7687
3936
1330
4575
7290
802
5911
2214
7343
9475
8160
505
5960
2968
4078
9118
2416
586
7247
2306
7501
2739
6049
8321
5472
2476
9366
7983
4137
9548
5310
6958
7234
5725
293
8257
5463
3980
5571
3228
7315
9433
4556
2859
3688
7663
1446
4969
8964
2302
1417
7715
7829
7891
3109
641
8741
8391
128
8997
4161
9376
2734
6348
5159
3199
4527
806
3265
1209
3428
1519
5244
1156
8129
6410
375
7008
4844
8532
115
3856
5631
8204
3517
186
5894
6569
7645
6131
3541
8265
6589
5013
9653
4542
8011
8760
8946
6274
7763
1667
7179
2573
9399
5423
9081
8118
3060
145
7532
8745
6075
1677
6597
824
2068
7350
4448
2811
1275
8467
8489
9532
5681
3847
4402
539
4388
3779
413
5209
3048
2598
3716
1801
5824
9572
1516
9658
2596
1348
2059
9694
416
5973
5168
4770
3537
5703
7783
7382
8098
831
3287
5735
6591
471
8444
8815
786
2118
2892
7277
124
9365
6978
3215
1766
4667
7770
830
1469
8329
3893
7463
3566
3629
6016
3462
3510
2873
6378
9263
8066
2389
4760
3753
9143
6730
5961
6129
3821
7386
7721
6322
2464
834
8433
5331
6869
7754
9301
2320
4383
6022
6112
9070
5988
1891
8211
3514
9502
5126
587
3648
8825
7869
1157
4590
9405
3223
9586
6018
7306
6264
1396
6041
3348
4371
5648
8577
4910
3164
8827
4765
8108
1064
1227
5986
4491
2196
2373
3349
9786
3202
1641
2229
4332
1105
5805
6464
7062
4725
2084
3035
2483
717
4277
6931
3717
9774
771
8057
9796
9517
2121
6367
7801
5280
2011
671
62
2517
2796
1416
2589
2064
2100
2848
5826
4123
5214
9719
5641
7423
2108
7506
766
3305
6162
5659
3857
8753
508
5503
5424
5539
8030
5328
4820
9052
3792
9891
2292
6054
3427
2725
4881
3480
8716
9155
2322
7610
4096
5510
6552
4515
4902
5825
5241
7837
9969
2889
2183
519
8634
866
6497
7682
5044
5828
9368
5548
2882
9829
7702
3687
9440
5105
1486
8142
6843
9426
3222
7536
6809
6124
8382
3397
1247
6025
607
5439
5975
7395
9051
4614
672
9864
8130
2383
5445
3374
5840
3236
9101
2965
356
8653
1220
4058
2762
7881
807
7146
5370
7904
2797
7029
1208
4314
3558
2572
2139
747
913
1367
9022
7796
9400
87
8282
4620
2745
9545
5358
3173
4186
1168
3357
5538
4845
8612
8271
9474
3175
4738
2173
4103
8367
787
5481
4079
3395
4632
3171
372
6601
1470
1858
5540
3871
1881
374
2611
3057
5151
7542
2990
6012
3504
8258
9832
2190
8243
7028
6125
7654
9708
8228
3074
9072
6598
2876
4838
4924
4271
5836
7802
234
552
1103
6491
2066
9102
2504
2649
2455
6139
690
655
3507
209
6649
906
6492
5375
5934
5769
9106
6244
4795
2110
3632
7495
9161
3410
3906
3562
4961
6172
1962
4786
1282
4088
3862
2220
5977
1153
9026
7413
8772
4034
6340
5978
4018
5535
7387
1786
2778
479
5774
7191
7181
6813
3782
9883
4679
4202
1120
7745
3730
333
9156
7810
5104
7759
2841
9006
3370
6621
7815
5939
280
1995
4070
9294
9554
9957
956
934
1831
5470
8210
3138
6440
4893
1554
1808
1493
9834
3026
2858
1626
2314
410
528
5749
7056
4350
6922
8363
5985
3575
79
805
2242
7996
951
1412
3704
9041
9578
7527
6956
3579
6296
8599
7883
9508
7977
1099
2391
4978
4087
5127
8408
4959
86
860
6212
511
7633
7791
6641
8132
7975
5224
8178
7784
9185
4604
9927
1384
7789
9243
2169
9812
4857
2984
6787
6161
6062
633
8538
2102
8899
3137
1637
1722
2821
6900
2122
2564
3089
903
3642
914
4216
7943
8944
5221
1793
1584
4249
4681
3643
9963
5673
6910
4752
2748
2500
9746
7518
3818
9494
2263
3225
4951
5642
6496
9553
9206
4783
7152
4322
4569
3601
5081
5367
1311
3938
7106
3055
6695
1245
5568
9850
2048
6577
6764
623
3162
6619
2905
55
670
7108
4768
286
9184
3928
1176
3746
127
5000
980
5465
2283
2992
9978
3757
2459
9802
9689
3067
5844
2764
4509
8156
9001
8769
4834
7929
7738
2218
7121
7176
2885
4134
1861
8804
898
764
1844
5823
419
4824
5907
7755
7458
158
8733
3523
5614
7832
2231
1485
7319
2519
8177
9875
3895
7297
5875
2174
8620
8059
4306
5401
6154
1205
2918
4444
1665
3382
6779
8715
1522
2712
5575
4953
352
3424
5404
5845
4669
5499
5923
5502
5195
3292
2950
7569
7285
6193
569
4428
3401
7230
2548
3613
5981
6883
3552
2138
2585
7673
9896
2846
6983
1230
3356
8528
6798
6761
7400
3529
9212
3468
7591
3324
6302
450
5664
3051
5447
8291
3922
4212
9801
9898
7431
7300
9958
7478
3852
3102
6281
4406
7728
2867
2189
6010
4827
5230
39
8328
4872
230
6652
6954
353
745
2930
6493
1354
6196
9411
9563
4762
1331
7385
2062
8019
1724
1406
5835
1140
3080
9699
3644
1928
3925
4748
3309
7572
1430
9464
9334
6158
3692
1672
6846
1594
202
8651
9975
7885
7547
1531
2551
4974
9920
6136
9164
3227
4629
4830
4026
2024
1899
2902
9205
558
9674
3151
9341
6668
8250
