4.164994828973908 -6.843875948624351
5.623625885662822 -7.035854167843766
3.733344662420775 -5.73282562052181
4.298786330299084 -4.723324216779615
5.976472678595879 -4.41647870764829
4.683345046611506 -7.393964339810356
4.709855749624774 -5.429745080866546
5.788428009279666 -5.571729844674809
5.209015117896892 -3.0488619114910693
4.793623157897266 -6.547957329781985
4.417834476074185 -3.5813172532532485
5.904317927058442 -6.776519800513029
3.6273340191397483 -4.220142854344029
4.523038009283576 -5.322628560081671
5.392844761838316 -4.9801037126212435
4.979219694334323 -6.247191956104125
4.495657701205991 -7.093060547289591
3.604254378634302 -6.0058702189358915
5.554532963779993 -2.245492750305796
5.154338927357551 -4.932626012761677
4.447848516731358 -6.541513751401899
5.2618474436441325 -7.648780015920153
5.098576717113952 -6.979614190745529
4.274779550382444 -7.637101095512781
4.570357816026101 -7.348710246708988
4.927063440373194 -2.253682399336732
5.775861164955062 -7.640382856820736
5.697717025053821 -5.172939033954799
4.090231802020676 -3.525896308287123
4.118665093867129 -6.522149764221989
4.438805389763078 -3.90366254305912
5.328123044167123 -3.7304063819863664
4.984955678907517 -3.4565666391520935
5.179544843797316 -3.5352921015933707
4.204690359812289 -5.398400315821399
3.641070397500222 -4.456964447469204
5.7666914179235125 -5.259752617530772
4.821759189062179 -3.4810584225029073
5.145089428160674 -6.281657511471261
4.465719924790603 -6.922919610603628
3.7720956867425826 -7.597585278115284
3.875204066810939 -3.7953133721751344
-0.986766019399018 4.341801114889167
1.129708507563355 0.6708438404759057
-0.3472923812001133 4.599547674124051
-1.18104606075736 1.8318312025015222
-0.8898988389969837 4.369952907414332
0.28936145506029853 5.270811505291573
-0.24786431476056703 1.826636561481125
0.9354220285302912 4.881590615503055
-1.038983835408122 5.3413959181907185
0.5085091980915712 4.472349431574257
-0.4151610756448846 4.467181463705694
-1.2976649656519141 1.2506304815545803
-0.04181423719816757 5.375264631236887
0.7120260120880448 4.127347380442023
0.9771865784863001 3.3645359079240724
0.9064350199124196 1.660289080102945
-0.05238541150180609 1.0383134698142793
0.3143082782639479 5.675054936357924
-0.356397569023835 1.2591400724693398
1.3917153236312962 3.975848045342695
0.6879749151403083 1.4110429352693878
0.038592595666026464 0.7133198918504549
-0.9177236122332412 5.100736660533094
-0.29108774146138394 2.5751441561586943
-0.02645148297815081 3.392905225076194
0.835527494819668 4.2926964529355445
-1.009083671433004 4.58624277634705
1.1086555431343268 3.078096268539633
-0.1834963726597596 3.340151648599723
-0.37114726874031423 2.4174455853023735
-0.9954374171865006 1.8809083523666068
-0.5626034833046393 2.6188689161649195
-0.849490307582569 0.7297185340562735
0.4349446507492454 3.498996692635878
-0.2634480718419545 4.086458071456127
-0.9288397716992142 0.6598086739214244
1.0350177867314552 1.541258632257088
-0.25122470408378095 5.389519862510887
0.32300433235442827 4.703251321322975
0.9067677455057248 4.196143346091587
-0.4938620852845538 3.159895739295032
0.7661247416244958 4.831051583467965
-0.6360519634517963 3.3946217848250746
2.2320850466524655 -3.2276463799029482
1.8815019974080212 -4.9129549199123685
1.3072926918451382 -5.495805723596577
1.9306848335344524 -2.324959319162841
1.330033769388407 -6.368823639868743
0.23585363062748127 -6.140568605120988
1.076757887623173 -3.083089176156951
8.424506251454073 -0.8338218169163505
7.0700422648966255 -2.5141033431851096
8.742353380255356 -3.895198675631501
7.879983101865001 0.44685621078680704
8.323332844935864 -3.32582951109938
7.147899226525671 -4.006588173186326
7.463767809666637 0.8428666507660489
6.5115505272486285 1.1262526812341047