-2.817542208705426 1.2421474813410784
-2.1622601739387903 3.228302298805115
-4.054792058208732 3.434822677389264
-4.481198049238602 3.7959997115020916
-1.961515895364848 1.3694468658565877
-2.793991289460063 3.2587459445566065
-2.0435072446268006 1.193820615234847
-2.117854894285048 1.2934009423556898
-2.221038432249545 2.4188129021837654
-2.5796743457062643 2.0259750707533137
-3.8463675798577084 3.756759084262305
-2.9733653415491688 2.6055992415830196
-3.5405071736350755 2.6116793115326002
-3.402017953236772 2.569265694300454
-2.4551157042976435 1.5387445701256315
-4.274828759009726 2.757960154139137
-2.0153671726093294 3.9574768169114694
-2.749802888448223 4.1026673082585585
-3.2829145425267003 1.2273227532156503
-2.1250675086976565 4.205608305823153
-3.0896210128600963 2.438240636662466
-3.9968847604487765 2.2148194160758226
-1.9769130546953062 4.095618652298224
-1.9059070271079586 1.6437032701765162
-2.8841393608141814 3.3704455040299006
-2.178884546036446 4.327075887587981
-3.7408001785576954 2.0249704070639725
-4.417961865657517 3.187757061489277
-2.735669511499858 2.1737110177997963
-2.749567610288377 2.18174524371379
-3.7572672752251552 1.399689647774342
-2.0987123710822337 2.312028297795047
-1.90192413371551 1.935365143903828
-2.1856717356120865 2.6208121940463642
-2.4252760340947166 1.2372356798556283
-2.649481946852695 4.674413550886678
-3.871340644663979 2.8400435938304294
-2.4740313449786115 3.871848587833942
-2.927094613519511 3.6238322347787366
-3.250413904779639 2.846480505974639
-3.7194891308882125 2.765409311279509
-2.642596902434477 2.0469232790274345
-1.9026705703102156 2.8710587840767623
-3.583537089064306 3.7047716819249823
-1.994921828798938 2.4851648349498583
-3.558118537089077 2.1578651215992517
-2.6233289099410255 4.171284393866272
-2.184341512498395 4.685219538939943
-2.3539251068594753 4.7632661337617925
-2.400959153586374 4.57557493223487
-4.498331976585145 1.2835341408211423
-2.823591335384557 4.258760704644242
-2.7802267857362954 4.622590317908476
-3.653906113151224 3.976400193980673
-3.9893545852383556 4.072444629989004
-3.1719263914987352 1.3886067677848357
-3.6614497048440833 1.34600519665889
-2.575644582059133 4.14411623186415
-2.943128240150267 4.659965564020241
-2.9062152617752277 3.822709652945979
-2.214342040951466 2.342078182646746
-2.2306240229652246 1.8461770458796192
-3.568398137265799 2.45565091953974
-3.034134042897779 3.8289302089943984
-3.356505534031217 4.223490301639172
-2.3241737042894353 3.1939893084225366
-2.012860329418265 4.600009362996104
-3.0436245963171134 2.6829997960263317
-3.545375291624232 4.390131156178764
-4.040985438667264 3.532551384943127
-2.360082997162064 1.5196490181720024
-4.209779449609644 3.6727633750241515
-3.249828739602205 3.146260950340766
-3.104416847188559 3.1938758963604745
-2.6746841196151956 4.184222877033605
-2.544046618818821 2.2834100875888033
-2.5457470160879048 1.9086316103242946
-3.5430508089623576 3.573917491613411
-2.747704390386411 2.490705171649644
-4.349574764253776 3.4003107136888353
-3.1710525139665355 2.6088444306211027
-2.259564205857733 3.05991953335346
-2.125247836825114 3.085101015641653
-3.38229870069208 1.605203573651305
-4.074506996318971 1.3791386707647106
-2.8547446144595616 1.134525619561673
-3.827959676654645 2.5034560992053194
-3.5532322851893863 1.9261060468968036
-2.66398221345597 2.871852413088783
-3.876493437908965 1.2989743715201971
-4.226476549014892 3.3001185649462736
-2.8042775735813468 4.696275056096853
-3.4075584996527803 2.3579077918972393
-4.135874575413424 3.2179160106503137
-2.0970970386129206 2.885381237270418
-2.7138243946359246 2.27681421020588
-2.2404667635004896 1.3465185165504017
-3.4228256018971677 2.3478274405474364
-3.1611503124717055 4.7025433283324185
-3.9101672345096277 1.6663365470058278
-2.668094594005785 4.547878050822247
-2.10171937292 2.357277742118284
-2.043079423300287 1.7093381358144955
-2.5269122015707035 1.678640947958935
-2.1686782187215985 2.8314766420984974
-2.467780183075681 1.3146062540108272
-2.9786329358293004 3.0198997327486725
-2.892190813130787 1.237881463509106
-2.7493160406576287 2.7059450502739457
-2.7615796734214237 3.312119900555612
-4.117524481307365 2.3781550238269644
-2.333396970348137 3.948732470830036
-3.0063784838368663 2.9371589096410933
-2.0365400559695863 1.735325858567433
-3.3756924363786522 1.20744920118995
-4.105984775838798 3.867026734800751
-3.304292747644859 1.9422474352778045
-3.2219916025362108 1.1840931759768893
-3.4826077437173417 1.1861308818165097
-3.3845545352130704 3.3986005532490666
-2.7729894729238396 1.730062033379244
-3.5963592426081807 2.561322607596691
-3.823422475592438 1.9830752637097926
-3.391334551133108 2.6425172175135936
-4.069698287941102 2.9426240223912963
-4.1230064768287 3.926429249707012
-4.382809616643692 4.33362893590029
-3.101341488705426 3.9936165840001836
-3.6338883959692514 4.714128513376995
-1.90189250061835 4.460218919634721
-3.204075048929185 2.3407173692313146
-1.9495025918196074 3.8493426770522747
-3.6453242684049014 4.095939254469723
-2.6754620680980645 3.235239997734169
-2.1492361085456264 2.3270487044069696
-4.49415433321078 4.506793982781707
-2.7042642078797936 2.9325458956394366
-4.217746256874399 2.036343157122642
-2.3411449520313625 3.871706301164856
-3.508660685422381 1.6817035530643771
-4.2470857254422185 1.4650865406091793
-4.336274754403958 2.7006829947190543
-3.452564249736194 3.010995425267226
-2.808501249878667 2.6614127296869237
-3.141619814323094 1.554225076958976
-3.5808772817730508 4.650309627279015
-3.941598001342672 1.3495940377507178
-3.1262805989049203 1.5631016384675538
-3.4274974259796567 2.5185283997120713
-2.843804796928592 3.302572201406188
-2.4509704037976037 3.05610131220301
-1.9474289735502088 3.726096721291851
-2.220487214463258 3.9598481129003247
-2.5884087350242213 4.367662111998425
-2.9473740042834766 1.835970494510979
-4.2479814555581346 2.970847517928153
-4.2278861796162115 2.322000420195328
-3.170748237375239 3.3315859649432196
-2.059148974403368 1.7677209317524092
-2.016052046281052 1.744238019061795
-3.839009670539122 3.0185386923232214
-4.130690627032359 1.7939260736847602
-2.16970997276412 2.9533288098402357
-4.103269962781628 3.165722620703731
-4.447295776210008 1.152130646867139
-4.2872070897560866 1.305033592632853
-3.1490710037487215 3.394443555059757
-2.5385888591011474 2.098778847586817
-2.825084759447797 4.176592847824269
-3.745842920730213 2.2332019995328496
-4.340327803330183 2.4614020781368655
-3.958373043480279 1.8977397323660923
-2.3729544425275995 3.6991207574405176
-2.6157207108130214 2.048049108487441
-3.017544697085162 2.1991287291978767
-2.1155078480073115 3.323891193038587
-3.6377128773990126 2.5127885464275312
-2.3655984091401905 3.4888968708738646
-2.8656032565525598 2.1012849721489797
-4.045687739020599 2.1623748129155693
-2.51759654111556 3.985483276594487
-3.4115622717975613 2.0702121707762693
-4.381299035233175 3.6490855138115568
-3.8864872114616826 1.148409260821206
-2.8244796783666084 1.3098040798906618
-3.769931833012208 4.327411207525284
-1.9220916871858948 3.3664988876791306
-3.717286251219783 3.854263159689312
-2.5256102294256553 4.201065004266974
-2.739544293571665 3.4212057574104047
-2.273216261218103 2.4228259727557173
-3.600537739186474 4.156565214837785
-2.035889551342166 2.389847850913923
-2.5291541679491876 3.3011172068158197
-2.720553641313342 4.430606954178781
-3.123747885664743 3.2483740767627127
-2.296088277887019 3.3654444476612313
-2.5074654677941037 4.593012359067361
-3.8446475722197593 1.2003269151848612
-3.5299027252623896 1.3679762405154419
-2.8446847789791727 4.768386994617602
-2.4363184446226915 1.76611773523429
-2.331577409871368 1.779242878419531
-4.020010209747775 1.1164982373479213
-3.0783286896680684 1.2085554519089559
-4.224109944998817 1.6845937379266192
-4.158312258877843 2.7379832454953874
-2.5442777070701883 4.539329672677948
-3.217676855693239 4.638367470873474
-3.2558155279502277 3.799247626628498
-4.280735817434987 2.063747883569083
-2.0983857568815654 1.347900849223983
-4.349702287702638 4.73802895812047
-2.6207401303058653 3.7210539637962308
-2.3623080878742284 4.147722417775601
-2.979977616042339 2.8013950577684605
-2.4020358014124468 2.458944761125756
-3.190667462351046 3.6765522354332085
-1.9074973003505615 3.31045020295786
-3.505702284008942 4.747779117438201
-3.426420569252639 4.615103469765783
-2.3319460944968236 3.3333683847809503
-2.929437742646691 4.246257700254633
-4.290595947365681 2.4252950984054795
-3.423640579966132 1.8838370779337623
-2.4661941010153594 4.343851256087076
-3.6524274282023343 2.691868888119594
-4.373594606924165 1.843560565200609
-2.535345655744944 1.6220005017486077
-3.8805909713993785 2.1753224365775
-3.1024089529360674 3.1631447524176046
-4.245457457467539 1.9768784522231195
-4.215173649483149 1.5318378779770092
-2.635475137123654 1.7804952179728477
-2.3701250484498866 2.5213443565466394
-4.248345867899453 2.7377648004755017
-3.438684235034152 1.5198034889646335
-2.157508912535457 3.8893012464059527
-2.901837017466936 4.478914216590889
-3.4218485530677905 3.56392392731356
-3.6952885085249356 4.769888416292156
-2.23266464828594 2.593210819389993
-2.546172944116573 1.4863661944998707
-3.6602240266988604 2.7524838961773526
-2.516849627187346 1.6079647650208417
-4.411430608462672 1.606727457677458
-2.167199534268712 2.777283855900691
-3.8532999925353915 2.7914044419120065
-2.4676847509927637 2.1768915451295374
-3.392317730886301 2.815495424188766
-2.376125676538059 3.5986121450888313
-2.6129510177356323 4.245829265822234
-2.624555537223249 1.8809555647825351
-3.932388921648301 2.6716579951503627
-3.4250204130556634 1.7837217301470543
-2.5209302765752275 3.21300661766236
-2.056862318651454 4.536911154739688
-2.5133234589280637 2.3593817960887034
-3.666717576925878 3.06796752226853
-3.75814715716764 3.319209532624221
-2.9660528432912368 3.120480405347095
-4.061847903159157 2.465888857456152
-2.8264400895593242 1.3719706754714434
-2.768076550603604 2.184717769465797
-2.207153011034562 3.0497259474912566
-3.504892711505837 3.2766519552202493
-3.7496037069303667 3.6852723769915348
-2.1574582321169946 3.3971655425191387
-2.683030920901429 3.634726832996612
-2.241160497492705 1.8226701933761726
-4.408079108329046 3.781585114370685
-2.210094054443033 2.6189390354524216
-2.1856263136546707 2.906599819483867
-2.1297732042208715 1.6664926084628888
-2.277469623308468 3.0479107236677674
-4.130196798575655 4.092214003966665
-4.462829690240164 3.708426018826322
-3.094507957735184 3.542391195528233
-3.0272591064249985 4.6340936094137195
-4.412832995406462 3.5498260402925705
-2.9597441992049314 1.6948746945305881
-2.0682379493820324 2.083686653999269
-3.483086854424367 4.607838562557854
-4.448421874805487 3.6077875670753654
-4.13711680324059 3.200051903625638
-4.340976986724644 3.6640089279958215
-2.344938922191807 4.684693850236933
-4.303023364851837 1.2407420389899226
-3.2864421651270765 4.692274781218003
-3.5239761520367465 2.167681705302234
-3.8913893917921833 3.073266699367491
-2.3166387904996246 2.6078200601114787
-2.020320845294966 1.3396499484538475
-3.864428097070332 2.2364473956567252
-2.902811990408921 2.6445595350506874
-2.1029748171867446 4.358279137966884
-3.1007845603731594 1.101949500685507
-3.63082455332539 3.6734942683484557
-4.113033742864234 2.3089184693196194
-4.4670132795709385 3.651112124231474
-4.467596444095814 2.0642657217960045
-4.191851603801149 3.81875282483621
-4.3625704693842735 4.0643551684264665
-3.0010275130152486 3.9833009450671297
-3.22698369667327 4.40511051110967
-3.076796005423021 3.07579940788066
-3.327606818594945 1.4148607266995343
-2.8405085441503486 2.197576437990813
-2.7423397310515845 2.599248227026802
-2.7667873345249463 4.679711474120424
-3.1126902373070653 1.7080456006033704
-3.5165765889418372 3.2037653603224117
-3.548775043581494 3.887407414966152
-2.608904787937459 3.8109698825199008
-4.239130011259476 2.3638736474636675
-2.6797951275886893 2.1465529100530336
-3.9054471812791367 3.9308716862331043
-2.7506776573186444 4.764163123728817
-1.9971720944896676 3.0376162485084057
-1.9992230631460939 3.7051316044352283
-1.9733586508023278 1.1917424409531772
-3.89533312786972 3.4732218167336684
-3.5373656419935475 1.2479697014418771
-2.4850459301180763 1.297884450524304
-3.0738608820824966 1.7365693737959293
-4.05822596814286 3.7338396381164554
-2.3348807223410235 3.383861900607389
-2.3745245666760324 1.8404269281445647
-3.484347948181387 3.8103537465003963
-3.9133060289896346 1.4814932323604109
-2.9265787478280183 3.078922750648764
-4.163769399485633 1.5956268790978607
-2.181014614202003 2.264183965741477
-3.270467973696256 1.816310606802641
-2.1044963611962446 1.330091683567019
-2.1985144541988735 4.608958427298948
-3.267802094254696 2.472155412583394
-4.221446645134117 1.514914651388043
-4.437367701726166 1.5442006730678002
-4.02189523294257 4.547673742650161
-3.379256873568131 1.1930366776477181
-2.135976831908933 1.4674339551366862
-3.1379983297552254 3.5069609562910027
-3.88661218625743 4.615810372108147
-2.4015213550329646 1.2386038175980474
-3.4124495004245006 3.8736167355415208
-4.085643920706109 4.069805341156693
-3.9130064600106715 1.7247839373375453
-4.404558331455252 1.459586023513416
-4.117862167755755 4.351204706110762
3.8978357118755866 3.835304820947482
2.3868156749868596 2.6195604874777794
2.2679028312654492 4.668856681640763
2.5297900007939234 4.20205571393249
2.443069270613628 2.718054719802182
2.6792217122860595 4.060584020110179
2.0072333493302876 4.265688489550056
3.079877006729238 2.9464262525566833
2.7548075718521554 0.8848745160571923
4.070511821469288 2.688074923834139
3.3680746573420324 0.622455673106087
3.996798501685876 3.6951059990940354
4.1100942753056104 3.8209223685011366
3.3734270738150194 0.6321766927281011
3.6947339266644033 2.0715776748305705
1.864082372433002 2.7856197185823626
3.5536769848355165 2.0852677438495615
4.206751824843805 2.1899768667821085
2.90672887667368 3.436758682994793
4.173203680832587 1.713826337294738
2.8397274412497993 1.5624844962833828
1.919290540994087 1.321248257888274
3.279693202397875 3.1939348710805535
2.621559370731183 0.6563107119562409
1.9992931862818073 2.3982996509180294
3.279396934440728 4.052432093473347
2.2425480864492977 1.489376213797615
4.327481736479903 1.9532094554069763
3.5985575177386337 2.4085676997284406
2.198064893870245 1.5150953071638815
3.918101837226594 3.81885549900235
3.652767143426387 1.5512397123154582
3.2989854191636407 2.086116884513736
2.3163603134285173 3.0971443903460387
3.0521604858581353 0.6454980925625825
2.940022064142039 3.1116408065668733
2.4811636811050484 1.4189557193419673
2.2805503733756445 3.112967310105946
3.7158618943371557 2.7717343233726766
2.581190186597588 0.5501269333162692
3.809006783584058 0.5739800128251218
4.361484259565296 3.8298528837186914
2.602030750523633 1.602396172309886
2.3138322996125975 1.4454942248961447
3.932598914671365 4.386657022573312
3.4312818069401345 3.216179138190216
2.2771804715140913 2.927242635575838
2.9557785696195245 4.094711363245526
2.38503489811902 3.6701065950302327
2.5486718980657748 2.004171912794698
2.5800386181874853 3.5992987814191055
3.5294607115571974 0.7086552024149151
1.8642739962338482 1.4824955488130496
2.6291207880801353 1.4823509873902943
2.405947858216162 1.3850825251547065
3.57283650887048 2.993262464950732
2.176525450666847 3.7385083606347376
2.427252004809832 2.745486069318659
3.5680093998722278 4.25762269454048
4.1840466103583225 4.613261475985729
4.384980752532501 1.764003385401392
3.631584178685278 2.8863481455910907
1.9479835224378224 3.000054493626727
2.5734747306522916 2.642430539120991
2.471855416509399 3.1583739358880063
2.0828548758858876 4.638987836367592
2.981863818273365 4.05686159710879
3.166281354039871 3.0217916376814955
3.0387107863475107 0.9297449397592156
3.6105174490811627 2.1968535496653967
3.3670120379105715 1.9575363787615854
2.372439653142954 3.0768556796512567
3.347840594078731 1.6179251312638037
2.585970518831459 4.073879492316332
1.8067618417749376 1.991647317262777
3.3738765608684167 3.515802337693266
4.0906276840050895 2.1302871040471016
2.548840008075946 3.710933956894016
4.046338953276754 1.1156906563914628
3.1583781278845224 3.0518422899722
3.5214072471917603 1.896684911657517
2.8167567704487473 2.03324230323932
2.0717557455238946 1.2713195563147366
2.6190892295108563 2.787374553723353
3.765943556509497 2.707690287518742
2.1722347772380304 2.9410281482240985
3.563394470823374 3.6902067031903467
3.223388792439456 3.502946726433573
3.5122093521658337 1.5126383799660754
2.900858017496187 4.175447769276838
4.294865251959963 2.9949297073554915
3.618818755512036 3.5487447092259923
4.380302004895746 0.601414311243076
2.323667623372148 2.2363037206675207
2.632356573236011 4.526079982071339
3.083735332207349 3.3279447916070493
2.2448646480961076 3.7025288439800224
2.428413443990396 2.4850426896321944
4.294313898323824 1.6075054392705828
4.209833716386689 3.0256217735698843
3.7038882541220297 0.5828453323443952
3.1034283403122362 0.6014159372024864
3.5786215269250183 2.1408677580941613
2.823023809301346 4.115955882700295
2.2907057598978406 1.016870441107033
3.0566131989203043 1.3866542293442359
3.665759021468914 3.6937957107920383
2.8789658984318978 3.272967800456874
2.2739301862576897 3.2738605066754554
2.273516811261931 3.909149504447507
2.2093641752767157 2.673159590967954
4.344836980499259 4.60663138800745
2.4313714464292397 0.6928186117372167
2.025731789370867 1.3974736085242716
2.194321361667251 1.551512290995042
2.424704537262031 3.3117043454340886
3.4780319730696188 2.3779761025608384
2.1715663728004744 1.3710510128081232
2.81696419148338 2.2997974341282275
3.8378457520194385 3.003541115637118
3.5080135386809213 3.427331394827636
3.328979201600423 1.2654019645658456
1.8379665591521588 2.5053144495805975
2.107215738162067 3.5286730616657507
2.7132464226758697 1.264663357347971
4.281167870304579 2.6543579391939995
2.1514544953296664 3.2924355475583686
2.379804298789838 1.830156702339339
4.207491141869821 3.0154924307972615
4.370791002850088 2.849193286200606
2.093019668378675 2.0933523461556582
2.6266146833992767 1.7001652307905386
3.505422678067056 3.387468079706298
3.7234824360965484 3.671893586887733
2.785201672470997 0.5516366359305674
2.693968400763527 3.488531304614596
3.391226607649492 4.522537977564049
3.875654602230866 1.3220053356415575
2.81066208250851 1.2157596830109285
2.747861672088355 1.5727375248208182
3.8029137779721935 3.2574341516670207
2.265079083812252 0.628687472088554
3.1539828851536518 2.3907664429116626
3.4867083926088633 3.8870253060182978
3.6462922628017385 2.5414824788958073
2.02730227094531 2.2924313700917858
2.043335449237544 1.0384309066860593
3.076248673529471 1.1374500759893023
3.712256930663836 1.9210322141480396
2.360000880278051 1.130438652317086
3.4499311040567395 2.3300719322579253
3.9629949643154827 1.742840118147746
4.12242016469538 2.7190879185122703
2.5299613813916 2.1486880842024645
3.0044950749338106 3.9074081765719373
4.138797214232339 2.844093355818692
2.4391770933071752 4.286790068894799
2.247426351332993 0.9295042799565192
4.143883141395038 3.1519882774169186
4.055616488528737 3.135011974079107
2.2861447537428488 2.9859913854473605
3.5356549476038315 0.68091654974723
3.0512952571043988 1.4224911091606696
2.6897087354539857 1.906708003459269
2.7139652791254005 1.1442495383885172
2.744942618494056 1.6548950545821675
2.450144902939561 2.9154222194630037
2.9701249495430044 0.9040158815430621
2.252284046994618 2.6081998114160534
2.8827330610189885 2.526550861535763
3.9353576241958956 0.6920908915756157
4.0406916875755 0.8839285317669026
3.7332022767258155 2.0050073810721347
3.558397103414924 3.4463642091965907
3.4216910610393736 4.546388941623919
2.9865168479744044 4.411278422703505
4.010035098883241 2.8200173147102734
3.767553878561732 3.803449869631959
3.002558388588267 2.8594393953780024
4.216436205557842 1.4600253164034567
3.026743234037479 1.0522107457731107
2.293555877102681 3.437908108175763
3.535320484965933 4.355982965569567
3.5487261221205877 4.168176431976597
3.630364378235149 4.471212535069179
1.843785770076175 4.368761196722845
2.7265963174557406 0.9834673230719178
1.8504196582897896 4.63857198292247
4.290342770130808 1.035272260819001
2.244516116644076 4.357981468399498
1.9100603523983413 1.2184700963705772
2.9530250673611964 0.7619332984716128
2.2439256179238036 3.7877772968881915
4.328248864743591 0.5463897068015948
3.6086536301252305 2.3105021812926747
3.0322939721104296 4.1912347341687575
2.762983976577677 3.286022377989936
3.2571172506542316 0.9742694984897919
3.3676416964761082 4.301281001214728
2.2327106327100035 3.2811437123223497
3.5239051396824346 0.7262300636120268
3.666667709522216 3.707388538048666
2.0093109012261414 0.6721108965127236
2.207974230985996 1.6415477588619287
3.5103131263749505 2.3071995935422622
1.900176257573153 0.6510310755192958
2.391674217079059 4.231768986384083
3.3613007000410455 0.892051306450478
4.0862510467774715 1.409526381452614
3.9001196812243437 3.3637403415632456
3.0170681592069437 3.7242124400021326
3.648940137062611 1.8178948747797639
3.138121520397889 1.9092861654730031
4.3880033474625515 2.8297804704993963
3.8053131164753644 0.6077358642084344
4.345915115549991 3.872908518022849
3.981844802623405 0.903371928471165
3.741638515687465 0.7081664171772258
4.235232292401184 4.157217617229202
3.407822736077743 1.4846464013185894
4.139588571833562 1.1293506337070247
2.9199829684725493 2.1446437935573295
3.1615249142616504 3.6141157471946554
4.323826506121199 2.3974484546915305
2.0471127197159182 1.1085548046598224
2.3705325763084772 1.9795928231524536
2.6196894953388448 3.181103035707304
2.662459116092112 1.3968199375323906
2.438758669885087 0.8757590194533644
2.128979864052301 3.606284814414006
2.293041770667292 2.8781166415245933
3.27588791965389 1.6696908369403813
2.6570316792575834 4.065482644609851
2.9935893652167613 3.7096517322272
3.3396756816713467 3.990886154595948
2.8439623948579875 0.7533691457127629
1.8660931554428413 4.594841405775386
2.1445983584461197 4.33316717046577
3.591187780830265 1.7258061867824275
2.007096235369218 1.6363403487121624
2.5165762604247233 3.543842248006217
2.910759555433697 1.1628389083599773
2.715562859059172 2.7668737938674983
3.6092691132333794 1.9110120922623846
2.9421838479984075 3.01575383757705
2.899637053614679 1.6425507194523208
4.196352664412149 1.2881139150144063
2.4792236897351234 2.562891425597981
1.9302920343835914 2.6437198141455305
3.7786513183802666 2.4077195586606814
4.013533872560177 3.3761925829805506
3.8608542713514415 1.340139776676494
4.375718335880934 2.630526431543862
2.6122043069128535 2.022190929967468
4.115017155472329 4.6755270149985035
2.6090915635061576 2.714568224993118
4.2600138291653105 3.433362980478053
2.7626352342368325 1.7787593433108653
2.642916898626616 3.52641118017244
2.471104493118411 2.4459448576129246
1.901628567765319 2.958439952564097
4.357311289980192 2.811848631769073
3.7839301420608624 3.598605942659593
2.017432282709252 3.018578231653251
2.9398425181505505 1.695506393367646
1.802211324942174 3.8509811414549913
2.3612932528977026 4.551239250728144
3.416487868948795 2.0627913902336705
4.328646181413545 3.7965384109723455
3.1352104399047214 1.01668476142557
2.4217569279304985 2.2744215466969493
3.7543229283035866 0.6624948289346401
2.6867375213190527 2.5574796999596767
3.525238948800043 4.155231733290904
2.240314127158566 2.7221576455164
4.245717535072988 2.765238657705182
3.1526610563503894 2.601320581731483
2.5999343967298545 4.028875954517397
3.368759931061999 4.4446069647319035
1.8559519795088693 3.5323962226271655
2.1611505940768523 2.0019692420330175
2.627586135245331 3.898736321865786
4.029476226362561 2.098287199745087
3.9079583406486025 4.450789952973609
2.6506001080463997 4.217015271975088
2.728717763519319 3.8892688125854114
1.9842905117321608 3.0048879273019526
3.3536544412076843 3.1677710895985696
3.0652514249012186 2.881836938367937
2.1564380234986107 3.9666152321417183
3.1688906598695104 1.3831757516772667
2.5072454084781715 4.342489072997356
2.4759154533507317 1.320632539540028
3.583843730274749 3.4513332446360185
4.256288018856195 2.0021365071353783
3.6788098231859445 1.906999405740896
2.061303146871322 3.312307396006973
3.2640511912119328 1.7728405329755332
3.2188774352578973 3.558057551642656
4.196327235352988 3.959433092069257
3.6505151048138 0.6600340188404983
1.8710453162547473 2.337236968157125
2.0108721371397626 1.254631543642725
3.0524692719974325 4.034540610226468
2.432062956867638 2.6437685384835796
3.523418778771286 4.56614088939714
3.5753886492052738 1.8774143568140689
2.142862193069908 3.965350322120334
4.21802260669003 2.9587357743511187
3.037709598575691 0.9523201619339745
3.1193651330053953 3.1659943304905043
2.5593193321584278 3.857013924241115
3.5583027921982904 1.155211978908183
2.762062887183777 2.006703082627441
2.7591214703576887 1.7844375810048039
1.9206704745022285 1.351418122564183
2.620788514896644 4.641441853777023
4.399964874283837 0.6190584106459851
3.4518178766150243 3.8717117304127027
3.9617369125184654 4.220016023222307
2.6763016424319295 3.7319100091388724
3.944677030526541 4.201680408716916
3.5163142605794615 2.9124279047082915
4.317174541895363 1.8890961667742467
3.8299320291864616 1.7619917442089061
2.4010064124497816 2.604678730331748
3.6734104892652644 4.180048933663811
3.5010138124999113 2.4091059388174396
3.6562773817750216 4.046658359142711
4.093772761194149 1.844396323273282
1.9074750767413207 2.788380718995273
3.358850988196507 4.550400549682313
4.238426329638737 3.084117925150161
2.173658641574207 2.9321664407789174
2.3541886399547196 3.2006730362203615
2.9940070651184563 3.5555394476266975
1.8001816494657603 3.0804605708108075
3.9472650965551903 3.499231094096307
4.293401105532713 3.6751778392884336
3.8805420326565887 3.9776357466420813
2.7938140971320276 3.5508997243000877
2.7292492516055677 0.8324453738336545
2.31711061096782 3.244967474161539
3.6777219352556734 3.6333198511574305
2.847073119902693 2.083455074427494
2.6558134092967443 2.335839613251107
3.5888880230349693 3.123927972918029
2.583064444113424 0.9567104584564423
3.7934034325459667 1.7169320567964246
2.112549337860837 1.4724116563962901
0.7606493718489551 -4.465232921687147
1.59615588930443 -5.079770913927129
-1.2873981117124416 -5.168134382590923
1.2658371372075958 -4.266860356190801
-0.6289863257526928 -3.9170531689684047
1.2480062800015883 -2.8129990021798266
-1.2558540124922657 -2.8114889949879296
-0.16474936513046878 -4.204004006563755
1.318761011734252 -2.9706862844159354
0.9010506776043155 -2.9617638077936808
-0.08649174582171448 -4.0984079128308135
0.21995378768237206 -4.093182504049779
0.761624232678757 -5.033959953457654
1.2014198195318206 -3.0247729571885675
0.6263689116949247 -2.9156067447814555
-0.22752817985352913 -2.772871714959569
1.166603285737457 -4.29539476003324
1.681020702777753 -3.9956569350348694
0.11457773659312931 -4.461819110912828
-0.9058195147596706 -3.5069314445616886
1.3809798849403307 -4.9740027068610715
-0.4563079630280278 -4.431106581942819
-1.4493177662058856 -3.636763177684589
-0.2993954362344857 -4.0657036093430685
0.13588507678247286 -2.6846351302093874
-0.7430711117735 -2.228488887051903
-0.8741226620100657 -4.424371450133752
1.012185389446342 -2.6483302544227447
0.6267251522949779 -4.722861549546758
0.15620383215698053 -2.741736850672975
-0.5182150066037745 -3.1301639276399187
0.6516999441907774 -4.671848348053137
0.7947837219053109 -4.715784899604341
-0.9516429213199558 -3.432585469778817
1.0117796037075637 -2.914614338233469
0.9266815815337219 -3.898342304546702
0.2333732684928369 -4.912705765148623
-1.4437526487203687 -5.157589168004003
-0.17015349729508245 -4.6292187881114195
-0.02456370470634539 -3.7663466725854597
0.31334233711208803 -3.2349168972728135
-0.2442343147944146 -3.3604670504119545
0.6088525779568648 -4.754544653298517
0.30771142234207005 -3.534634340480327
-0.9637948102357449 -4.598276344030472
1.1923553982223685 -3.194569024845353
0.08950263569594141 -2.99379137649451
0.13483281091118915 -3.3385169779876724
-1.333253127761889 -2.3865711426714347
0.34670400950370794 -5.042365243162031
0.07387269777375072 -2.9373924730499126
-0.03169389542681067 -2.839120576404884
0.17614037346924083 -3.1831645407891935
1.5395753260988538 -3.9105698030157665
1.277934856674463 -4.940069885388155
-0.801858278966116 -3.213855560075362
0.12484306866885264 -2.987946572805415
-1.2142262716407166 -5.062345231392317
-0.3472468332215002 -3.3168147950748015
-0.6666566210550631 -3.815908334524504
-0.3929466063888587 -5.278576501721545
0.3453742928887793 -4.851664279900627
0.4508404686636689 -5.2885456582215875
0.3582777775718977 -3.523493977912614
-0.6581730539885551 -5.173968962090678
0.8026545681971937 -4.593571491634938
-0.19702974295138342 -3.8632325705345436
-0.3468462313144318 -2.239443208552738
-0.6187959053558441 -4.917097867164386
1.2688289434254023 -2.657733924750197
0.0460380688322275 -3.8110440614362995
-1.3273263258608299 -3.7822156958580435
1.4662928883920845 -2.9843174538537367
-1.077322315841681 -5.054777407038168
0.5073995473830624 -2.3482517921841586
-0.32138935383945477 -4.621463980987766
1.0230886678256588 -4.713429061118145
0.1753315637661217 -4.085783645972261
0.4111874387213288 -3.153639117353601
-0.8007345102283633 -3.43550354958605
1.0622000316410452 -2.6805532714650653
0.5023682800005349 -2.3541022181173936
0.6311522640259168 -4.870601368530993
1.0433033997707701 -4.49612944740111
-0.4706472561272135 -4.476386228887124
0.20429747605798632 -2.5850605262356803
-1.0541667485317485 -3.0421569462848534
0.666788457353467 -4.7257804162007675
-0.5497794866381323 -3.100351162464354
-1.2146466802339866 -2.88151561517775
0.23095596205537827 -2.6186672668795126
1.07424343834222 -3.483743384760503
0.6900549520034334 -3.6283288429612073
0.5756791885600046 -4.745116591007099
0.5836798755844157 -4.101186634807357
-0.3754852220050331 -5.221853375891113
0.6769356883998876 -4.602645336839181
-0.32253047619608455 -4.9307101534567845
1.1847781598069607 -2.317995733373317
-0.14623470517485782 -4.84703587526192
0.288129110817851 -3.8882932502619596
-1.203949133236908 -3.0884576294107933
-0.1827413864394578 -2.7934395112264676
1.380380008868824 -3.6379566585783403
0.15515861983488688 -3.8675620944960976
1.3139864243067745 -2.743356289069157
1.4843503998624925 -3.408339163248239
-1.3529227203110146 -3.2583990171530477
-0.1617022114343616 -3.4334771086296363
0.17539413042261498 -2.250752080694697
1.1370565090708928 -3.2250055513847675
1.6277761044870949 -5.267326545308285
-0.8213227247458565 -2.8552870787833795
0.15088547815346232 -3.903139674205347
-1.196957940132664 -2.1779329922411357
0.027966794338615264 -2.2735088242396158
1.2520542910617087 -2.1677856299030003
-0.1896399377643354 -3.833555692697333
-0.8932076842529646 -4.256424810617721
-0.0002690792888784266 -3.686552765831771
1.3629559151081363 -2.6964081186287925
-1.3239903457642537 -3.5117881262251553
-0.3692970251751806 -4.458987161767707
-1.0209681558001809 -4.7128426727504165
0.9353564532440326 -4.846637892134151
-0.9859404866526287 -2.106360278831764
0.12630403917212596 -3.6400713474290334
0.4183898640648076 -2.516323918348136
0.5436827162862543 -4.424037567445824
1.5164634066428433 -3.9504524022334024
0.8433785476915232 -3.278808598563618
0.8677430728364053 -2.8962119314321435
1.4260175095242649 -4.893796694420779
-1.4810796945274827 -2.2477602502166323
1.4824811971292782 -4.626192158532456
-0.28811362900928605 -2.9708882940360217
1.3949390873779643 -2.691384400235297
-1.205833488883655 -2.588893921987857
0.012624626207477396 -3.844194280967998
1.3856514548783796 -4.095261725817165
-0.6780730183341361 -3.7606203312603803
0.03184708483157195 -2.4326502492599493
0.8845649981348855 -3.241713638224289
-0.5033795101856334 -3.5459891653024904
-0.9339176194663131 -2.3687521882256775
-1.4076419427722324 -3.8620457671482384
-1.019528385042657 -4.82926415996277
1.5039829200310453 -2.9267927327002066
1.0982976820809762 -3.5109693555085615
-1.091152183480462 -3.7910890600296723
0.8479575302673767 -2.5897217240505124
-0.24202150026400404 -2.6585116688607657
-1.0161645076608772 -4.810999011816541
0.556643854957922 -3.504933609135321
0.9743433539953794 -2.590785971882017
0.04081998620155147 -3.5327218323432517
1.6963435397166489 -4.840085838349264
-0.12458866686643355 -2.70109563287477
0.6655602953823911 -4.854320469858495
0.7139375299173207 -4.867682629681917
0.13588914561574272 -4.769630420012508
-0.4106700142229094 -3.785829125497693
-0.8415017660885432 -2.5708097009681308
1.0328137944154627 -3.097356659748913
-1.2975568135287396 -2.5554405764980452
0.4958442423432652 -2.1110205832121527
0.6157150772059401 -5.251199333474502
0.50757760447362 -3.53212030723689
-1.1506861853020514 -3.96209083422088
-0.688888683224415 -4.2841158368106065
0.06751701905787555 -4.191672564138779
0.3528930078210408 -3.3374661501595826
0.7211342584755571 -2.3793548909337217
0.8505235440481664 -3.6946952706166996
0.009700991565698036 -3.281755323836539
-0.5447752863348838 -4.983578587448688
-0.9254242798092651 -4.588900862164461
0.41044130883052876 -4.16523761319546
1.38911247124304 -4.426697403177407
-0.48005516569231355 -3.043761978337839
0.44132577909575565 -3.7774511286031496
-0.39137181685152744 -3.9657311919365243
0.9501881520562261 -3.703691913341286
1.193056714114503 -3.5904661212283075
0.3161741648319276 -4.316944816558969
1.6915712696815413 -3.622642639523918
0.4774079899165642 -3.5846373977992325
-0.8991634056649058 -2.1868868968838937
1.5037564844213485 -4.630054064804126
-1.4425666423452619 -2.2085719305998377
0.9449009340540888 -2.2641679041782345
0.7932101837814378 -3.8716751429506653
-0.9286114902628266 -3.0709350536587605
-0.41073446230761523 -4.25704842232061
0.8118846650676543 -3.1361463374559757
1.3090405553716122 -5.030548666721577
-1.2285543814694524 -4.044104519842789
-0.4607515160479636 -3.437734837905343
1.2413903934554238 -2.7571428740534434
1.0531496342254965 -5.027220354756366
-0.6513547693264452 -4.089052982148983
-0.9375493602030872 -4.727940551996625
0.5295940434190585 -2.9565266680668696
1.3976118538720237 -5.035174183374647
-1.4700693656183557 -2.2672146563897364
1.3282737842525059 -4.518546665953659
0.22353055606753292 -3.6126339446924094
-0.9586898476533495 -4.363120105038506
1.2276964178287058 -2.693456020957553
-0.24731535756750667 -4.267462779945729
1.1034557302525787 -3.4308385547972953
-1.1158095134190185 -4.188092347983929
-0.4010891445252429 -5.187079323666916
0.10176194122687221 -4.488336072503113
1.3752616353423783 -4.355107947850181
-1.4164909232119882 -3.1001375916691876
-1.3476095881099563 -4.98953761356969
-1.4957333948087608 -2.551051960922501
1.396023896514432 -3.772665149378062
-0.38221733078772524 -2.6728386780414657
-0.6462602951055462 -2.725982078990059
-0.4555924244519125 -4.717618391824255
0.8334033373076504 -3.8113343579188443
1.4003075612285398 -2.817203129459678
-0.29347429632515887 -3.8446028368463256
-0.06945158224982495 -3.0969122872359938
-0.2470364172558357 -5.209620553634297
-0.34274541530530334 -3.9558678645666485
-1.0561633129381103 -3.506645135047369
-0.5295746831136291 -3.715909743893876
0.23673475918091214 -2.6336085572972836
1.6626005798567003 -2.6926188811892002
0.6180363994357201 -3.126397543373145
-0.702483794029428 -4.117399472525463
-0.14208314850239168 -2.513419087538831
-1.4723621324520852 -2.806613855213267
-0.5849419514030956 -4.03079722105069
-1.415311656771141 -3.514987196715799
-0.8626496831334648 -3.801074489975722
-0.09782389348118903 -3.012516931821783
0.9809307289278681 -3.641449739781301
0.41255155827691126 -2.723863578541902
1.5576885525594268 -4.504406263311299
-0.449402449776527 -3.15661170603302
-0.8162215230576719 -4.77160666510531
-1.043893007572608 -2.912730595791074
-0.6651825410704685 -4.0905904107824655
-0.899653331015065 -3.054216525867376
-0.86341034355505 -4.874193221261983
0.23287680263222765 -3.1551947683652735
-0.6127356360638149 -4.854917727627477
1.4063962038586695 -3.225457099882725
1.249952335953361 -2.483454886277569
1.073538075415724 -2.570537554380952
1.1955514390603375 -3.2810475175332385
-0.4756670618878527 -2.4305500225270738
-0.4512762859238233 -3.0094211357201575
0.22486043401683187 -3.5603783184428703
0.507131911817289 -5.175675741302418
0.6280314258492701 -4.768087818079053
0.8491999998857764 -2.652440821345332
0.987966894402831 -2.588967041124988
1.3237544717121605 -2.1867963758384086
1.672379754467121 -4.499534690521701
-1.0831491557122408 -2.8880422334253866
0.3888418782176346 -4.533041876320672
1.40018738956087 -4.793109405100505
-1.3791840298565556 -3.697893887349074
-0.4967470727584402 -3.6576286496297046
0.011681334200462246 -2.7762931702605433
-0.1647694197359595 -5.246175606311673
-1.4487523633080848 -4.410492931862931
-0.24388684941375116 -2.2000347006308822
1.053630841154853 -5.171963445900332
-0.26526856918098063 -4.58190837027457
-1.185878786107656 -3.855535837140179
1.6062467304916197 -4.404891161141162
-1.0539199281908895 -4.616067365827623
0.42979912241661644 -3.1349000749690683
-0.6826094380297991 -3.0874518701736635
-1.479546864917936 -3.4506111517907647
-0.8700753413597144 -2.5960066321637365
-0.44449014804812625 -2.212357085854977
-0.28464562446020736 -4.9987391370790455
-0.7370520399406058 -3.868000851880106
-0.31389135660165257 -2.459867819425373
-0.5873686804125696 -4.767501142573155
-0.12120886198402503 -3.0732283752297747
0.9442922010385311 -3.0153576043303545
1.463127940823632 -5.217885789597284
-1.149766432024169 -4.564992802585907
-0.6156884696314954 -3.944495324443268
-0.3946015968942269 -4.800628961398619
-0.16880210505685067 -2.3238390290100055
-1.2990498078030814 -3.93854036715301
0.2417263194626189 -2.970132579906593
1.0741527775140605 -2.187523801705038
1.0401405873729441 -3.2400583515123778
-1.382305173843979 -3.247829823212646
1.2776511126381198 -5.0694482251326765
0.5906486246587788 -3.8062680007632075
-1.1733267559565586 -2.4129902137428174
0.2228167777189185 -4.383858236966075
-0.9655859115611459 -3.404389175328143
-1.4574441425224471 -3.209084312400157
-0.9135413556529712 -4.933866532621659
-1.242542266947945 -3.4603161865532517
-1.4205116258142678 -3.549704998438994
-0.691870916685422 -3.9982744997624535
-1.1532159394090893 -5.123022765967347
-0.9417776575952629 -3.346062887554523
1.4279127402867662 -2.6013315185369557
-0.37988745807800584 -5.204334505712048
0.15230022110553154 -2.1317409534159895
0.42196557603591645 -4.181959229889721
-1.2294422650236805 -4.668923153276886
1.1881003829062609 -4.204164886902651
-0.29130080498358835 -4.094816961216064
-0.04007145656239697 -2.776099616566834
-0.8648717650204154 -3.6654715739456742
0 0
-0.264871765 -0.665471574
-0.164871765 -1.565471574
-0.464871765 -2.165471574
-0.164871765 -1.565471574
-1.364871765 -1.754715739
-7.164871765 -1.465471574
6.164871765 4.565471574
8.164871765 0.565471574
1.164871765 1.165471574
8.164871765 9.565471574
-8.164871765 7.264715739
8.164871765 9.565471574
-1.754715739 -5.565468742
-7.164871765 9.565471574
-2.164871765 2.123471574
0.164871765 -6.582371574
-4.164871765 -0.565471574