7313 2170 920
794 653
1176 718
1248 594
921 199
618 427
1485 12
1146 546
773 715
1370 705
1081 602
1984 635
841 849
85 48
389 725
1005 728
544 104
1192 554
1197 898
903 451
1352 543
264 464
327 749
1791 361
668 261
1829 64
1877 778
686 574
553 459
377 462
965 669
863 621
379 279
2115 542
2046 708
1398 901
2141 716
1106 729
1447 793
1667 796
445 754
2088 826
1334 98
1518 673
1012 47
1159 511
322 805
666 349
1010 159
1987 370
1992 485
1362 318
467 634
1298 791
635 218
709 167
48 421
312 467
1165 154
1720 147
1904 493
458 706
926 811
1397 396
1080 460
1016 704
499 185
1324 39
1367 638
1849 678
76 496
516 768
1011 747
1570 445
185 668
651 175
1960 105
399 368
600 358
531 524
584 121
1213 63
571 825
409 763
2145 797
465 843
482 258
732 369
503 546
1797 464
1881 872
88 75
2167 677
59 771
1680 64
1864 639
1482 345
2037 567
974 841
1505 477
1945 749
930 771
723 707
1800 102
1751 883
1723 821
2158 749
1146 251
1986 642
2152 116
1821 282
1113 195
801 603
25 907
111 156
1783 700
1988 809
1735 134
90 218
1807 239
618 374
279 908
716 909
307 741
1490 303
347 554
1431 891
1393 370
1852 655
405 266
1830 78
987 621
145 46
1332 252
2030 819
1378 893
187 393
946 216
916 273
35 524
1881 430
103 170
326 215
1437 426
377 409
1643 265
1727 902
1116 748
2063 70
1366 896
1741 19
1658 250
798 560
1321 335
2052 554
1522 325
706 742
1260 96
1862 430
926 745
535 860
929 225
516 581
6 250
760 160
1522 446
803 530
1059 456
698 450
1861 851
288 57
451 758
1679 551
751 461
1936 621
1540 392
315 833
1755 280
450 469
1314 574
1988 30
1236 920
307 191
234 881
36 371
1709 285
864 230
327 254
1273 398
1629 33
786 539
417 184
666 888
1337 827
1318 585
301 9
1366 333
784 880
42 243
1508 682
1489 403
186 436
387 426
821 883
1671 336
1201 121
2056 406
1398 406
388 772
42 135
492 600
104 195
1000 252
193 452
358 785
605 662
1632 465
1539 8
341 552
1989 702
982 585
1290 472
1851 14
868 483
637 321
587 729
375 550
1165 706
2117 106
2168 337
877 424
944 185
395 909
54 616
1685 597
1401 838
1363 546
860 191
777 193
303 273
234 439
2116 2
206 340
588 442
1658 881
808 445
1347 430
1481 430
1420 191
1759 374
341 686
430 206
1037 389
321 219
1950 356
527 287
581 789
1822 26
979 569
1538 267
280 797
201 275
1974 834
698 263
1283 916
875 862
1291 777
1520 371
1893 616
344 408
160 358
2071 888
1128 261
2085 557
324 695
198 61
1228 613
1295 374
1567 567
1 190
2050 721
859 746
1665 321
247 633
1138 575
324 587
747 690
487 56
1044 913
1784 686
2164 907
1267 167
1143 626
279 292
1528 208
1175 578
289 485
2102 214
2100 370
90 770
1477 916
577 888
520 354
401 174
1242 753
1784 807
631 636
841 180
88 882
1196 758
296 767
1199 275
342 883
712 416
1 324
78 544
604 65
418 878
1803 389
991 245
2056 340
815 19
584 352
732 250
1205 699
16 834
200 655
1081 175
1623 458
478 370
514 64
596 591
2048 866
2037 448
2075 740
1096 419
1310 348
1255 412
2168 379
905 299
291 665
404 542
1517 826
598 556
983 892
1267 422
2010 466
227 91
1398 353
924 433
850 255
858 79
2115 115
2013 104
1151 597
1123 535
914 361
2067 340
1115 122
1626 72
308 322
690 387
963 253
1460 305
2120 351
306 397
906 133
1288 723
1062 380
1898 652
1679 56
1125 436
803 385
835 603
252 282
524 741
668 197
1093 898
2041 408
188 792
236 274
1463 431
191 797
879 380
1371 842
1099 154
1283 729
1609 899
1065 772
1726 23
1772 139
404 797
1849 359
445 569
1600 298
1091 680
1529 125
1773 714
763 326
190 464
1764 665
1139 613
2047 199
2119 75
539 325
461 634
222 123
939 444
1734 907
180 392
1671 70
704 806
2111 76
848 33
1252 611
2032 722
1655 735
1976 561
625 634
919 852
1781 322
1813 311
1092 514
476 282
1183 107
569 473
555 575
374 234
1562 140
2032 843
2050 897
59 344
1602 212
537 642
661 183
1772 394
1749 905
1596 397
2110 618
557 476
235 196
904 291
1160 217
1832 795
638 586
946 702
572 232
341 299
1375 290
442 876
239 22
2054 615
1075 294
846 471
871 235
2065 215
941 708
870 10
1087 533
956 50
2000 500
71 825
713 63
732 76
1692 118
1003 539
1359 174
180 768
309 653
936 751
512 194
1167 354
1658 857
1111 230
1579 335
1983 159
1052 818
395 548
656 589
260 94
619 670
727 240
1021 192
998 703
1409 8
1395 110
122 803
1817 742
26 277
154 728
1497 242
1614 827
41 33
1956 527
1799 580
2162 403
959 832
549 439
769 479
1693 827
139 275
1555 368
834 608
112 852
1741 760
316 93
1252 303
1634 368
178 388
678 445
961 770
253 683
1378 829
1722 602
1689 425
1630 784
790 807
2040 130
1668 487
441 101
1814 312
382 689
1648 774
1254 389
1479 736
1350 851
385 465
178 401
599 165
758 158
345 514
933 684
1227 902
1954 184
242 278
1491 194
1216 218
32 468
1326 386
49 637
35 702
653 751
1355 40
171 519
919 907
33 814
394 2
1423 440
1982 138
285 769
2143 729
1545 551
617 690
950 341
882 880
1546 860
154 178
16 702
1117 454
731 684
194 479
1842 895
978 295
578 590
13 589
1274 330
1415 683
868 56
529 590
59 412
513 582
1128 626
856 167
1527 860
949 883
542 236
962 593
1088 409
1957 858
1243 54
1877 340
783 69
287 131
1689 814
1890 804
1692 294
2108 209
671 13
258 369
830 6
940 174
1155 62
1743 232
1431 640
1269 349
1497 176
376 482
1188 360
902 3
995 194
965 473
982 642
1078 350
1209 833
151 219
82 385
1675 111
1993 649
1886 294
1363 253
1908 807
1792 632
47 512
71 906
974 148
1964 69
1320 4
2041 289
86 625
370 155
1236 535
1721 55
1129 143
1983 469
1446 493
1496 839
1429 849
2008 4
1787 5
1985 249
1651 898
1811 887
1052 81
1327 20
1929 354
541 508
1119 256
274 689
819 489
356 233
1150 737
1962 652
2113 821
517 43
715 287
492 215
1476 385
772 269
142 102
1049 806
1134 621
1156 380
247 569
236 639
1829 136
562 580
713 749
721 573
1241 868
1301 919
51 778
1862 434
864 100
860 624
1094 562
23 652
2168 891
210 478
770 586
1494 388
1242 810
1237 466
1952 448
152 658
1451 691
2097 543
158 180
1354 758
256 486
508 478
468 113
979 63
46 124
555 1
1690 569
1478 915
707 543
490 774
457 368
641 714
1236 106
11 547
1167 235
304 540
274 368
664 294
1393 174
1384 125
1843 639
406 672
1878 862
744 667
1636 53
989 471
306 212
1833 338
1131 66
575 602
1223 823
101 453
615 903
467 22
496 723
1556 703
791 82
624 908
2067 397
1712 169
794 538
221 905
921 84
48 159
521 608
686 675
1548 182
2014 884
1985 183
1002 423
1379 144
1594 69
575 844
1345 762
1056 659
1097 431
797 139
489 23
1647 309
1671 703
1812 642
618 433
315 395
1462 300
686 796
116 451
680 493
1652 545
141 629
2126 401
1604 770
79 919
1767 239
1812 884
1597 730
943 206
1342 440
851 617
675 391
410 874
601 213
1547 91
280 801
1204 920
932 461
371 919
319 234
2096 535
976 504
668 388
623 874
912 748
1089 152
34 516
205 334
1082 378
1865 787
999 114
2124 489
1735 677
893 856
838 691
1383 225
1589 559
876 394
215 419
2047 390
1386 910
649 351
296 758
1743 918
1364 333
254 761
2035 272
133 471
1212 464
1272 515
941 415
1763 752
438 60
1499 679
1867 846
671 2
1185 223
1617 634
1377 164
1702 449
1775 439
1904 849
140 487
1662 269
2137 562
492 417
636 839
794 230
959 526
515 778
1299 631
246 361
397 530
595 20
1797 578
1428 223
371 477
1042 416
1174 572
820 488
1773 342
330 72
662 545
1331 411
813 485
1427 119
871 655
122 42
922 657
636 263
1608 167
1231 180
99 849
883 894
1557 350
377 39
354 550
887 555
105 785
764 421
1463 314
837 266
2053 530
2094 302
1928 764
1923 420
1584 725
1816 65
2137 120
1822 782
989 781
340 106
2048 536
215 340
1249 368
872 610
47 877
1659 616
1184 94
1029 220
789 733
1386 723
911 201
319 289
1535 28
884 741
180 396
856 679
1674 79
1359 741
1928 898
830 626
1408 337
1320 261
668 335
1325 339
2114 499
529 634
868 100
568 333
851 806
1644 442
436 298
2052 910
911 564
2058 432
1884 316
2029 899
94 426
701 875
1148 103
2053 209
1719 858
1248 455
725 185
871 239
705 701
815 78
1995 389
1940 453
658 360
1656 694
333 829
878 363
2142 853
1937 155
698 698
2040 805
312 891
1501 527
1143 819
733 130
1053 108
1692 472
1614 818
2157 279
1267 710
35 209
596 542
108 724
870 256
2034 330
1769 584
888 835
1189 9
1003 785
756 127
21 203
1550 136
446 86
197 513
1377 595
852 710
1421 372
1486 767
474 40
1217 84
1461 710
1368 482
215 274
1744 244
334 905
1462 531
750 325
553 683
1516 767
1129 92
616 739
371 679
976 493
1072 726
1330 496
1765 424
497 266
2026 465
1259 323
133 218
83 626
496 41
2072 840
1514 24
839 380
475 857
260 703
868 34
1415 432
1823 257
969 611
1585 614
630 916
412 693
145 578
1387 77
1916 835
818 334
945 109
1934 889
983 401
1896 368
2039 676
160 593
1409 509
836 876
1216 343
963 688
2100 363
1236 29
85 419
1738 684
1471 569
43 193
2018 738
137 57
1818 155
1131 686
2043 502
2070 376
1278 147
44 768
1384 48
2110 677
1136 737
714 519
1828 735
1179 289
931 224
1954 322
953 885
1212 587
697 407
826 817
810 55
1147 872
1456 166
575 417
1488 118
2021 618
871 415
62 17
399 605
344 669
1288 703
1255 526
2063 736
1576 352
29 779
1237 657
1 680
147 734
95 86
12 317
485 766
1693 644
663 772
859 189
579 549
1353 172
1317 249
884 367
933 488
1645 465
437 321
1988 575
720 380
1671 868
847 421
1259 365
1431 886
801 490
92 30
718 721
1924 1
1244 242
826 254
666 36
631 429
669 455
223 863
648 332
927 427
564 375
1851 546
1185 722
1675 586
701 609
1551 550
1903 184
978 99
2103 245
1134 612
821 152
440 460
1900 825
866 568
1540 253
1407 892
208 339
1765 371
1500 854
2007 133
1718 30
551 678
840 552
281 817
509 681
1326 674
1260 320
1677 608
1529 481
1400 744
765 233
541 525
238 753
1984 14
1531 675
626 340
1056 153
1818 210
376 165
1993 211
501 574
785 104
890 386
1915 557
833 754
2054 837
82 297
2164 739
2013 18
1495 92
1696 82
2014 391
1288 287
2014 162
1601 747
1251 634
860 749
1488 52
298 716
7 15
1486 393
545 364
2091 732
654 765
2008 734
1576 286
137 246
557 603
87 654
1 614
926 177
1753 629
815 309
639 120
1471 879
1820 804
1704 858
1723 871
1979 797
577 373
1097 301
193 568
1490 232
1173 296
923 121
1425 776
1598 704
1900 517
100 727
1229 312
664 540
2142 50
1080 189
414 365
1418 184
1221 84
1116 556
328 217
69 222
2159 754
104 445
128 802
833 325
2142 521
634 381
181 813
2168 695
74 687
1946 353
987 913
1224 597
775 505
453 454
976 266
1053 715
1822 142
1722 729
1785 785
1579 128
2090 78
419 698
1076 739
2166 73
127 526
77 180
1940 255
51 716
1362 315
486 644
269 875
300 225
952 151
1513 447
1103 320
301 864
15 470
1247 742
763 629
885 326
143 655
774 229
173 534
2168 11
1182 734
277 591
2128 612
607 8
870 876
790 358
1841 784
1119 799
1975 491
342 60
349 773
903 127
1348 743
1780 171
1172 288
1736 330
979 122
1878 679
78 660
1270 42
77 435
1500 238
1048 343
1857 512
1117 702
1614 754
1882 276
546 361
1160 291
141 312
1949 451
884 127
705 650
1245 335
1640 110
709 769
1423 112
1218 646
500 366
1391 574
1513 5
417 368
114 330
1113 300
306 271
37 83
1740 169
1860 234
1400 249
467 81
1499 228
670 669
1388 131
2169 696
1011 181
1038 18
914 248
2089 178
1175 252
373 796
1441 408
1546 195
1831 593
447 718
837 149
245 274
1420 241
532 267
1745 526
776 664
850 613
1791 413
1307 300
2091 116
62 503
1177 190
67 618
1972 424
1605 896
460 549
1236 541
107 919
60 349
1988 819
1969 540
1353 308
241 626
1834 86
1926 843
1038 152
1162 447
1015 663
652 611
1299 193
454 626
239 701
2061 250
16 400
2046 881
1480 204
1421 563
1844 666
245 637
625 858
386 347
363 858
1015 784
1400 854
2100 299
524 173
1250 802
380 165
1417 161
701 745
2151 651
230 342
1080 512
1154 461
1672 158
923 794
1220 263
1239 276
1221 636
966 346
1484 43
429 178
167 178
131 484
134 755
863 110
422 404
1473 564
1866 495
2 720
203 710
542 176
211 305
180 763
1766 264
885 515
2129 87
2084 839
931 402
1495 215
655 238
672 407
512 189
1513 757
2022 634
1796 557
1801 635
1381 49
1919 627
1038 649
1170 539
160 905
1890 865
470 542
971 595
943 762
673 901
1447 295
896 421
1309 590
1344 59
1852 694
468 590
284 15
1625 688
1059 11
866 370
1588 540
213 256
810 246
1241 661
1727 591
333 257
1694 643
1028 553
1107 883
871 835
1528 876
1206 596
1500 548
777 190
2064 361
2122 568
1045 907
1698 240
1744 356
1127 653
781 16
287 676
180 321
619 920
166 386
1861 648
638 381
941 153
145 219
871 848
711 630
1672 79
708 561
92 329
364 522
446 561
5 589
1092 672
1784 670
1975 9
617 564
610 147
364 643
1977 18
628 164
1399 78
1225 154
132 751
2152 544
443 384
1472 31
687 744
1050 567
1323 433
20 466
124 523
456 767
932 696
971 395
556 153
1824 82
1196 513
1843 95
2118 34
1309 390
543 628
1369 441
2136 842
1960 91
349 762
1543 742
1582 441
658 56
370 821
1521 165
1135 624
413 639
1156 683
149 300
493 110
999 470
308 64
2026 724
386 886
1073 806
144 77
1986 507
1745 152
2034 26
1557 101
1125 178
1649 858
2155 666
2100 730
1695 681
2168 376
681 817
1106 286
1777 225
120 780
1327 699
1473 753
210 902
2135 872
2018 58
856 296
561 607
1933 859
1004 130
319 27
1224 170
293 563
977 707
1725 866
1627 294
1976 182
1307 289
2095 813
1441 289
981 304
1192 716
120 204
1025 310
815 500
273 217
1792 748
1795 228
1838 864
1879 636
831 710
1681 880
2094 295
896 839
1463 657
1193 833
208 438
34 322
235 46
2048 300
793 310
397 81
1083 557
2055 461
1045 36
76 403
1411 359
1831 716
1449 651
57 161
1310 721
1277 544
550 215
1650 762
1614 85
1058 621
1035 903
1723 257
685 790
1855 376
148 814
468 792
1459 147
2039 722
1240 783
624 514
435 349
1152 670
1138 735
1606 611
2044 19
1608 886
1856 722
2145 596
455 449
109 41
551 911
64 298
2139 27
583 863
429 167
1227 147
186 409
1595 314
203 349
1782 140
459 46
1517 394
235 301
54 226
1336 90
2153 312
642 167
1977 86
844 796
481 478
1408 343
561 178
800 460
1741 260
1887 314
692 109
1033 173
784 866
710 688
75 177
1064 920
971 692
1907 148
1489 160
1695 494
2113 253
1590 212
2107 438
344 715
1464 746
1558 381
1596 636
317 60
1017 700
1428 271
1196 702
1631 630
1042 235
670 592
1038 759
475 124
1173 166
419 192
1403 628
1981 339
1797 518
1714 749
1648 395
1166 126
1271 179
472 240
1322 410
1229 182
926 181
1891 567
802 640
719 605
1491 862
1264 405
1577 636
1945 803
190 261
38 658
1984 502
1158 652
1223 818
1345 515
1018 120
973 872
505 538
1999 221
1467 131
2048 113
206 326
1801 650
1097 534
762 315
161 849
978 842
1178 644
1641 405
1529 164
1011 238
1837 280
1150 545
1337 371
1395 349
13 318
2052 124
1988 634
389 605
76 108
833 316
628 850
1761 591
1162 491
1082 10
1398 889
850 791
1865 540
660 896
421 385
1344 774
797 147
926 786
1311 368
292 914
1432 365
1506 314
279 157
1082 252
289 350
1068 88
1675 766
486 864
522 329
1752 720
566 335
681 93
1930 726
1388 443
1337 626
1762 132
1877 82
801 94
1885 202
1475 38
409 509
560 153
684 448
1165 263
270 579
975 102
1981 31
976 741
570 53
907 870
267 52
43 307
404 286
455 517
1519 616
2078 85
2067 192
415 300
268 775
1960 214
535 109
1470 323
1549 387
934 757
1476 811
832 709
904 585
1220 562
394 483
36 546
2052 863
2160 396
2108 206
809 469
690 252
1163 701
849 245
2074 329
477 373
673 19
587 770
1318 760
1283 473
1745 275
1177 757
1292 707
2118 520
1218 529
1670 101
2140 50
1166 73
813 709
712 657
109 364
436 493
2101 324
1679 860
3 611
1426 414
1511 458
597 303
456 327
1139 357
1903 753
299 609
693 765
970 548
1106 180
598 905
627 182
563 655
761 145
1894 869
1486 586
1343 766
56 329
892 601
66 788
298 91
377 384
1824 810
1541 458
371 606
178 211
1633 461
580 191
2022 7
1836 820
122 50
880 897
565 327
2006 413
886 153
486 448
1821 404
828 148
2092 638
1892 284
97 343
1511 592
933 615
1390 302
946 325
1097 723
1317 726
816 215
1290 71
684 261
1919 13
1060 23
1810 780
519 867
1941 711
728 452
7 692
1266 801
667 738
1437 885
312 281
657 693
1505 265
1964 550
640 231
2018 786
1220 254
843 267
1040 323
805 685
180 633
617 634
183 113
1823 439
2108 837
1492 568
2010 265
1748 265
523 706
32 883
283 236
498 124
976 688
69 657
1748 386
779 524
1128 678
345 3
30 894
1747 915
2091 725
453 768
1829 496
1526 687
1705 689
483 647
2026 781
1955 312
804 702
1864 453
716 589
507 186
1744 802
514 347
1154 707
1634 112
992 874
370 73
2144 628
750 65
1192 410
1462 42
1524 920
1971 148
823 55
551 121
363 299
649 427
1466 686
1442 63
263 886
373 492
100 599
1270 222
375 538
862 656
282 81
2145 156
1828 220
1043 179
1695 859
38 889
1287 539
1139 412
798 348
114 618
1444 230
2060 462
81 441
771 659
136 148
398 148
340 143
1283 541
273 153
1305 300
620 197
565 261
1095 490
9 309
446 81
2127 408
570 376
743 304
211 672
1157 816
1496 770
619 911
1159 367
1195 24
1599 639
179 841
1849 292
622 135
1830 13
871 839
1468 829
168 867
629 30
529 92
248 567
740 275
1169 654
1367 144
2017 226
1256 542
2054 522
595 796
920 327
512 798
1823 360
614 28
1811 242
1441 480
522 439
1350 850
2151 347
258 100
1342 437
1820 247
610 259
1718 199
1267 263
689 323
978 160
1740 483
671 912
148 642
1538 268
416 164
1460 843
660 790
1633 771
1919 81
656 267
1024 168
1731 784
862 106
1138 684
1153 255
1697 153
354 50
1479 159
1226 504
358 694
298 414
433 50
416 406
1912 428
16 701
1535 212
833 694
2137 546
1868 92
2112 718
1212 461
2133 777
1725 723
746 402
792 518
1797 333
1695 322
733 877
1965 146
1387 206
1534 633
1552 916
614 404
2110 685
1130 405
2071 205
1751 752
519 251
579 302
1005 639
544 15
1170 706
41 892
70 361
1104 123
264 375
479 71
131 785
982 628
1900 444
1531 52
680 182
728 896
1483 277
225 541
1909 385
911 51
123 264
1587 105
1733 159
296 192
1072 413
2087 162
1548 113
80 796
85 911
1483 398
1562 691
757 257
970 550
1694 581
486 437
77 912
1346 248
231 332
415 907
2029 49
2135 179
646 547
374 88
608 26
1843 7
1752 414
865 591
543 311
405 606
1250 432
281 570
1001 896
445 907
1210 481
131 222
1870 2
1834 79
1653 4
827 191
889 840
142 88
1819 710
1456 658
2163 520
251 31
1013 317
693 901
533 912
388 265
622 203
1900 820
1845 884
1186 16
1330 438
287 627
1357 248
104 627
852 786
1363 736
1719 600
147 179
1501 148
1409 559
41 463
1133 624
1444 782
1728 312
236 638
258 397
356 703
593 387
400 517
2120 18
587 343
724 577
1923 901
1998 28
2003 372
62 643
1075 282
1658 374
431 180
2093 265
312 754
2139 381
298 590
1170 519
380 400
292 287
932 876
1978 729
278 123
1709 275
24 472
139 718
1690 676
182 536
94 652
407 883
1422 632
1167 342
112 706
179 238
1199 331
65 365
1180 52
1887 439
2115 37
2051 547
1720 676
1245 154
897 868
809 755
262 128
1065 223
1441 214
1088 584
252 83
931 637
564 62
1992 209
15 786
119 843
86 437
1800 389
1566 222
1736 633
406 792
621 717
98 676
1304 481
1597 474
1762 807
931 650
1022 243
922 12
963 309
1157 589
1766 633
1036 299
203 32
796 546
1970 813
1128 238
1684 190
82 910
519 682
1950 575
1458 638
467 492
384 723
489 22
1122 423
138 209
523 508
1954 172
864 20
1425 87
1990 768
964 372
1795 300
705 377
182 336
159 389
1064 495
520 331
800 156
180 448
1622 493
1059 501
407 575
1563 263
1363 912
136 526
929 162
273 760
1355 499
235 239
1355 270
386 408
1010 501
638 858
1120 632
289 475
1964 728
1981 143
756 621
930 508
644 114
2058 363
1746 542
1649 838
1690 610
735 683
1156 447
237 406
292 113
448 589
24 298
165 237
1438 281
472 165
312 701
2130 774
96 588
1968 446
2157 89
1630 343
1684 808
419 130
842 233
1563 518
1370 389
957 708
1843 572
1163 813
1409 51
964 869
1900 325
1739 636
606 114
621 651
607 716
1574 276
1771 790
378 600
923 171
190 320
2133 95
1689 118
276 774
183 546
1587 107
637 487
153 145
1706 701
831 703
2099 632
1337 80
1815 873
1743 475
1555 424
856 652
1025 195
1754 341
834 75
868 891
1458 693
68 801
293 919
1788 73
310 334
309 146
1314 190
1267 78
2010 122
1139 832
316 270
1653 824
1307 416
1221 376
1391 824
1581 130
1691 527
846 206
1193 21
1062 733
1967 876
1067 848
1012 912
872 609
600 150
25 444
750 619
1708 63
1536 774
254 681
1478 540
1354 733
674 745
1840 892
492 445
1286 720
1016 859
730 502
2098 369
1351 849
821 620
1838 415
319 638
1953 661
342 807
1056 150
364 825
551 917
1684 621
1819 28
1386 146
1429 516
1759 916
1308 226
1991 256
977 392
1753 613
884 164
1338 105
25 699
1233 577
1301 452
556 335
906 862
426 225
1607 909
2125 606
1247 108
2009 431
1205 865
468 343
2030 719
1562 385
1254 232
65 367
357 246
1919 622
1069 223
279 592
2054 29
1462 154
461 74
1984 724
1191 822
1273 632
872 59
1801 751
211 313
1262 473
491 367
967 67
1247 350
2059 265
460 236
1673 458
1310 406
1240 347
1381 286
1307 108
1551 468
1058 535
342 365
1734 818
218 329
837 78
708 193
50 193
2061 166
1105 243
1394 871
1743 759
503 848
2124 343
1768 479
1917 50
664 658
1612 168
34 262
340 268
1327 184
1456 823
1038 81
1753 292
1257 650
1427 536
1410 892
2093 885
2095 177
507 566
245 795
1236 712
372 378
984 905
946 613
696 209
973 194
780 28
2163 698
1318 606
1134 785
1674 241
1390 482
1254 621
2141 121
1730 321
766 803
1034 554
1066 506
1886 16
297 446
980 210
333 628
2105 585
34 746
920 573
1388 678
1025 626
2001 612
91 233
388 685
402 354
1601 678
976 855
126 419
878 54
547 449
368 218
1713 101
1360 737
288 225
289 827
1822 273
1990 86
1508 837
1544 265
1998 435
776 393
1065 267
547 341
753 180
1859 276
1379 871
1523 98
1005 401
991 237
1161 914
1976 43
1373 275
1782 214
1415 915
1606 217
725 468
802 688
446 6
1629 322
982 511
1713 464
45 830
1654 271
1021 358
680 294
1306 756
1562 453
294 258
393 8
1512 43
884 474
516 78
572 882
1164 528
765 782
1453 402
1739 759
2165 867
671 366
1736 461
710 294
852 643
1982 867
399 846
1245 345
1572 474
1420 346
1697 883
1580 69
561 844
159 312
720 608
797 74
1881 411
1867 513
1592 308
1325 193
2013 567
103 151
1297 885
1672 8
1002 708
1277 418
1915 409
1469 588
1643 475
473 623
1152 423
1102 831
291 323
2156 471
1366 877
447 836
1388 370
501 318
964 79
88 674
308 906
1423 593
1836 8
294 742
1046 377
1436 303
976 547
1275 614
1529 467
1548 480
1281 136
1194 891
724 447
1744 540
450 329
1804 298
1845 70
774 160
2121 648
1269 139
209 159
1403 368
76 532
1406 144
500 42
229 747
774 281
1291 19
1587 835
888 797
599 694
2040 780
290 353
436 407
1179 451
1569 148
1500 277
719 466
1381 851
1485 679
1965 84
1471 515
1906 672
1350 454
1487 725
1867 192
8 761
1040 679
1133 870
2105 774
1838 659
1609 570
960 161
872 48
1342 751
1443 803
989 340
1324 330
314 430
1800 30
575 471
993 230
423 602
1611 508
485 699
1619 628
88 474
377 82
55 31
156 608
211 315
696 64
1680 463
257 431
427 842
1724 506
2156 163
1426 583
1021 534
396 482
1064 123
1234 763
164 95
1270 228
1228 460
1838 914
47 449
693 826
321 429
156 621
1308 604
805 478
1187 543
2128 114
1057 470
1585 360
1120 489
1068 70
902 303
404 26
989 716
1897 302
1902 417
1241 900
97 283
933 784
454 786
926 781
1411 301
1887 1
827 21
739 137
2126 283
1195 151
721 497
55 407
1166 618
1788 143
1793 487
1323 309
1834 259
2026 695
405 907
482 107
1206 138
2149 536
1851 842
985 435
621 387
184 386
590 808
877 84
208 514
20 692
119 176
974 690
187 805
696 682
892 328
866 864
420 518
1798 844
1323 551
1677 554
1883 659
854 746
413 515
1211 495
1956 319
1801 445
684 456
6 541
596 343
876 626
466 233
1632 380
723 798
520 469
1410 681
87 587
1226 860
1008 408
94 482
214 776
365 716
968 457
1854 321
1238 52
1809 807
573 830
1201 170
707 830
640 776
238 244
1752 394
1220 799
1299 863
1150 245
1721 34
580 883
1755 584
538 886
789 468
321 363
1573 284
683 486
680 188
1065 753
2085 580
417 717
888 302
1005 887
1867 394
1738 243
1894 756
2113 800
2094 521
1736 584
1051 710
1438 890
560 887
954 777
899 841
2058 46
1103 348
2060 644
1985 470
851 312
978 87
1110 243
163 140
1331 885
1441 528
591 92
197 690
1265 531
1168 598
1789 716
2040 298
1033 144
28 854
1979 59
325 323
643 898
1357 12
1097 839
806 138
911 191
338 558
439 610
1196 552
1022 436
631 780
1975 290
184 91
1804 408
611 801
1125 793
588 854
1959 467
2000 239
1716 480
1480 432
1719 485
750 852
915 431
533 100
693 89
1584 260
739 205
474 688
288 269
1679 534
289 642
1968 371
581 33
1472 204
2033 537
2019 373
458 865
1540 375
2099 73
924 106
659 626
29 459
1345 136
309 513
2007 484
1952 548
419 873
1864 435
413 570
991 281
891 868
1221 743
635 619
272 567
194 876
1474 142
48 593
92 865
510 624
1537 427
744 525
1826 35
1505 623
517 519
1658 838
1193 509
2046 196
2139 387
1837 22
11 768
503 476
1012 582
217 873
1497 102
146 175
239 137
309 876
137 355
906 866
1052 920
512 646
37 124
536 774
1227 628
146 296
762 299
1446 177
557 15
1388 172
1374 45
121 653
360 898
129 248
1254 357
1083 475
351 297
1592 123
2070 916
191 833
769 810
1826 290
760 761
719 723
639 471
66 838
498 495
262 484
556 702
1827 111
43 36
511 141
323 90
37 258
1124 112
187 431
1739 119
971 18
1344 529
76 334
40 677
2109 103
1682 524
1520 462
785 13
826 310
1170 83
578 208
486 619
189 103
89 690
1878 62
1962 699
1322 73
367 375
308 734
1359 894
999 322
90 511
544 452
2095 181
703 216
1014 78
1491 417
873 75
2104 122
1993 254
1641 68
1899 363
1398 81
1238 617
1833 9
1100 387
1697 377
1232 543
1848 546
616 45
1856 895
1712 658
1951 903
388 568
1047 618
255 160
1027 905
609 163
306 125
1734 272
1926 442
1071 867
1401 513
2111 380
690 128
10 369
954 403
40 248
1151 688
765 652
1783 901
1057 43
1246 696
385 367
288 700
978 881
1790 796
546 241
40 369
931 577
2101 200
1486 799
1297 634
1068 811
340 72
708 239
88 531
167 595
1287 589
43 788
1992 378
1130 642
1441 275
137 423
627 287
763 67
663 883
1740 49
459 824
156 786
1221 127
1620 627
1864 758
2032 571
1930 294
474 314
2067 565
625 483
518 128
946 538
297 129
605 245
753 668
1083 543
272 72
1529 337
323 37
1572 707
391 666
850 722
1772 472
2090 818
489 191
879 605
598 97
166 440
1337 436
1593 887
1573 420
747 607
865 828
653 679
1814 711
1115 710
1624 587
1254 788
397 201
863 903
424 38
1169 717
1843 136
277 284
2021 408
909 497
745 803
1211 310
1877 134
578 626
2100 179
1363 852
869 317
1088 95
358 515
1266 101
2047 666
572 215
1871 477
2085 140
734 213
1589 727
637 280
1706 265
267 225
332 583
1140 793
1270 85
1542 278
862 519
999 524
607 414
1281 624
100 354
1960 158
306 422
667 401
1453 327
1200 635
341 416
1115 39
564 165
408 591
444 248
1045 882
506 833
1643 279
1686 915
2140 331
2090 739
201 5
189 668
247 121
1517 877
756 227
1382 918
1650 440
516 245
306 435
1159 351
1030 237
1503 686
1996 30
430 178
1810 577
1859 698
1958 677
494 607
2031 172
2029 99
1736 749
275 196
1665 51
775 482
1446 421
145 86
697 828
1891 808
461 551
824 374
1143 356
1645 523
1791 806
421 371
963 425
1656 352
402 92
1955 685
1083 490
1074 899
1196 367
1034 76
1677 182
1300 195
890 68
1717 749
266 618
1866 54
720 788
346 318
833 436
1127 654
1072 718
924 29
602 15
996 319
1558 59
1969 596
1017 378
714 377
693 254
188 267
494 44
490 568
600 211
2028 129
949 853
599 511
695 219
170 105
1754 765
890 431
1128 488
1742 122
1398 83
929 278
464 444
813 332
35 1
1258 682
306 235
1156 442
1283 217
1716 779
1986 374
1344 907
1564 910
442 806
877 209
538 514
1107 671
1800 894
1817 309
26 73
399 584
1073 794
1866 430
1811 494
823 94
264 130
121 347
508 756
2003 664
1502 153
1438 626
2143 149
472 281
723 802
1709 567
280 461
2114 801
1718 572
1224 37
458 238
2087 146
1214 746
198 772
1027 102
2123 742
1768 285
351 233
907 185
1430 226
1454 583
191 769
1553 562
1315 919
2118 748
46 536
46 307
1656 165
508 72
1633 218
1122 231
1621 881
1512 157
1314 172
1384 645
1301 876
905 647
1796 855
239 557
335 265
388 128
68 675
981 413
534 596
649 842
257 732
417 721
1960 818
1614 181
260 737
1793 183
72 686
1061 234
1352 706
629 311
658 783
553 501
437 555
1997 592
335 278
985 131
1890 237
649 145
1159 661
2069 882
1310 830
2066 584
1087 263
1331 889
233 388
1912 117
150 619
1098 129
2003 235
1975 402
130 906
610 311
174 158
284 555
1368 892
2061 361
1315 19
654 502
733 795
1953 535
1677 600
1176 318
290 225
881 666
1134 846
535 29
275 627
1076 87
1508 535
1503 191
1439 664
892 37
888 561
103 520
464 499
2012 482
716 225
549 48
1385 320
60 823
1541 833
2052 783
228 407
627 907
1375 275
690 172
1636 841
1727 434
1112 575
1294 323
1753 837
939 95
1104 162
1139 156
915 677
471 636
25 815
200 816
1186 618
570 120
848 744
1580 104
1984 719
131 837
1254 348
1309 809
1130 578
2002 507
729 5
2129 319
902 162
381 719
1174 621
342 239
534 180
1697 810
28 308
129 360
24 603
1873 743
1372 232
403 370
1931 869
382 661
2044 746
1111 807
2148 803
609 825
222 150
2128 336
163 775
1183 831
1052 119
1962 569
1143 237
1869 112
859 478
51 682
2032 749
962 81
1920 279
857 782
1247 708
1020 251
1784 418
87 83
1556 2
281 851
1456 589
1832 351
2138 623
651 835
1182 700
1953 577
463 784
122 225
1765 297
466 789
1929 634
1115 646
1502 826
825 318
907 616
907 387
1815 10
2002 65
116 797
680 839
757 793
1041 737
342 736
337 392
414 612
343 143
694 629
334 94
1442 788
1720 244
206 811
209 328
396 154
860 783
1526 378
925 683
1468 373
1924 424
1621 386
172 116
2042 645
701 911
1531 843
1562 193
1414 29
1228 842
1195 628
1761 258
613 919
660 213
329 342
1650 134
1872 210
199 3
1183 402
1254 53
1997 97
1749 32
436 589
1000 173
862 697
764 162
1058 343
688 810
253 589
679 697
1518 220
353 712
585 52
1853 210
494 422
2135 862
2028 736
923 47
345 70
621 877
1326 171
940 630
389 756
1776 865
78 894
576 353
383 712
1217 120
338 417
1785 577
953 195
1641 569
650 423
1682 341
1558 800
703 20
1469 462
1221 360
109 715
1554 48
1071 537
1226 182
135 852
455 305
1981 758
1282 757
1139 708
705 187
2028 52
1527 524
388 251
109 836
123 505
259 780
1570 113
1226 303
1318 306
1927 350
1533 231
662 904
1037 781
1716 581
1430 483
612 265
1718 361
587 208
802 133
1758 699
1923 766
1728 527
1578 768
1017 435
1290 301
1038 494
804 327
1946 871
2116 528
261 573
264 53
591 219
1532 773
524 394
235 291
1193 260
329 155
301 93
1115 606
144 109
830 851
503 456
527 813
1793 898
626 563
2046 297
50 632
1776 207
727 322
1711 492
732 171
336 171
644 287
979 48
1331 207
1141 46
316 872
1591 548
591 582
1217 41
1433 605
318 689
1867 308
1564 270
499 700
1927 618
1283 287
1076 223
795 469
492 697
758 816
40 307
1542 403
287 413
755 518
961 623
2100 667
1356 627
377 77
891 298
60 141
189 780
563 698
527 21
1762 793
873 631
2122 547
459 762
724 13
1728 98
945 655
444 373
2010 750
2111 802
1691 216
75 772
2169 743
639 585
317 534
2029 211
2104 799
1524 224
1257 634
1664 463
590 319
1968 874
116 665
837 196
1566 571
625 542
941 253
1455 245
1596 184
1568 122
2046 915
857 784
1297 827
1734 828
1754 514
102 622
427 153
418 599
1855 71
1557 643
536 325
1749 584
1955 918
1895 638
1852 2
1730 305
1867 805
1953 579
241 673
1691 579
1135 361
920 436
947 835
294 913
2160 239
68 866
2096 749
1734 252
1734 23
1969 829
1521 144
1658 415
226 792
1511 890
1239 202
633 392
760 433
1894 362
261 749
80 408
1240 23
1052 726
577 167
694 752
58 282
2078 75
360 583
1922 730
698 844
1624 780
521 164
1269 552
352 880
1964 848
1219 731
1917 773
626 860
337 757
137 403
1639 270
923 854
1869 732
425 52
75 464
1453 265
1384 394
148 188
959 632
114 311
667 460
226 229
965 568
376 698
123 481
1427 104
145 11
1055 232
1701 572
1453 507
1823 40
1711 802
1143 281
396 532
1832 274
706 694
646 414
16 247
477 605
1922 167
1151 815
633 889
997 348
1175 125
1359 700
49 545
797 179
2134 733
1972 634
1173 466
777 466
2150 677
1189 410
559 14
1221 133
1133 249
938 10
100 897
1141 598
521 890
2123 170
1044 702
1352 818
1190 2
273 559
391 551
575 897
1367 308
678 729
1429 139
1833 754
771 139
559 256
1832 529
1661 647
315 798
425 441
731 713
20 621
39 634
1856 593
1718 134
725 144
1783 465
1563 196
1779 760
607 44
376 377
749 393
485 320
2066 709
1104 32
696 503
514 203
598 345
843 378
476 621
584 383
412 865
1191 566
673 640
1653 368
901 504
329 278
1093 445
790 407
2139 261
2146 651
1778 255
897 506
1223 676
647 745
1045 754
735 40
565 117
1079 338
1396 688
1578 207
1399 730
1258 754
1308 346
829 577
1982 556
1692 457
1902 38
938 520
1846 143
899 528
1556 798
1779 89
72 490
1159 115
42 355
66 712
2091 849
685 461
24 715
1973 39
1271 292
882 480
1103 156
1891 909
950 880
1380 693
1168 285
521 703
769 576
226 297
1809 52
83 248
137 713
283 13
238 536
1955 557
384 590
1160 811
444 375
1072 469
1113 470
2004 678
466 659
1140 344
2112 211
881 349
616 603
1376 62
550 249
1537 919
1439 347
613 305
2132 45
258 77
1944 748
2059 735
810 590
175 79
1207 226
326 477
1143 470
1915 461
560 829
949 604
1766 863
1984 39
337 491
1245 639
1313 248
1956 879
1535 68
733 612
673 332
1360 481
1267 253
270 329
975 81
1026 312
797 489
1807 648
1098 188
1738 777
497 722
1039 776
656 486
288 90
661 564
418 614
289 692
1357 304
1472 25
393 786
1405 200
2090 74
574 43
1432 599
1872 80
732 107
859 148
1067 97
406 580
953 749
703 803
1570 425
862 338
765 634
1241 105
1989 493
887 516
701 97
548 821
1477 89
78 643
1685 267
1201 154
769 497
898 153
452 295
1885 557
135 359
1332 85
649 580
2027 906
137 405
1634 157
1639 501
668 41
515 765
1652 211
876 744
1660 560
1373 503
1020 873
376 808
940 621
90 185
857 357
461 128
1128 857
369 768
1594 98
1580 163
695 709
910 634
1961 794
1326 283
1 786
288 587
1583 619
499 770
2042 904
428 301
1833 730
1998 568
1816 268
1169 457
491 542
1504 447
2010 807
1242 410
265 724
103 137
1883 214
1695 917
1082 165
877 699
311 22
1288 4
1527 286
1974 746
1845 861
2151 150
1784 585
1933 156
1011 406
1327 117
267 891
1552 235
1863 851
864 63
1158 15
1636 579
626 191
1314 528
722 653
488 486
331 502
1294 61
456 911
1008 192
1899 400
533 902
256 99
1452 354
1168 366
1313 195
1908 112
321 844
1558 228
1802 359
1270 764
590 739
1168 487
1033 262
501 667
372 782
60 695
1968 247
1610 539
1095 93
1153 300
1186 248
1041 796
277 400
1616 475
389 318
2070 645
996 501
1778 244
1738 845
1052 783
340 577
1757 306
697 326
1256 24
1366 421
17 338
1296 96
1936 722
332 578
1290 318
279 459
2003 604
46 342
1541 21
546 399
940 326
329 401
2135 908
2083 718
1842 363
1880 618
1792 542
1998 610
900 109
1781 797
208 232
512 643
400 173
350 581
606 278
666 63
867 53
63 524
799 821
1921 669
42 357
1857 913
1337 352
1079 582
256 20
536 74
1611 628
2101 492
292 882
1789 634
595 425
1451 346
1414 693
1574 682
1400 529
1541 276
930 122
362 833
348 898
1132 751
612 190
501 359
152 205
1048 757
1062 655
1292 888
660 877
2017 326
971 244
258 79
483 426
72 626
1825 570
240 210
391 608
1992 683
583 549
624 321
880 18
1604 49
1494 177
1843 65
1971 745
878 847
911 472
1045 206
1485 478
308 852
1571 666
1147 604
1670 645
1513 661
1507 129
1677 769
268 635
1635 543
719 507
989 139
625 91
570 155
995 856
594 512
1719 887
1581 428
106 694
255 36
476 907
1095 161
434 681
368 327
1325 623
29 861
277 468
1699 312
2013 179
638 861
1522 615
657 56
239 68
2112 831
1982 721
1875 366
292 345
1431 618
1231 35
245 4
1786 28
151 305
1097 220
104 230
558 171
642 808
425 56
26 310
1338 282
1530 452
826 107
1860 98
1423 97
2104 724
2147 542
769 512
163 702
1952 37
228 831
1255 634
1144 803
1493 691
11 15
2060 509
1941 329
1686 39
1985 106
1971 208
74 485
1736 570
2161 453
1104 478
1534 291
1866 801
111 259
23 146
210 201
416 306
1832 399
1543 525
724 193
1427 579
54 893
1243 529
348 845
1669 866
1173 699
1608 627
1099 255
424 840
1236 755
2012 222
644 843
872 707
662 897
127 324
1730 472
140 263
1028 725
219 327
164 391
406 153
2104 161
915 296
689 478
1451 764
782 440
1776 66
205 136
1296 661
1428 817
168 217
2100 163
536 384
525 491
1158 138
1245 817
1957 528
523 795
145 391
1227 130
1664 885
1953 759
1691 759
763 669
1005 431
1151 256
1137 92
1037 908
154 332
1236 71
1485 775
368 261
1865 13
1705 549
1405 257
390 279
987 269
904 500
890 602
601 728
288 268
513 615
769 312
2106 75
1715 190
760 492
1221 850
806 379
1200 269
1190 490
2126 700
997 849
1664 80
1462 131
842 157
1526 560
645 811
2040 781
715 52
804 575
2046 303
576 159
378 403
11 875
423 819
1304 339
560 565
1399 842
40 300
633 814
1875 542
1522 683
1332 34
1395 90
1617 920
622 103
1537 668
81 422
599 119
208 234
499 706
1481 278
1837 142
890 39
570 586
162 532
1731 160
27 78
95 478
1201 574
1831 512
2082 94
1986 800
243 312
1213 813
922 112
836 597
1458 617
1582 158
1871 32
2017 86
1677 166
1432 335
759 764
2125 33
564 525
1235 464
1840 803
252 438
709 125
1107 171
759 885
2051 205
726 708
1860 637
831 761
380 71
1214 4
1821 682
1546 477
1527 464
296 602
1323 405
1655 878
1729 864
1020 367
800 135
455 366
964 243
1879 808
1965 811
1175 426
1436 467
1725 341
1964 357
1144 295
530 661
1958 808
122 341
1677 529
827 130
832 208
1332 760
262 846
1189 711
22 110
154 495
789 777
990 767
1009 780
1055 896
1879 111
1388 547
390 213
1929 642
986 15
1503 241
1088 147
78 513
1542 317
1688 142
1335 778
2023 361
705 611
1739 602
672 434
1792 465
1453 16
649 450
1686 712
1295 827
372 852
1836 427
2006 838
435 871
770 861
1797 435
1936 779
998 496
1722 261
1863 8
863 271
1787 656
307 578
1487 889
1996 766
876 506
1192 217
823 91
1279 859
1870 546
5 132
1988 538
348 471
2125 543
1916 140
732 353
2048 259
346 812
1282 268
2022 795
1788 857
597 165
523 179
1204 577
87 817
1064 274
995 174
144 533
1434 221
1861 325
658 525
1437 263
1695 787
1579 841
803 354
863 405
1993 858
1179 641
428 184
1071 290
1673 624
369 772
1678 739
905 523
1643 452
1368 284
79 710
1 790
2093 688
771 708
1366 854
1911 388
875 765
1365 629
283 72
1711 219
1391 803
1026 116
728 193
857 603
1407 747
1313 65
1301 765
1510 350
835 706
1527 290
411 378
2068 119
483 254
818 244
1043 591
1800 570
950 134
99 493
2128 520
1653 227
1027 475
1665 466
438 80
1559 484
612 381
617 496
1011 652
367 550
441 499
1877 12
349 681
264 48
1719 823
959 317
417 34
1578 66
790 508
1234 27
1123 196
1596 608
159 907
1031 607
995 913
74 45
767 497
328 864
194 635
889 379
89 289
94 633
2072 429
580 792
342 920
1583 423
950 510
1963 415
22 649
576 40
438 335
1417 390
1471 855
712 574
1923 198
2052 83
1270 313
1943 850
1583 544
1261 493
177 644
1679 777
286 816
1967 426
2011 432
321 285
49 351
1399 844
486 473
1680 224
40 652
1380 457
2147 370
1123 801
366 593
918 103
730 52
1067 640
1015 450
1491 150
1644 917
1807 386
1151 755
70 423
381 19
2117 319
1432 216
533 827
660 868
1166 245
799 717
1583 799
785 1
941 248
1078 748
894 173
696 188
1339 294
51 800
820 79
1441 692
1631 523
1922 241
838 658
855 73
681 186
488 774
23 445
582 143
1272 361
1934 746
2028 115
1326 597
2005 626
1243 828
1121 313
432 734
1805 716
2006 706
733 618
1914 70
1477 69
436 102
477 103
2125 519
353 562
1948 886
1693 596
1497 721
1491 647
1153 359
640 511
342 854
791 909
340 744
706 84
1759 842
581 318
22 354
190 167
2022 663
1139 87
545 516
1527 842
840 141
1296 155
1676 376
652 90
2156 784
1749 137
1742 134
923 31
1695 776
1345 663
1436 27
2074 543
293 537
461 350
302 771
1866 550
1029 53
1158 692
758 758
452 651
125 293
801 576
584 578
105 55
1874 266
1227 684
2163 140
1400 346
885 920
1900 669
535 807
516 299
366 769
750 237
1360 395
193 23
900 410
1395 389
435 310
173 81
1945 38
389 645
1617 172
1784 349
369 895
1203 340
1249 685
63 825
1326 410
668 410
1461 46
1323 341
516 541
125 656
2164 462
1263 475
1082 400
1576 706
677 351
1969 637
1735 470
676 126
640 203
1887 275
592 657
1156 241
724 318
407 382
219 560
263 603
1784 712
1304 75
73 213
436 36
931 244
605 488
517 375
448 504
35 860
2110 589
267 200
580 431
910 77
540 214
416 444
2150 109
1730 718
825 383
1950 758
2067 111
1824 124
1565 129
1346 728
2144 479
843 144
839 668
1921 178
1348 545
489 555
1079 91
492 560
122 761
423 689
593 383
992 617
1294 430
2027 15
344 810
26 6
614 442
1880 490
247 914
699 220
1846 125
1218 556
1157 546
501 915
97 825
1476 33
1503 661
1692 560
272 799
360 646
160 63
2095 721
940 669
150 284
697 682
1430 38
1877 498
1535 734
2127 380
1029 108
671 400
2016 778
156 708
1560 269
1540 31
2032 493
633 818
428 120
1300 49
140 885
1002 392
897 864
2132 845
1244 154
1079 346
1741 731
25 117
1479 465
1446 288
921 403
1088 580
21 412
673 301
1573 100
1127 508
1905 573
486 246
1267 811
125 469
1589 44
1162 465
1217 172
124 244
65 603
71 125
700 296
1127 400
901 57
1861 853
1145 417
1643 401
2085 517
593 880
21 654
1891 917
1920 386
857 660
815 892
842 766
363 768
1151 60
51 681
1100 14
1416 745
874 425
1402 581
1732 227
937 481
73 147
2012 281
840 585
1005 127
1418 525
1915 577
2039 643
996 307
875 17
1271 771
2106 818
356 620
249 494
230 252
2048 584
1294 122
1497 710
1849 869
603 204
214 163
2113 161
1153 119
7 853
272 370
516 730
712 376
1290 124
1619 299
1610 708
1510 541
1717 53
602 137
24 160
734 256
2114 655
1556 364
1671 351
2139 419
430 784
927 836
2169 69
773 140
668 612
1199 248
1144 312
1598 482
808 326
1140 836
1294 485
1053 130
298 520
1729 184
201 853
1170 449
1491 541
214 526
382 110
1741 423
1872 88
1908 536
1398 434
1181 436
1656 729
2168 352
1461 490
445 287
2055 411
668 36
329 341
819 205
605 919
1164 388
457 526
787 401
465 121
243 8
1502 383
607 699
1106 154
1344 440
411 6
906 214
1104 458
861 471
2132 900
845 463
690 589
184 754
160 131
159 172
921 458
819 447
604 522
733 178
1385 858
1779 260
34 406
1231 391
1139 802
1767 142
248 365
1101 281
2130 194
545 63
46 416
440 306
339 897
1440 686
1383 115
502 366
1701 690
499 68
619 133
1637 153
1582 217
1196 410
962 243
1650 617
1471 120
1016 708
936 227
1445 104
476 471
1923 631
233 484
1262 885
238 599
954 769
940 871
1072 761
984 123
764 645
180 594
768 764
1616 107
1217 361
1216 365
1830 295
1862 513
967 829
291 317
133 374
1599 813
1208 891
812 662
935 769
2105 392
580 541
776 187
1756 881
560 74
887 203
2079 339
463 141
1349 759
394 270
1063 136
1392 311
1970 59
1667 250
175 384
656 657
651 84
535 138
1748 360
1297 424
416 675
1013 665
1502 75
412 152
157 865
518 844
1091 440
2097 635
1197 607
1297 316
1614 666
387 509
1304 211
954 98
143 822
315 111
96 747
452 345
875 448
1054 450
1004 858
1609 672
1375 505
1989 664
1846 127
528 340
459 506
1906 666
49 113
1867 186
655 566
1236 319
2067 476
1290 555
1900 484
35 299
39 189
1472 680
1305 274
1945 900
1478 202
1428 610
1425 864
901 864
1923 323
1583 669
1600 84
1132 733
246 640
865 389
1778 615
121 645
468 689
1552 272
1507 795
1620 443
1537 903
1169 507
558 582
1317 634
2046 551
378 651
433 358
501 233
1506 277
220 479
1983 616
770 357
2019 44
492 120
342 361
818 290
823 405
647 408
256 28
159 590
173 259
1735 635
1504 739
260 672
1842 734
610 233
818 411
787 832
2141 801
526 10
192 659
285 850
935 703
104 546
1262 832
35 675
1724 863
1870 163
1512 455
331 673
914 765
499 257
454 780
1037 835
525 660
1612 514
69 565
1483 814
2116 461
1073 650
1780 17
85 509
503 268
682 499
34 729
2145 640
794 188
1938 576
367 609
1891 464
284 840
2154 874
1101 604
2042 404
397 488
27 689
801 83
957 559
1251 777
676 317
1111 245
981 135
224 681
867 787
516 35
1027 776
650 35
1073 892
1013 612
1866 299
1246 325
1576 200
1125 264
662 274
1593 140
450 391
740 867
540 284
1439 841
1356 318
2038 123
1854 302
1322 441
1905 496
1187 216
1775 652
829 279
1608 246
1916 362
966 513
424 230
1456 377
1246 567
189 592
1675 192
2105 5
1589 906
1298 205
1979 832
1891 719
144 526
1603 23
1059 862
2048 144
2118 617
1078 323
1763 160
276 867
1219 33
1890 201
233 2
2051 829
1774 26
1201 393
1039 331
337 59
741 408
2131 263
746 752
264 483
313 870
1849 550
550 59
761 242
139 195
111 362
474 185
821 229
1337 294
1199 855
643 637
1166 412
1725 147
536 245
1642 112
2151 255
428 419
464 113
846 178
610 167
606 462
181 727
574 658
1083 535
2139 810
1261 807
337 422
2089 400
65 902
1633 800
1251 469
375 835
887 192
1129 479
31 207
1239 122
1101 417
1045 256
1034 363
497 424
772 592
194 386
431 33
276 196
56 681
1613 713
1845 282
2111 172
989 68
1711 467
2073 819
68 102
596 487
205 373
471 492
127 453
980 369
952 536
66 443
645 793
1658 469
1567 839
1699 241
1308 319
2116 758
2116 529
870 93
844 895
1320 595
1530 139
2082 881
1557 13
1159 906
1492 786
1374 13
204 390
1520 67
1530 260
652 28
2010 604
1808 655
1013 909
416 690
154 919
75 397
586 347
553 170
1153 660
1876 789
1585 88
2044 602
304 863
1465 666
2137 12
353 755
413 806
1275 276
2008 127
1798 317
1839 89
1080 37
2145 132
625 396
1590 553
1657 314
1609 566
2099 430
1849 255
715 289
500 401
161 706
587 814
1972 325
1743 502
1729 604
461 409
2018 212
1324 555
185 245
603 758
1607 89
2085 387
1527 96
1636 268
719 825
2150 718
1981 680
243 307
330 232
1427 508
678 649
856 692
2145 266
460 463
455 119
367 235
1346 290
821 176
950 61
1860 282
46 594
2052 452
912 708
1122 289
2082 331
1211 223
707 195
1532 574
1342 413
106 436
1066 249
670 249
694 377
344 264
1629 628
151 852
853 141
746 15
1821 798
1955 798
1595 226
1925 855
1820 344
292 195
1068 416
132 731
1904 688
673 560
478 321
500 80
519 93
240 678
694 848
582 149
1261 178
1729 54
1770 55
1362 755
1940 237
322 195
792 144
630 82
1461 239
910 365
170 326
2076 512
1648 65
1817 517
334 205
1822 366
402 568
947 139
1045 445
308 152
657 40
221 678
2074 65
769 483
1385 486
1624 768
540 394
1945 823
1885 543
1888 289
1484 199
508 856
1815 713
1322 551
1280 554
1827 723
24 635
1975 823
1199 373
1543 146
693 501
1400 97
343 388
1289 266
664 443
213 278
1784 208
1054 857
1594 84
304 810
1070 343
1997 208
467 279
1592 388
2063 10
26 307
210 882
1371 685
273 413
1572 675
791 110
1164 621
1995 549
355 748
914 217
432 177
1860 324
1463 624
2096 79
237 877
879 115
567 523
1673 390
1029 288
588 811
762 698
1395 382
1735 450
2005 82
1752 390
1922 276
617 236
1158 819
691 121
1835 509
417 821
637 824
1411 218
1121 119
1478 393
1574 626
54 890
682 193
365 257
301 767
1154 417
1104 825
1878 219
234 713
807 309
1951 697
1409 414
1254 769
1324 47
1177 522
1182 637
342 889
972 827
1061 347
37 778
1107 234
36 324
707 263
891 838
1192 12
1505 243
2138 910
734 891
300 370
2165 518
1100 194
2068 585
53 907
1437 755
2020 810
672 363
517 260
1282 63
1738 831
1089 422
602 75
1025 895
1957 646
157 856
707 505
27 746
544 743
1598 649
1457 710
1314 661
2079 464
666 854
1310 138
1912 472
1678 305
753 449
2088 405
656 553
448 752
1092 36
629 800
188 798
1074 396
339 472
908 858
908 629
295 631
1026 850
1745 308
2163 67
1846 131
640 814
643 331
789 385
1238 211
362 806
1845 660
439 43
2101 357
1503 896
1897 32
1929 250
1865 494
1914 615
1050 281
554 868
218 653
1324 786
89 539
1570 24
451 632
1376 158
2005 366
186 68
219 16
962 60
1141 291
380 873
158 760
1278 791
1135 217
304 60
2164 618
777 509
1236 794
696 291
1647 513
1554 93
172 779
1500 759
2026 546
340 363
2069 916
1613 636
1740 448
237 127
220 483
1087 297
932 423
192 650
1042 820
806 55
706 871
2024 392
664 874
857 774
1369 397
1842 617
2122 900
1165 109
2006 459
643 707
1720 102
2102 167
913 302
25 365
2141 95
319 317
1922 465
2059 736
1493 59
326 707
148 849
432 379
886 549
1954 390
1720 223
2024 634
384 833
602 238
1146 890
874 431
1989 118
1149 636
2059 857
2010 177
1954 511
1422 650
2100 336
849 788
1852 5
365 446
1103 412
1570 521
815 911
702 482
2015 642
435 855
1530 75
1375 201
327 275
511 621
749 678
1211 709
1464 889
2111 242
89 339
1503 588
185 47
195 277
1747 719
1323 886
978 622
67 213
1376 668
713 324
907 863
1818 720
1547 900
127 873
1935 487
1750 707
1260 614
654 804
1163 910
1221 97
1479 621
1047 735
178 57
2041 132
977 676
760 678
173 881
295 578
1580 151
914 327
1948 318
2121 246
1161 204
445 522
1307 29
995 400
1339 210
981 273
1008 864
1030 394
61 761
9 342
2086 669
754 230
1478 261
528 412
558 520
150 466
2098 908
293 774
1558 900
1718 98
202 777
650 644
699 765
33 712
1748 98
927 400
1942 903
321 590
999 239
2005 434
1747 398
200 71
1796 31
860 346
1075 234
254 536
1393 580
1067 824
1841 447
75 12
141 780
1770 917
170 20
901 239
496 190
224 485
592 652
224 256
1077 172
1758 799
1013 416
732 137
203 547
2118 58
225 77
1085 706
455 539
974 838
1101 650
555 891
797 653
921 719
1438 420
1901 181
1169 3
1897 476
1318 769
1954 458
1582 586
2105 627
1494 702
1050 725
1340 6
963 19
380 378
1136 886
1475 315
272 781
1351 20
1311 887
547 491
1391 358
890 601
631 81
1030 86
892 610
1419 541
698 781
285 346
1693 780
91 517
1756 311
512 510
1114 844
85 702
28 168
1149 838
1653 600
445 456
696 38
137 340
1661 195
954 333
2101 467
26 472
1719 136
91 867
683 513
1746 10
1778 487
1282 549
1741 834
2080 300
579 806
1735 265
563 569
582 582
444 123
1342 41
2160 673
1934 596
487 695
1619 26
641 115
1229 285
783 693
1251 44
731 274
581 744
1617 101
1434 394
50 290
2144 32
418 228
1581 858
2135 212
1579 785
999 173
1540 268
1325 114
1961 32
1462 385
865 395
598 14
551 693
393 521
1238 347
967 527
604 475
755 873
1104 761
111 542
59 123
1241 766
159 475
1007 47
128 896
962 533
487 11
1650 678
1512 448
1509 702
48 378
478 191
1743 869
1929 736
2053 802
1376 294
2091 276
1879 97
425 715
1392 238
1192 887
848 525
1750 333
1862 574
436 207
804 374
2051 446
740 847
69 679
1624 638
22 338
820 318
355 484
252 800
709 487
406 449
277 564
1154 608
794 302
111 797
1093 598
397 373
526 258
714 723
2118 247
587 618
1588 432
1827 714
941 621
741 38
1408 730
465 103
2151 811
1703 126
879 911
2085 191
1422 786
864 724
1227 547
960 203
1268 319
511 865
5 239
1023 488
987 565
819 200
1228 139
127 875
586 406
19 524
1805 379
454 452
1323 901
1073 201
216 809
250 164
2115 312
962 104
678 345
1197 910
1489 789
424 465
1437 370
1676 386
2164 554
1665 907
88 637
427 66
2015 202
239 769
1755 800
817 517
1381 330
2119 30
1551 741
1372 510
1702 910
1509 744
2004 723
772 222
423 68
125 411
199 360
1453 620
1635 331
1659 688
46 532
1376 107
1615 389
1219 389
577 656
2077 154
43 197
1075 115
1309 53
2026 374
92 355
2031 452
978 182
2015 215
922 58
944 571
929 182
703 364
59 299
1432 510
317 594
19 900
499 305
1712 564
1978 683
1026 236
1752 865
888 531
714 415
464 469
371 12
1195 422
614 413
1299 287
1269 344
1238 536
322 12
267 76
1227 118
244 321
712 426
679 249
276 539
1963 388
1178 118
1739 414
176 79
1100 427
1819 114
374 323
1986 291
103 503
1457 701
254 901
409 546
412 26
1943 594
485 541
1632 409
1384 78
1370 180
1846 109
1496 484
1914 243
417 262
2131 766
1358 25
922 663
1577 594
98 630
850 265
1970 296
1163 725
1488 27
1157 422
634 906
780 206
236 42
1005 553
2046 291
1068 838
493 378
1264 255
228 632
2168 402
151 348
54 681
1019 838
1242 92
1503 658
1084 445
1436 79
390 522
1350 564
87 750
436 638
902 145
1492 913
1170 862
2001 790
864 563
280 512
1625 661
1738 272
623 356
584 630
234 517
1860 154
1161 382
247 456
1675 603
1219 323
1587 490
1669 559
1707 262
338 466
1848 386
444 596
56 487
1849 503
1620 680
1986 212
1820 445
1192 876
1938 437
69 547
1626 579
1156 172
663 239
1303 865
90 606
1835 460
1017 242
1191 129
748 54
45 311
157 552
895 481
1162 596
1432 457
1340 868
1491 512
1775 42
32 786
1037 830
90 727
1031 527
649 196
1906 232
2029 568
100 139
1624 748
435 617
1923 815
94 324
508 607
2035 467
2026 684
904 543
1528 407
642 314
2061 870
1008 371
333 727
1367 718
1830 479
123 917
864 363
1815 356
610 483
684 432
1121 433
463 204
344 741
361 156
1008 492
1610 826
1780 483
1290 592
772 666
1372 136
296 148
2010 423
1827 716
1245 297
1968 426
232 163
975 436
540 279
484 384
1273 544
258 566
1433 533
1851 255
753 508
1078 76
2115 301
1652 311
196 856
1175 911
438 618
1131 316
47 467
107 518
1843 552
1887 824
1204 565
1851 147
1111 374
775 388
1157 490
1188 557
1060 557
1067 681
1354 216
822 621
1312 219
118 10
1895 311
18 826
1141 337
961 901
6 183
567 516
735 100
1117 919
817 398
1890 317
1069 619
665 529
1322 799
1229 342
1053 611
893 393
1545 319
2087 373
1471 104
1686 29
1887 19
323 11
1529 82
498 766
1846 661
280 580
674 470
1713 805
830 229
635 219
2013 545
1692 867
1975 145
1712 674
1225 61
2033 500
756 522
305 586
718 1
948 692
199 833
832 251
1785 105
1859 54
119 315
1702 107
2041 741
1724 805
1218 179
342 774
607 25
667 830
1718 465
2117 736
4 486
1380 177
1626 647
643 887
889 125
1013 420
33 140
2073 814
505 364
851 772
1674 287
287 141
302 678
1816 865
457 323
668 772
2154 106
1204 486
1737 757
1666 288
155 372
129 908
1860 827
1789 358
2033 755
56 100
1609 427
24 333
1121 609
6 693
665 329
1955 54
389 431
329 151
862 385
190 221
1279 902
1917 701
1051 257
280 151
1906 771
593 611
1267 555
1338 435
1701 258
732 625
1250 322
1408 679
699 219
1946 291
451 154
1424 660
1891 540
967 155
1275 271
2131 192
1233 799
1929 243
2003 717
776 560
1218 905
1882 656
1664 204
1939 143
372 332
1129 45
839 212
51 654
1018 443
1947 677
985 37
1567 392
507 412
1885 149
1614 100
857 646
20 415
1687 844
2145 261
1981 796
1621 224
946 580
1307 559
333 353
324 533
147 900
2032 734
1187 413
510 171
1244 395
616 826
1219 567
178 600
1678 98
864 110
764 697
142 125
675 359
914 641
972 57
705 467
526 236
880 239
591 136
1825 912
1347 873
885 61
721 596
1712 742
1846 742
1008 360
746 360
407 665
1472 6
71 716
374 488
2096 624
879 660
1124 693
438 365
107 265
263 778
920 553
1460 9
251 431
187 904
1505 425
1221 666
75 205
104 906
1837 871
1522 715
965 309
915 717
65 281
427 862
1638 782
96 799
3 571
75 447
1697 837
621 620
1180 89
304 684
1110 784
991 567
1063 672
125 389
476 912
548 226
1786 20
247 271
500 451
1037 161
1116 454
2041 475
1284 267
926 559
1621 855
1299 841
540 752
755 677
1216 806
2053 714
1712 192
2135 258
1574 487
1868 668
729 395
753 752
228 113
869 146
205 920
1108 162
1798 380
516 287
1751 268
956 559
1259 331
1484 678
1286 205
1052 38
873 561
831 793
1502 732
1538 160
1918 152
173 298
2115 437
191 877
906 334
1193 98
670 57
386 298
979 583
228 126
1859 861
417 816
1361 850
1612 203
512 824
152 252
396 878
1282 742
289 257
2152 332
844 516
1830 281
1835 396
594 304
2164 571
2026 378
708 591
1704 327
1827 397
2143 633
1489 109
1881 633
1829 443
1122 581
387 132
606 701
2152 803
127 437
1334 356
2017 386
695 369
1985 811
909 594
1318 762
205 249
1877 231
344 556
2004 43
1142 536
1871 453
90 905
1774 749
1304 305
1429 485
362 317
1418 592
549 143
2023 406
1288 482
1673 64
217 838
258 610
1075 603
1102 477
563 428
692 313
1198 710
12 325
485 774
1968 591
1995 236
1334 719
797 780
1645 352
1205 605
2039 13
1419 534
1939 829
1001 546
1904 54
1901 308
653 213
200 911
666 152
2053 298
44 105
2074 357
1432 890
330 913
1369 16
374 919
606 30
1172 670
1213 442
949 103
902 257
1936 248
802 844
2037 825
996 858
1476 34
457 809
162 632
1566 193
644 406
561 637
173 3
227 239
1135 91
758 104
914 388
1824 838
891 633
994 88
1414 445
747 396
1003 56
1784 621
562 350
529 173
2029 425
22 76
1326 453
145 412
816 351
1628 266
752 861
1261 738
213 812
2087 551
1952 97
465 538
831 861
1125 813
65 833
528 594
1436 217
2165 97
189 310
953 477
1393 749
937 469
163 65
1620 913
536 539
613 530
1540 395
442 648
805 471
1617 349
969 808
344 490
646 828
1012 131
1700 505
901 529
101 210
1110 639
1072 118
1586 339
1554 572
1457 639
115 495
822 128
1388 768
2157 47
937 832
978 604
1416 49
1173 62
443 482
947 244
1986 350
1802 529
179 372
1249 57
234 79
681 539
626 603
1064 11
1578 232
2043 591
986 357
2103 871
97 747
2056 530
1285 424
1357 529
145 680
1480 599
973 768
329 208
771 324
289 809
1973 882
1255 602
1287 325
743 198
1570 879
2040 828
794 429
1518 194
769 601
345 273
1329 672
314 694
1640 305
1819 307
1521 613
1983 415
142 624
352 168
598 638
2037 651
1431 841
727 725
400 101
1095 397
1874 364
140 699
401 740
289 233
1233 38
293 877
580 153
717 158
2009 710
2160 842
969 379
1541 312
1757 610
875 865
1687 780
106 125
713 803
513 220
179 640
1543 506
578 120
1243 510
783 754
2106 619
1080 223
507 590
1124 266
983 290
2130 424
1285 103
261 534
668 400
2146 139
1251 455
2022 103
166 418
50 472
1213 873
1077 46
2111 37
816 419
556 51
1426 873
1575 444
124 542
1249 917
2034 729
643 878
311 139
495 714
2124 622
1798 866
626 416
1933 273
1496 235
2084 671
372 765
1337 885
927 758
1059 648
1103 691
831 3
794 350
216 373
1207 519
887 312
395 375
1713 125
515 669
386 784
1551 63
917 420
12 85
498 207
1191 659
1177 761
709 427
1397 764
1078 1
1341 869
2055 212
1267 654
2093 238
1504 109
1652 7
1261 122
1132 237
619 618
779 607
760 365
1288 713
536 849
820 379
116 263
2067 451
189 741
10 281
1873 585
1023 186
921 138
293 569
1633 115
1289 305
2115 118
1688 310
1918 772
1739 541
2067 343
713 145
1089 890
363 32
1405 372
1353 182
104 37
1974 529
1265 69
1459 837
755 492
292 502
975 495
2165 770
1805 198
1787 824
40 402
1822 781
586 575
837 157
1809 24
575 682
561 747
568 908
26 359
485 910
273 236
396 572
916 278
38 46
1074 635
420 111
1586 783
704 809
167 870
1918 209
1284 337
153 413
934 224
742 404
439 632
534 640
1451 571
399 186
1450 346
765 243
1406 276
764 809
1618 869
1091 120
1679 556
848 399
1035 225
1981 103
1750 207
1826 754
1265 458
1815 336
2090 275
1204 182
1259 643
1000 123
881 697
2070 333
1318 469
1106 815
2165 570
2132 393
1182 810
174 202
1538 593
466 81
2164 52
1283 303
44 846
641 836
248 87
1633 867
1677 873
940 122
1175 891
1803 231
600 431
2121 806
1356 185
872 72
194 682
601 777
563 256
1308 373
925 83
1216 555
295 441
2136 3
143 47
1098 536
640 853
244 395
610 718
252 219
1434 899
164 106
799 388
1545 178
1454 319
1376 894
254 36
1245 182
99 916
861 448
1200 668
1884 812
1424 827
1675 409
863 265
371 328
629 852
558 154
1294 717
838 208
1008 619
994 721
1673 484
1360 24
424 339
1876 843
449 103
742 96
609 506
301 390
1531 27
1486 779
39 124
312 219
1594 83
1502 723
1841 189
1521 736
2033 130
192 339
1138 446
136 407
692 396
1759 500
1055 569
1490 497
1980 361
1935 618
498 880
1618 682
2051 12
1142 164
849 585
1504 782
1380 746
497 399
855 107
1130 46
2076 190
34 409
1976 511
949 644
1306 393
728 416
217 237
1466 153
2109 488
158 825
1423 685
1189 518
1230 519
1726 457
1987 498
378 10
525 474
425 536
1531 632
1391 100
1341 508
100 187
1580 524
1982 275
1400 822
522 590
2160 52
1375 240
1865 104
414 764
546 129
2043 635
2060 50
246 133
1692 297
1095 78
995 894
575 308
1648 227
459 362
1892 624
1565 229
1157 175
711 317
388 603
794 473
670 666
2055 214
752 247
1491 815
774 265
971 779
537 29
2157 346
1006 773
802 714
1338 428
550 907
1231 73
1432 63
1760 831
1075 728
1909 402
2088 633
2148 418
2082 64
957 857
1915 72
1624 125
1699 713
123 402
202 695
496 913
668 202
651 787
499 918
1476 375
669 575
823 261
718 733
1451 318
1623 839
313 684
321 279
701 271
866 567
1019 846
2087 421
648 344
936 259
919 615
702 92
215 233
1495 896
1361 667
1569 845
1756 671
1432 318
196 341
1571 396
924 814
564 279
608 285
164 308
535 746
703 293
620 295
1478 555
936 272
1722 915
1023 914
674 760
546 760
1155 804
359 870
309 524
1057 683
2122 778
1492 345
470 68
1320 275
2058 204
1796 204
1247 699
1892 437
290 137
18 432
1963 317
1307 686
1127 755
1342 643
1581 171
1999 684
20 663
868 6
2060 105
914 876
1459 410
333 601
314 322
685 235
527 615
1144 520
153 899
1839 816
1864 580
881 820
1564 59
1717 274
310 738
1576 298
423 615
2021 685
1619 641
2061 757
586 498
149 497
410 43
392 898
103 795
1419 472
1479 486
1849 56
240 800
158 438
1789 190
1310 421
523 41
1254 260
1061 885
293 747
274 505
1669 475
476 905
226 205
708 208
498 398
596 906
2010 889
1330 147
1049 622
1843 897
537 447
253 688
1356 550
523 283
1777 543
550 157
1386 429
546 681
1867 473
697 621
2082 132
1323 80
2067 763
594 873
2033 361
1766 542
959 742
384 511
1975 127
1842 537
1162 512
2084 70
74 470
1138 340
1303 673
972 802
1192 805
856 856
1599 900
689 221
333 293
981 743
1714 328
912 872
2161 559
1226 510
1030 635
763 520
534 697
1002 802
708 584
1062 816
790 128
1115 450
1932 443
1359 810
2102 100
751 173
1680 865
902 571
186 135
1806 223
1828 736
928 708
647 466
113 761
1574 856
163 124
1256 695
1593 51
1636 687
1333 649
1291 918
1795 451
174 138
886 832
2080 849
140 490
379 772
1507 169
645 662
1160 61
1468 177
657 901
1595 632
1614 645
1598 637
1952 640
381 444
590 29
2097 506
1954 457
658 429
737 722
1783 804
1984 565
1898 296
192 141
409 664
610 654
725 604
978 784
185 919
311 506
1778 581
1246 720
201 82
982 418
1919 476
865 247
939 196
502 158
727 542
341 735
1981 307
1722 541
1543 310
1689 135
477 515
577 224
12 681
639 321
1653 828
519 633
233 276
2093 605
692 332
1977 659
347 792
1375 739
234 622
1115 371
219 233
912 685
669 698
1844 665
2164 606
204 635
460 332
840 553
1929 251
1373 787
2074 605
1807 490
131 241
2008 251
838 628
475 576
1402 441
1677 380
1968 852
507 528
2112 308
312 289
52 887
1524 323
5 546
893 456
1314 449
1424 92
469 128
424 880
1723 388
858 583
539 574
2030 23
1839 455
343 110
1043 750
941 473
1830 571
1995 150
1649 452
656 462
23 549
1096 468
41 603
233 773
1183 127
759 65
52 203
2025 150
87 426
2055 29
790 546
816 720
544 786
1681 232
1006 817
1529 629
1391 399
1766 276
1044 291
755 188
1334 767
737 548
1511 171
2008 748
1290 468
1675 279
1369 761
637 317
1091 258
1510 885
1744 823
1301 482
454 317
1147 15
1584 541
49 268
1256 187
2116 816
1959 869
1986 706
1117 782
592 143
1078 302
2167 754
1177 15
105 735
1104 439
113 266
2068 896
660 435
1694 426
87 802
785 844
1011 369
1360 28
1112 155
2144 73
1442 555
1946 354
137 515
1293 203
959 852
1528 780
1922 145
1192 565
804 160
1198 316
1272 36
432 288
2157 429
458 691
1839 268
2145 540
875 750
364 534
1024 55
1667 915
1431 150
825 340
1042 863
1523 907
1886 730
521 868
2021 366
1360 620
1434 340
988 748
1401 163
606 454
201 634
60 658
297 342
825 232
1036 681
1213 48
609 873
1113 635
901 227
1159 751
629 293
2062 784
820 238
517 466
1904 612
295 124
632 712
263 586
428 653
777 578
997 810
1299 394
1029 533
471 471
1931 570
1301 174
2064 870
1952 400
1291 920
1270 43
692 66
124 777
986 284
1665 343
278 197
1408 650
1967 156
1829 680
690 141
368 127
1994 518
818 821
799 313
922 649
573 495
2166 221
1486 233
2159 218
65 210
1617 652
474 903
1033 601
647 831
917 426
531 885
1627 293
1651 650
552 678
475 431
134 138
163 610
760 600
1613 250
1076 311
1884 750
1015 72
872 252
827 775
1107 829
2107 529
1757 645
35 51
169 280
1688 545
1352 596
806 837
947 547
534 149
19 457
46 331
1801 607
1350 671
1694 481
265 863
1559 27
1678 887
451 501
79 629
1373 547
1889 841
1302 78
1028 741
467 216
303 458
905 792
1884 884
430 270
1868 610
1728 307
1284 559
1182 319
1094 435
1966 135
920 53
1124 314
1552 266
1288 156
2143 670
491 815
2115 608
1117 45
733 577
184 106
855 45
56 594
1525 513
210 14
660 745
388 286
217 404
1526 334
1242 575
906 397
992 171
1773 736
45 68
821 289
50 412
1013 459
163 60
1560 857
668 690
1633 847
1227 159
1550 812
1056 277
574 8
142 351
428 479
1613 868
465 775
211 895
622 466
489 580
966 10
2035 453
20 775
857 188
160 785
1403 398
1408 476
1513 529
822 352
1942 383
684 418
427 496
141 139
349 842
1250 11
948 878
1065 231
426 244
1458 162
1878 519
1924 864
650 137
1247 127
1013 714
2034 214
984 427
626 719
2098 872
1212 779
2129 222
1055 307
408 496
1418 884
1531 7
190 273
498 389
709 838
900 140
1815 705
896 664
