9183
3322
8051
8626
2589
7069
1246
6936
1728
903
6946
1629
2599
2683
6793
985
2983
1421
5323
7834
3788
5101
5033
6559
9120
7543
4000
6941
8501
7896
7427
2306
8224
4902
3479
1852
2907
3379
4201
8145
201
2550
6211
7706
4937
2975
3452
3903
8974
5919
1342
1285
4552
4084
5670
8024
8472
3190
7885
2652
2545
7630
1878
6291
8449
1149
7749
7937
6287
4746
7622
8089
2798
2255
5748
2232
5807
4768
5057
5916
3034
2894
1676
5788
6358
1168
5564
8763
4244
8995
817
8836
431
2118
3317
9099
1807
4925
7039
115
1697
2849
535
2866
1532
1736
7087
736
4848
8438
8444
2138
7664
2622
1783
948
9048
8962
6326
3374
6346
5228
3156
3585
8877
7412
368
3103
8933
8173
2825
2704
8867
2367
2298
9164
8365
7052
1763
2677
2491
4947
611
5507
8382
3295
873
1333
2593
5888
4603
4259
3615
3607
3974
1943
8354
7232
4277
5726
3294
4162
412
5599
6592
6771
442
7907
1121
4220
1583
3651
7330
17
6264
5806
2486
3136
9003
8033
1200
506
6712
1164
56
28
3383
6696
4505
3800
8827
5707
2265
8915
4961
1889
3518
5923
4931
8842
3700
3355
7712
7947
2638
7061
2891
9089
1873
5723
3986
659
8195
2369
7313
6665
5059
8555
3181
7189
5195
7143
4015
2391
8698
5756
7016
4171
5386
4924
1448
4914
3308
5374
91
1334
3495
6530
7253
8412
6646
4818
4575
485
6129
4303
1533
5868
3320
8290
3874
8105
6634
9096
5881
5071
7516
1387
4561
3703
6816
7640
6654
1659
6383
4011
2870
4801
4010
4127
7413
5597
5606
5588
7718
1742
8984
3885
2686
6371
8192
92
6337
8362
6137
6735
7239
505
3261
4835
2993
3468
9177
5922
7288
8853
5620
5790
9025
8363
2098
5663
4461
1195
1036
6125
4488
7747
8779
3429
1096
6043
2194
1185
1485
1764
4033
759
6128
7174
1765
1192
6537
7468
4170
6367
4455
8026
2127
569
8628
4414
7744
2310
2002
3761
1305
8735
6099
8758
5941
4473
6354
1555
5336
7854
6632
174
2319
344
6425
4787
6242
2564
3089
3635
3852
7848
6031
3351
6389
8600
482
986
637
6252
5246
6307
1967
4462
2786
9110
3170
870
5975
1356
6602
2460
3933
8402
2931
2813
4531
3671
7994
7981
9077
5749
5851
1012
7613
3808
1962
1781
1269
3992
1365
3580
5538
4802
3581
3527
4767
883
1599
5560
7654
4813
3938
1778
2865
5799
6241
5130
8845
7546
9034
565
2922
8453
7968
2863
5713
5879
8765
3332
8015
7649
2608
6868
7392
6855
3525
3699
7211
7321
4441
120
149
8875
5468
3111
7135
4407
4134
7065
6186
8329
7457
661
5793
5012
96
2320
1641
5377
6921
6938
6774
5345
6422
778
8581
5018
432
8783
1857
2318
8624
1061
3253
3851
1761
6224
3821
210
4987
7435
8146
702
2712
2023
5742
3733
7006
3921
7068
2420
3478
820
5032
3467
7933
5494
5393
7136
1240
3672
429
1579
6197
1519
1128
4365
5084
4416
4142
6275
7349
5162
7064
6825
8489
5849
3236
4195
1762
1645
7326
7483
6104
5131
5537
803
6194
1760
1817
6785
8596
8679
6109
5942
1072
5282
8876
2131
1261
7692
919
4579
8421
1717
1905
3052
1598
8194
3954
4834
7234
1977
480
4398
1268
6136
4032
8983
3831
2536
7989
6766
4522
7607
843
8985
6223
4079
5334
8840
1615
3328
5543
1531
7927
3860
5066
9102
2247
6930
1391
5053
1521
8128
2832
1929
3999
410
5856
6847
5254
7302
8873
6681
7626
1325
9158
971
1965
5232
4952
8364
5628
806
1049
4475
1875
8268
7606
238
152
7224
1958
7787
4774
8157
3167
4009
2973
4100
4560
7665
8058
9121
5430
4822
4224
824
4942
3344
3561
4378
2960
7520
2329
832
5106
7601
2354
6033
5700
259
1805
1337
6335
1795
6655
6151
165
8144
9093
2867
3466
8686
1606
2577
1244
7266
3086
8704
1915
7280
2142
4451
8509
1297
5236
4265
1227
3939
833
3867
755
7510
6479
447
5391
2401
5475
1527
8594
739
1510
2651
8862
1324
594
5936
8717
285
8062
1385
1507
5152
4241
5419
3505
8851
6805
97
2487
8383
8711
5388
8872
8715
2141
6116
2042
699
1784
5002
462
586
2362
977
7866
8311
7376
597
8787
6808
4367
7600
6742
748
6258
529
8490
4474
6475
9083
6048
2238
1992
3628
6768
8786
3045
1146
6140
7333
5250
6571
1000
543
6547
4297
3458
6656
2947
4107
3650
6088
6778
5795
1904
2086
3425
4330
5997
129
1898
5634
7536
8448
2735
5303
1556
4026
1897
9114
951
2899
6707
677
3370
942
3809
2039
741
1475
2860
580
5980
5967
3271
8684
1125
3789
4841
8934
8122
5047
1744
7750
4894
612
1520
2277
4014
5667
3991
771
274
88
2637
1757
9060
2765
7331
6915
1876
4888
8996
370
5552
4437
6444
1661
5632
1316
941
5858
2845
5149
8102
8061
7793
3622
7007
6777
954
2674
8305
1696
3083
2130
3697
5746
2400
2348
2180
4135
6909
4210
4166
3687
8267
7181
4445
1703
2302
1862
557
3386
3910
1395
1384
7703
7592
2208
4091
6078
5309
9073
5594
2756
3707
2890
5921
3027
2489
6433
2116
8410
49
382
4915
7273
8666
3878
3275
5050
8215
550
8025
4327
7237
1833
2905
7552
9045
6754
4382
1704
4825
8385
4248
1147
2543
1715
5422
7796
4943
453
5652
7771
681
7086
5593
956
3907
436
1552
7254
3747
4425
5085
4098
3828
5578
3176
5903
6172
7781
2836
3164
8673
7119
1665
2409
2940
5959
875
4503
176
7123
4682
4672
1612
3249
6544
4652
2689
2352
1565
552
7618
8560
3506
7511
3087
283
7539
6293
1258
3389
4542
3313
5000
7666
8281
7399
1
5869
7150
2022
2365
11
3499
491
4939
5385
654
5180
4880
4301
3597
5446
8148
1639
5960
4581
3811
3426
2474
345
5895
8982
4493
54
2189
9137
348
64
5317
1179
6684
1969
3439
6053
7631
3706
5874
3779
9150
8349
7470
3410
2350
2570
2699
724
5462
1584
9043
6189
2851
6085
5061
7058
2104
1644
4255
3947
3023
4313
534
7387
2823
4971
3964
109
2398
8723
8228
3718
288
2668
225
6737
1679
8165
4080
3680
7170
2883
8541
7996
103
1077
118
105
6257
7598
1866
1640
6700
392
1620
6357
1300
5288
6917
6472
8149
5369
5007
5808
8721
8805
8603
1344
5434
4086
6501
7423
2979
1601
4055
2036
4854
1003
1234
3767
682
2323
8690
3486
7059
846
3064
5854
4729
3182
537
1790
7126
8499
3395
7377
5688
1829
1869
7685
3915
203
7129
8254
3248
2281
6570
8275
4410
8513
5438
3975
456
8347
1326
4319
9157
5479
1906
794
5983
2245
735
5202
7752
5964
132
7648
4294
7775
6680
1621
443
7176
6952
5780
1283
6362
5585
8680
6463
4472
4498
170
4492
8350
5166
3139
6802
4692
2770
658
4529
500
9018
4219
599
4400
6390
2855
8328
57
5147
3255
1093
6092
7696
3106
5441
3050
5672
4653
7300
6896
2633
6119
8999
3129
7892
2385
1667
8838
2414
3963
5341
4804
358
847
5477
5319
5584
1148
4521
3526
5390
6910
4476
3909
8727
380
1739
5107
5569
1086
6838
6056
100
3550
2107
6207
5822
1853
700
7565
6203
1561
5244
2054
3937
6373
8506
3619
3173
2876
7393
7400
2990
9065
5348
6081
4120
8253
8432
402
9030
5565
4812
297
7118
4869
4128
5639
4693
910
4901
3239
6020
839
8648
169
3916
1349
3004
5680
6004
1321
2358
8435
8279
7332
6968
7724
2738
2745
4518
1071
4586
3726
7505
4562
6064
2161
2871
5482
8736
3428
8612
8159
8309
7988
7567
3784
3987
2494
3946
2518
1191
3227
1174
3449
7156
418
5722
5542
4697
8882
6953
9133
5015
1030
3016
5740
5774
628
177
5889
8892
6538
2506
6976
703
4209
3254
6671
2784
6411
6386
6442
5255
6631
7841
4816
3415
3980
7477
8333
5168
3657
4430
8580
547
5733
1006
7430
95
2256
2671
1447
2037
9082
8599
3857
1721
365
455
6761
1978
1854
2524
7345
6067
4899
6117
1443
1788
4660
8155
6925
1069
5305
5089
8018
4508
5820
9109
281
7564
5954
5940
3450
8780
7298
2291
1091
6692
894
7005
4756
6286
5905
4185
3307
7966
7194
1871
232
1574
4240
8589
1428
2874
1664
6772
5845
5870
8646
1374
8107
3713
6047
6
6003
6349
4126
8678
617
7339
6221
7379
8213
6504
7941
6580
8669
9119
4809
4676
5691
304
2643
2722
6338
3105
8833
1804
7419
5561
1711
625
7396
3191
1732
8085
3380
6840
8286
7681
1787
284
8756
5981
7875
4485
2214
4060
2424
7191
2737
4041
4699
6913
2528
2679
9076
2623
7883
6729
3388
6746
2815
1214
141
8675
4976
1206
6124
398
4949
8772
7294
4308
6262
3637
5803
4064
2958
181
1070
3617
8815
3041
7728
2459
5214
5568
6320
6878
3436
2218
240
4941
3618
2170
7115
4404
1776
5151
4148
3535
6428
150
7783
4293
1614
2872
3543
183
7825
7205
904
3398
192
1264
6498
764
359
7891
5763
2407
6233
3397
5640
4777
7638
3203
3582
195
3932
5590
2736
9149
2539
7148
8003
1014
2778
6013
2090
676
4165
1025
8640
3132
1483
1633
3839
4745
5738
3592
6174
908
6025
7207
4027
2122
7275
349
4782
1379
3304
1058
20
7230
1842
5210
145
3542
7229
6143
8440
3104
5873
8119
4101
8443
112
4637
4790
5177
7814
2012
4670
4189
6620
1512
1813
8864
6713
7672
6282
4842
5934
7970
7800
8769
2758
5684
6690
8241
1133
998
306
1198
7824
46
2412
3456
4532
6726
5471
7513
2248
8583
5261
7029
3020
9022
4944
7627
8183
3282
7222
7257
3352
6333
6225
9094
1414
267
1290
8041
4366
8567
4954
5867
3334
701
7110
549
5275
334
6073
98
989
575
2970
1994
8217
7428
6724
4733
270
5188
2741
6853
3765
2571
8007
1083
5791
613
8441
841
6615
5029
905
690
885
6296
8623
5433
2331
2779
7717
4052
9037
1303
964
6871
7137
3880
5539
3523
7904
61
9007
577
8874
5299
7363
2498
7581
3497
6590
8714
5213
1877
4204
8207
8134
1081
5285
1411
5455
5226
8792
2664
4669
8098
7209
7522
4251
3780
5394
7358
2607
3950
6552
8701
6399
5643
2468
749
7867
3766
8156
3418
8970
7274
7549
6234
8406
214
6146
6372
8718
6244
6046
3584
6447
5324
4570
2337
3480
5242
4700
8546
6914
7090
7404
3875
9105
7231
2830
4826
2070
5086
1057
5205
6919
1709
831
8424
3796
8848
4357
5957
551
8928
4510
6086
1496
711
7663
2508
6069
211
3476
1850
4916
4163
4108
1413
1973
9069
282
4196
1946
2801
8592
4077
1087
3824
8814
5463
3625
8359
311
8719
7656
6672
3576
8960
2382
1031
1591
4443
6923
1277
1662
7908
7542
4934
3512
7742
360
8482
4311
8932
5075
4233
8961
2370
5527
7709
1585
3098
2809
2340
1933
4317
8163
796
4610
6541
6054
8303
8813
4408
757
8676
6704
1001
2160
7417
8484
4486
5883
1232
3507
7383
7233
1225
7633
7953
9012
1315
5431
1870
4702
8147
945
2782
616
2292
3644
7226
2014
4855
6474
1351
6617
1308
5739
7462
8408
7679
4747
123
4336
3128
668
2426
1895
7216
50
8235
8240
3702
8320
8774
1997
2835
4659
3551
8608
7958
8894
4795
7460
2457
5510
2966
5225
4865
5687
3026
994
2184
196
1243
3040
1211
2862
8896
3276
2496
6667
8909
6297
4866
4930
4526
3195
6183
5321
6419
8667
403
4258
3515
890
8219
1718
8327
8959
3011
4395
2258
2165
8260
5783
3901
4464
7285
4256
8413
2136
3281
3140
2239
7921
9009
3514
4156
3453
4857
3648
2029
6311
6540
9146
6080
280
8843
5108
6644
308
5141
7893
6187
6431
5842
1903
1818
4783
1774
3070
7362
5818
1713
7439
6027
213
5518
2293
2410
2456
3187
4358
8543
2276
5163
3973
7948
2440
3889
5294
5904
4578
3643
6384
4040
6322
7397
1874
3471
4323
1272
7647
953
6492
8115
6002
3633
5023
6178
6493
4149
8534
5363
8631
6424
1327
4017
2019
6955
5971
1646
6876
6414
8226
740
8609
148
3133
3024
1537
5281
7217
5314
7384
4279
7116
6963
2954
859
8493
4528
9040
8005
4551
3396
4605
4675
2752
2692
3547
2153
7832
656
7707
7131
1766
1590
8403
7855
4
5604
3021
4102
7942
1193
3206
526
6931
5056
5035
3840
9087
2581
3566
8582
7441
3679
6762
6408
7318
8808
6360
2856
8803
8072
6038
5022
477
667
3927
3268
1576
8573
4342
4369
6087
3906
7737
6421
2535
4198
6378
8296
6511
2018
8325
4996
721
629
8825
7944
6430
2174
4820
5181
5512
2772
4989
2503
7168
8494
2665
5710
1568
978
8184
6005
6709
2035
2510
8927
7187
8162
257
5711
471
4202
4598
3266
745
4920
6440
8653
8361
2527
4150
3598
3435
5020
4349
1048
243
772
2553
3115
3935
1309
3290
372
6799
6851
6668
2827
1314
8160
4540
5893
5069
3925
8142
1492
8621
4061
7910
6435
784
4074
8161
929
4631
153
2583
5781
8798
3756
1449
5991
1937
6319
4065
6932
5159
8461
7915
4024
2537
6745
6848
5091
3260
3912
4454
4932
227
6022
6301
7964
9098
7267
2395
984
8373
6412
1597
7429
8106
4972
3977
1482
8237
5857
8355
633
3007
2458
2923
8613
3741
6653
1580
790
622
8538
6185
4446
5237
419
6400
2540
4995
8957
2572
770
6245
957
7466
7973
1812
417
3926
7795
6380
992
160
25
5497
5747
3309
9136
1515
1575
1332
1401
697
7687
2205
1144
6699
6597
7322
920
9027
952
1791
6265
1557
5093
134
8883
2875
6695
8893
6111
8826
7076
2912
1153
4238
7615
8976
5591
7778
907
7645
5677
3533
9063
8579
556
6123
5342
8802
2968
7240
179
3530
1265
3051
411
836
4646
457
4994
7411
2151
900
2893
8266
5474
1291
8978
3092
5189
2858
9072
136
1824
538
1140
1023
4716
3663
3813
5248
7662
5872
2234
4647
7368
961
8209
4063
2371
3185
5218
7480
6110
8454
4322
5755
4811
426
5887
8255
2453
5076
7221
8588
7446
8442
6775
8545
3377
4997
519
8639
1055
7931
6402
1980
7975
8699
5650
3244
1945
4582
1624
7938
7559
1386
963
2630
3570
6625
6243
2211
2978
21
7426
1798
8806
7646
8202
2394
5078
1203
3088
3340
1923
2949
7532
6052
3674
3929
906
2274
946
298
7486
5031
7914
7850
8968
3462
5506
7870
3036
1406
5618
1984
6097
7260
7658
6304
1132
450
5335
8409
4590
6138
94
215
2441
2948
3014
6685
7723
2479
3075
3154
7420
8794
1302
2982
5683
8299
6377
3605
7312
1747
5206
8112
6437
8150
303
3166
2051
4050
7502
3196
5794
1405
3312
4726
264
3338
5384
7008
4986
6732
2445
5011
692
5054
6292
5731
8344
2669
1078
5024
4724
891
5258
246
7473
4361
1263
1490
8578
2800
82
666
6638
6068
5332
1245
2009
5555
3292
3833
6596
3178
7097
2450
2084
262
618
1909
2499
4092
1723
7803
1116
4409
4164
1840
973
76
1692
5694
18
5286
110
935
4225
7035
2230
7175
888
5083
4046
3446
2687
6079
8036
4192
379
1867
7769
6830
6989
3822
3437
4232
9015
1460
1221
8539
6577
1771
5607
917
1677
164
1548
7578
2074
7079
4953
2573
8023
1491
3782
1636
5760
75
6718
223
8965
4391
3854
2881
1347
8185
4850
5426
5366
335
6423
8397
4962
5144
2326
5353
6318
9129
3141
1335
8030
5289
254
7702
4296
502
4314
7916
6758
2513
7125
8942
1701
3967
8880
239
444
1748
3049
8182
6797
2531
1463
7481
3200
8404
325
3331
4770
940
6289
1917
2240
8477
6249
5782
8584
8004
6821
4664
3171
1892
3030
3217
3814
6050
3117
6470
9008
2834
4794
2606
508
6416
679
326
7566
7080
6106
4823
8562
2200
4381
6176
8761
3077
7497
7021
6623
74
7040
7978
5104
6409
413
1847
509
6500
5063
2703
4051
2721
3620
5127
4643
1487
6455
5621
3768
416
8757
6209
5658
7192
9169
2452
2264
8295
2470
4375
8945
6152
2290
7740
6543
9144
2688
3150
3496
7310
45
2854
4640
3611
6898
8045
4428
5611
4513
8617
6682
2379
8958
5589
8597
6328
6993
5192
4191
1249
3373
8972
4386
8131
6611
4908
8785
5834
6844
8451
6410
4489
7356
5551
1018
9176
2991
6942
7926
6133
4180
5379
1076
1925
2517
5689
5816
3138
277
7293
4153
7250
6130
6911
5946
9140
4725
5637
2557
6055
9122
2040
7303
3474
9047
2233
1694
3354
4980
7568
8293
8439
3509
7732
6815
7949
4871
8977
6584
6469
7098
5653
5973
5647
7289
1729
8729
2592
4131
8372
5728
3724
619
2115
6040
4828
3319
5351
6542
4352
3336
3329
3934
5982
7154
2621
1259
7526
7557
4917
4312
2163
8527
4668
8929
7145
2693
5174
6962
3662
6583
5128
4062
6212
5048
2627
5296
600
5775
2351
1966
2743
7447
5824
4268
1900
3940
7067
5077
3876
6890
4262
1301
2974
6563
5273
1472
8172
3358
6647
187
7639
6636
1489
1927
7372
7104
7527
874
1117
4909
6801
651
4759
2764
8748
589
8476
5635
253
5185
2095
6535
1777
6907
7204
9016
8386
5558
2134
8964
1835
3691
48
7438
7838
8725
5614
5454
8276
2374
4512
6420
6841
987
2748
2908
4591
6782
5375
1111
5418
6701
3202
7684
1635
2223
5737
9159
8032
5918
1213
862
3172
6259
8231
2417
1578
1034
5909
7309
8351
635
3335
3917
7700
8366
6937
1183
8759
8841
8283
8197
301
2666
2597
5784
3131
8251
8294
6969
5231
2759
560
3058
420
791
8692
4836
6661
3488
4936
1363
8187
4991
1162
9088
4595
5924
2763
4289
1720
6594
1453
4717
5437
9147
6835
231
363
4124
3411
7022
2521
8863
8654
3189
3816
4862
1573
5577
8093
1033
357
7425
5160
1488
3381
5176
3137
7268
5483
2133
3646
2884
5880
3810
3985
191
2191
6347
5906
5504
1212
7416
3017
9052
5036
8297
5322
4686
763
7198
4707
2386
1467
6487
5165
756
3461
3574
7582
2998
7652
4436
9117
5197
6272
6897
3586
1094
427
6736
7048
7193
4421
86
8510
4738
2695
601
7475
930
8726
8828
4197
7786
7344
2455
6947
8576
2253
7093
4229
6331
4663
2270
4744
9058
2383
6148
5501
4565
6940
1989
1950
8941
423
4617
6278
6226
4109
4423
1809
6200
4194
7278
9011
2204
2030
7431
1637
4781
6441
6313
4556
4750
8525
2166
1352
7768
1549
3151
3772
2896
146
5571
2396
2038
5097
4302
8939
3094
5173
6204
7912
6635
893
4799
8242
6294
6018
4137
4419
5674
1836
7791
1188
4911
291
4546
8380
8852
5095
2864
553
7691
1050
2812
7286
6567
7375
2635
8512
1767
7909
2708
864
2655
1960
4788
7155
1435
7569
1825
7798
861
391
3469
5241
8905
7014
121
2799
2605
3728
8511
3350
8463
70
5187
9118
1412
7033
3270
7111
1059
6239
8176
7013
5235
1197
5600
7449
546
8291
4516
1167
5556
107
6141
969
636
7785
1171
6972
3484
5383
1276
2568
5211
2839
7128
5986
8615
5496
3959
138
785
2776
630
7220
3849
6755
3095
2077
3481
8889
3237
723
2626
1184
614
8514
8376
6036
207
6237
5706
3836
2678
696
7671
3501
2105
1455
5513
3346
7864
1119
4504
1710
6780
1047
2824
7726
9051
1953
7215
2837
3301
3278
6009
2064
3063
8898
7954
1981
3721
249
6115
2147
441
5356
5368
8252
5378
6274
7327
2066
5649
880
8014
4450
579
4370
236
8343
3228
5354
6144
6070
6842
6733
990
7680
3490
6154
4817
3477
2378
8521
7188
6351
6065
744
5545
1466
1098
615
8121
5414
2346
4480
5828
6533
4891
3074
1469
2619
5659
8557
7616
4874
799
3246
8504
9106
1345
1486
5958
2031
8861
1755
395
2552
1307
6232
83
8090
1451
1586
8577
2829
3665
5902
133
6633
8057
6122
2903
7471
6637
496
2052
1437
7291
6057
3521
7272
3216
6317
3366
7898
8537
1194
3864
7585
592
7760
5087
193
3951
6738
3210
6512
7548
3859
295
4689
4910
2330
5911
3667
4267
8420
2144
1587
3169
949
3384
4001
640
9086
2771
2598
8924
7256
6922
3661
8710
4642
7153
5343
7282
4827
7049
7265
8042
3212
8232
8528
1688
1831
3033
975
1388
6260
6001
2431
7628
7777
7340
642
128
3751
3174
7225
7817
9170
5766
8988
7354
2128
4121
1505
3904
901
4372
399
1616
4661
5623
7934
2201
5744
5932
6188
1424
4571
5917
7223
5956
8879
7804
2709
558
6206
8595
4022
4305
221
3168
1811
5925
8236
3734
3895
4735
8314
8760
1015
7902
3695
8777
4749
8607
2222
5995
5928
1044
8141
4641
7003
6573
2447
1879
1230
3029
3595
2364
8551
1019
5866
6462
3153
2804
2662
2792
1115
3018
6869
6756
2402
1318
7809
4832
2114
2089
5603
397
5701
6309
2096
3406
6549
5115
7026
8696
3729
6030
6407
8109
1820
1699
1343
5065
1560
8749
1024
6640
1130
4798
3552
6992
5534
3297
2152
6418
5566
6323
4708
4432
5155
8384
5838
8771
3482
3147
1046
5745
5274
8950
4558
1370
947
2729
5070
5662
4736
4490
4449
4753
5140
4864
4018
6783
383
2549
5721
1392
4211
5200
7991
2389
1619
916
2787
2224
3826
6480
3732
6970
4401
1085
5191
5778
5792
4607
7553
2661
6353
1095
5777
4786
5976
4778
3723
7625
4403
8663
1239
4592
7820
2259
6555
8712
175
3209
2167
4497
5693
857
2927
8471
3368
7886
2994
1358
7660
347
5283
7805
3760
779
5307
8770
4814
4173
4873
5996
1266
116
2257
7201
4453
3984
1299
1932
6150
6112
5829
2548
5399
7739
5865
6650
5313
3279
5776
8747
7242
3028
8831
4881
5963
5298
1262
4113
3698
2670
9116
7770
1815
4752
1883
3704
3025
2497
2705
5608
468
2344
2216
6503
5735
6071
6010
5673
1864
8485
206
2172
6966
2649
4020
7667
999
1267
6014
2684
1577
3101
6723
2558
2478
6519
2989
7668
2928
4890
6560
4257
5863
7046
3123
6929
4900
6253
5329
2162
4710
6764
1593
6496
7472
8222
8901
1936
1684
3272
2236
3838
4023
8975
1400
8753
5841
5217
247
3798
3670
1536
5685
4006
1430
4587
4459
878
882
2847
182
3318
7051
899
3777
7860
302
571
844
7060
8906
3961
4460
709
1678
7993
9038
3624
9181
5642
244
5480
3394
6006
8371
2279
881
2926
5304
4797
6016
467
329
5989
5449
2103
8925
5987
4439
3177
9178
7139
2237
6120
2190
7202
4632
7693
5572
6302
732
4634
8650
389
2999
7745
4214
4975
3555
4715
3069
9039
1993
3606
4709
4341
2507
8881
9175
7979
7534
2359
3660
7071
1394
3600
8000
2123
6593
7292
7348
798
5705
1861
7641
1860
30
4354
5704
3639
8418
6298
4151
4846
1564
5158
6973
2706
8210
5939
9041
200
6960
4190
6330
1731
8963
5476
1494
2916
3983
9046
5143
6238
8742
5417
1068
7158
4960
2556
6261
6170
5122
1982
476
72
720
4993
6173
1887
366
2533
6689
8221
7507
6748
4387
3414
4160
5183
1563
7261
8127
1432
4298
6916
4025
47
8807
2555
3265
5315
5453
3300
6719
8847
8368
7806
7485
1461
1961
1529
8917
5290
5204
2332
3962
7503
7714
3369
2411
3413
7028
6965
6356
6600
5657
393
7837
8436
7790
4572
4299
5898
1931
7801
8
2287
8677
510
4496
3460
8948
6114
2644
8234
422
1186
4815
338
1236
3601
2831
5486
974
7200
3341
7057
4645
7765
9075
4843
7911
2850
3957
8336
6997
3540
3440
3061
4928
6626
9050
5129
2164
5835
610
7698
2321
4093
6161
7464
1035
2702
3757
2013
8096
3759
6787
1397
373
1187
6763
566
3862
7490
2582
5136
4523
2953
2335
8632
1108
581
3997
811
2816
3403
6395
4959
708
4694
3565
9143
2710
99
3989
6381
2372
7235
5622
6041
490
5753
3144
7733
1470
9153
5416
889
1706
7836
8856
4457
7721
524
7236
330
3367
4383
7072
8668
810
4157
4269
1408
2682
727
884
1803
3078
6556
867
673
1503
6303
3194
1538
638
3710
3817
5631
4004
7669
2578
2857
5675
1436
8662
405
3742
4793
997
2659
3996
5912
5064
219
5415
5988
4853
1393
2603
5664
7299
140
4868
753
8346
6951
3158
7041
8288
7946
6702
7863
8809
3160
3112
2185
1972
7727
6436
8196
1361
6811
1816
305
5203
7961
8326
8265
7346
3059
5947
2840
4158
7905
5927
3400
4967
5491
3803
8869
7587
6705
5392
8111
6413
5207
8565
2955
8317
5802
6588
2428
5169
4852
4633
3589
5949
1652
3694
4326
1092
7930
6495
353
4390
593
5977
6903
2482
1845
5105
6628
3362
8038
2294
3193
1938
4053
5133
6205
909
7479
2766
492
5554
8129
6866
4885
4340
6250
574
4133
7190
6270
4434
6091
830
3562
3705
2512
4688
3739
3790
5638
1233
4691
4584
5148
8507
8587
8688
4635
6160
1045
898
1608
4347
6820
1793
6743
5212
4604
4656
6669
2102
5984
2634
8949
5519
7689
7589
4021
7185
4739
2749
3417
8854
3647
3510
652
1935
7352
2017
3923
2504
5729
5678
3455
2773
4502
6427
8605
3463
6510
4286
3594
1672
6688
1751
1202
8310
7305
8002
1097
5823
1275
7935
3815
582
5465
3972
3896
5805
6779
4616
7643
2822
3257
1348
1530
5495
3818
1674
6576
8401
1554
3256
5679
8452
968
8750
6967
9138
5265
3532
185
1642
1882
568
6107
2446
511
8437
8374
2614
4824
1918
2628
4318
1480
9154
6601
1082
562
8262
1868
3122
1150
4057
5595
7659
3324
487
2885
1039
8705
2753
7755
4117
8866
5201
6355
6529
2724
4580
6978
4923
2209
167
1686
7523
3491
218
8830
6792
5636
104
686
7813
4324
1328
694
437
3995
2522
289
5269
1416
3420
647
1250
6434
7482
5027
5044
809
655
2924
5301
9111
8138
1647
6697
8935
2892
1851
8034
5026
4396
1404
3277
2171
5209
2316
7264
2026
4644
8544
8001
2053
4090
2242
6177
5661
4844
2436
4619
5080
6457
1756
1027
2451
3376
8356
5619
7906
7042
1680
7408
838
5413
516
4723
2463
6980
8308
7828
8907
3081
6247
5267
2780
2797
3038
1371
7508
5516
2339
5247
2438
3207
1685
7960
1941
3204
1479
2150
5926
671
4679
7157
2811
3716
4094
9162
1005
7252
3330
5461
3785
6722
8865
5208
7011
39
1415
1534
7141
2541
3090
36
7535
7316
1163
1270
5899
993
5843
6864
6578
8890
3208
2631
6659
3669
8054
5943
1228
1251
4998
7081
4754
2898
7884
2914
5972
3602
6164
4673
1199
3627
1949
4589
8467
26
7642
2775
5009
8614
737
6483
8878
1743
8797
8044
7056
6397
9079
4182
7334
7206
1226
7661
6246
7900
8773
6132
8140
3689
8767
6613
6034
6812
8914
4056
7491
5813
7380
4448
5186
2656
1863
4829
6476
7406
2296
4104
6121
53
602
687
4136
375
7403
1725
3629
2697
517
1161
8737
2403
106
9023
6566
6905
8063
8048
6485
782
4495
1426
6516
6660
5654
8206
4143
8395
8857
2135
3834
8186
6288
2997
2785
142
5727
8524
3201
5697
1501
8272
8991
8304
5730
4701
2148
7269
5439
6082
59
8151
7388
8801
1708
6698
2667
1124
409
3988
689
3264
4938
4554
6394
2720
4751
3830
4007
7823
12
7603
428
1841
8278
2880
1592
163
7398
979
4217
2280
7609
6850
8656
3296
1054
8270
822
157
7117
6011
8021
8108
209
4433
6964
3872
7807
1908
2266
8462
7172
6959
24
7956
4849
5761
1378
8651
5243
1571
4045
5352
7053
3423
1398
5686
8473
1888
2278
9168
6858
758
307
6957
5381
8683
286
6108
939
5436
3371
3837
1477
1628
4356
224
4228
3745
9054
4278
2341
131
6790
5014
1930
3243
4282
6528
3213
8674
1607
4440
925
8572
41
2559
9131
1705
1248
7032
1329
4803
853
7533
8598
4926
5249
3022
9059
3110
750
2299
2303
5992
6599
4413
3343
4550
8716
396
1139
8455
6166
4757
4593
814
7152
7629
7767
6523
2965
1839
3233
7812
1785
60
2156
7851
248
8312
5549
2767
5499
7414
8746
4371
570
795
6988
2112
7251
2612
3114
4406
563
8855
2879
7976
7459
3802
6310
5625
8530
9132
3614
7547
8405
8280
4970
7178
8307
6829
7002
6753
3323
2202
8375
7070
3084
3881
5424
2645
4253
4982
5034
1673
7102
7091
9126
4174
4081
13
5769
5484
8177
3843
4506
8425
4337
7037
6708
5616
3010
1924
4223
2716
6464
5759
5295
7845
6369
7776
3519
6401
6145
3046
5724
8400
6199
9035
1681
5464
5990
6279
6569
6854
8039
3711
4940
369
8563
527
7969
4154
8930
1675
2930
752
7998
8338
6198
8659
7325
1107
4310
1849
7887
5408
2444
5117
2579
9156
5752
4501
1376
354
6490
8739
8445
4082
3685
6948
5498
5743
5445
5525
6694
6945
6231
3982
8324
7959
3356
3520
921
6561
5646
6488
7010
4379
3031
3869
9092
8166
4146
865
4388
15
4368
704
4882
5308
3717
4509
5523
9013
1389
4611
1983
7584
2817
6352
8370
6345
2588
8238
4690
1716
7341
8903
3884
1255
3057
8480
5316
4335
5073
1719
8011
3786
4385
8535
3654
2636
7753
8752
4779
8687
7001
1891
7730
7986
7780
6986
9057
7531
1090
4549
314
6179
8540
3221
6327
4602
1693
5787
6235
6059
5175
3638
8938
5164
9061
1509
5
1808
8505
7683
6450
5500
2942
4559
2495
9
3583
1241
3879
8835
895
937
3408
7590
3100
7099
6095
4606
4525
591
765
4207
4412
3273
2471
8713
2079
2377
2271
4761
7177
8691
6557
6415
9014
2728
4912
8136
2895
81
7738
3454
495
1810
341
7323
5427
5526
1495
8616
3357
6604
7036
4106
8168
3288
2227
3152
7338
3979
1516
6548
4721
1844
8399
6513
7673
4527
1355
242
7329
3107
2082
3649
84
2187
4990
3942
4624
1382
7670
7731
688
5017
1497
2544
8844
693
6524
7574
1643
9064
2007
5855
698
4426
5953
5557
4467
1922
8781
3127
6730
4534
8910
5245
3559
6507
6924
8619
4867
2083
6506
6284
7551
1281
3616
590
2461
2859
2534
4860
1118
3557
3590
1041
7094
2490
8069
6958
8936
6686
1051
4325
6438
6977
4705
6515
2768
1666
7045
3871
6865
7550
6691
464
650
2969
23
4628
9130
8079
5311
7591
4200
9042
2740
3613
4141
4175
4622
6127
488
3636
777
5915
1011
2353
5060
5505
6370
340
5860
7852
7055
3587
8171
5041
1322
7605
8204
8564
3882
68
754
4875
184
7599
1296
6944
3365
4719
4035
5401
8170
2757
800
4614
8700
5362
8561
5809
7577
9020
2988
7284
1654
6598
8508
4780
7357
3230
8077
8124
2828
8637
7974
2336
2373
27
3473
915
7593
6364
7604
3993
367
336
6448
4252
5885
9004
6895
3856
7612
8997
324
4316
2001
4206
1545
5758
4555
7759
6641
8681
8500
2681
3676
4069
5234
3591
5382
1528
1218
1056
5970
6471
6182
1670
8247
1141
361
8269
5567
1013
5878
4247
5330
1914
8428
1476
1295
6810
1821
6991
1987
4205
8743
6461
3226
3121
7694
294
6912
3659
7967
6167
2249
4471
6884
6451
2069
6891
3229
4847
5190
7440
7799
6499
3065
3508
6666
6643
8955
7878
469
1364
8503
2915
8035
245
8745
751
5395
2041
5641
639
5485
5116
787
2269
7009
7088
7458
8491
520
6015
1843
388
8549
51
572
346
4377
3750
7922
1558
6000
3247
5253
3891
8391
8799
230
3655
6153
1792
8220
4031
2421
6550
4956
2642
914
4657
2311
5708
3487
6063
7496
2789
3863
3108
5067
6813
2067
5423
4625
3003
8012
8944
1402
5376
7488
6083
1589
8450
7997
9080
926
1963
4345
1165
1319
2094
2711
7103
5126
7632
7434
2886
2806
1063
8388
3727
6536
7078
7442
3752
377
5450
4167
7054
7619
2268
5962
3664
5583
5178
7802
5801
250
8060
2676
2315
1380
669
1038
486
856
7218
1359
7445
2049
2025
3640
37
6629
896
9005
5665
2803
2760
8398
6429
5079
7729
2286
1458
6147
2005
7167
7343
3199
5651
5699
8082
2604
3588
8118
626
5717
8273
309
2415
2380
6739
3135
5547
4138
2254
8556
216
3504
7238
7034
2243
3575
4681
6216
9125
3848
7213
3099
2433
8274
4730
8330
1444
5111
3303
8256
2610
707
2003
6990
1498
7461
3572
6870
4271
3539
3887
3914
2808
738
3359
1726
2594
4351
2492
6084
6616
6445
143
1539
1219
2158
8585
7545
816
7736
3764
5876
7560
2943
4984
2707
3186
4280
5215
8367
7789
1369
4479
2250
1222
3709
5810
4905
3888
6497
1749
6715
8137
8050
1204
2673
2546
6314
4270
7868
1109
5406
2198
8790
5720
8200
2869
4922
2317
7701
6459
1312
9095
886
7248
7597
454
1278
1540
5999
6518
8464
310
3483
7571
7757
156
1827
6393
2795
178
4500
7100
3943
7386
321
1952
684
8179
8043
4178
1508
2882
332
1084
7437
4618
1782
7762
5511
394
8973
2657
1052
8046
8316
8606
1282
7127
7134
525
4879
2342
2186
2405
8469
5398
5859
8040
7089
6344
414
2941
8008
479
3537
4819
1881
3438
3969
6058
789
7163
8922
8189
8104
7402
3944
7101
1625
8738
62
608
3339
4713
3175
2126
2937
1129
489
7075
1446
1284
3735
2092
4898
2338
2680
773
6526
4568
8248
3293
5028
5861
1287
7024
850
4577
4734
328
2580
5459
2416
7066
440
3157
573
4687
3250
415
9123
269
5360
6744
3345
6376
3549
6727
715
55
7876
8569
2033
8734
6881
9066
6285
3924
4538
6026
6832
5372
927
2210
5240
337
1934
2375
6618
7410
2658
7880
4978
4530
6325
8426
1630
1433
4838
8647
208
6609
2900
5306
2602
8323
5350
7453
9134
8080
5624
4666
8387
675
7258
6749
4650
9103
620
7637
7788
1740
3402
1524
3432
4629
4245
2814
1738
1611
7819
8644
52
8954
1357
4034
1921
1205
6673
7371
4877
8474
8028
3748
7877
8992
7847
9026
3404
1366
7315
14
1431
6614
6093
7085
7720
1223
2328
609
4087
2285
2143
2343
7509
4110
719
805
7122
6612
6263
5090
863
7537
2081
7690
3970
1062
7540
1375
1707
7415
2561
4348
237
22
982
1089
2231
3783
8916
8068
7913
7092
7301
2750
6456
5448
3677
3421
4623
6798
5985
7030
3913
4945
4085
3919
3120
2390
80
8169
5198
5291
4339
4444
7360
6100
6676
355
9029
7270
2179
3498
7917
5610
4727
8926
7297
465
8570
6213
7614
1504
2004
5233
1320
4334
5732
2057
7277
5736
1553
3232
5592
5008
3165
2562
5629
5444
4840
4411
6587
1581
4519
3892
6819
8009
1216
1104
1135
3348
5605
1346
7418
1040
6872
2751
4331
879
3877
5950
8339
3971
1939
2368
3211
3472
1154
4919
352
287
8244
2509
228
5224
2877
3091
2197
8199
1407
1360
3387
4806
3470
273
5072
3571
4376
8065
3610
6096
5196
6361
147
3311
1004
2584
868
1959
4295
7570
522
911
1632
6834
1002
33
5432
8178
3956
2929
8895
6817
6156
1837
4360
2443
5194
3183
4076
2713
315
3002
7138
3599
2137
1968
578
5627
2219
3608
5396
5367
4287
4111
4044
5877
7575
662
5952
7530
400
7027
8348
319
3072
9091
2251
840
712
2267
8766
3658
2663
90
4397
2957
2484
8358
643
4951
7972
6867
2848
7920
3448
7595
5284
5961
4655
5359
7899
8664
5914
1759
2193
2289
5998
5559
2034
5531
8552
3978
4172
2698
3922
6630
788
7715
4743
3769
4648
528
6971
8529
3719
6553
1649
797
7164
2565
8059
8694
3544
8800
2523
8031
7529
5937
5695
5514
6155
634
1631
665
1209
3382
8706
6807
8227
2563
1971
3068
1741
7165
5435
5365
1254
8456
6683
5199
2921
1658
6981
4343
2933
1196
4442
845
8937
3952
3604
2554
1060
2015
155
8407
6568
8110
1080
3039
4188
5411
3688
6760
6998
4105
5910
2475
8601
1750
8341
7818
1502
1037
6482
4791
4235
4863
2432
6795
5272
4903
6215
2100
7678
3517
1253
6324
7108
3431
8271
7869
4740
8258
2918
5535
4977
3792
3536
6875
1423
5371
631
6751
381
1292
172
2977
2312
4484
606
4796
7328
2826
6505
7713
7655
8981
5532
8246
7184
5045
3827
3503
7405
2061
8353
4547
6873
3805
2449
4042
4458
4373
1158
1377
7774
4913
3412
9074
3222
6295
6387
8214
7521
3545
950
2182
2206
6385
5387
7210
3770
8132
5882
5544
3593
7455
3285
8264
5222
16
892
2625
5442
5833
2769
837
1687
2000
7050
4129
351
3464
6341
1957
3900
6796
1551
8744
4772
1330
9032
2043
2727
6837
9173
5068
4895
8709
1920
1066
823
7212
130
7873
7173
7489
1074
3787
3936
6901
8475
327
4118
7865
5844
87
8707
2313
1456
5146
8414
6846
1600
7734
4677
3197
2473
6859
44
4469
5098
5318
4078
7120
1902
333
1650
9163
9001
6975
8818
9128
4140
252
7722
6622
5978
1768
1604
8821
4576
1338
7895
2215
6693
2944
1286
852
5839
6823
8074
5930
7359
180
923
4893
1452
5469
7515
3998
8322
7112
1858
3287
5602
4948
2853
2984
705
3865
5456
3847
5230
4072
5920
2203
8470
6740
872
2301
7487
7822
1986
6572
4320
8822
4292
166
966
6860
8369
2423
1951
275
5457
8198
793
2157
2783
4615
1294
8292
1026
2145
540
481
1956
6217
79
8205
7179
3416
4231
1543
5716
1517
3082
8087
7160
2505
1112
5219
5006
6467
5361
8257
2480
2660
8782
2071
2413
1368
2646
598
1550
3218
555
9179
4169
2392
5897
3143
1955
7142
4374
531
7901
604
4845
5907
1010
988
3125
7562
2273
1457
8379
6277
2791
6679
3749
9062
3475
2762
8900
1789
2356
1442
2747
842
5172
7389
6281
7889
8638
7999
2596
222
8423
1991
3558
356
3392
3529
7853
3708
343
6836
730
1913
1420
8834
7699
1655
3736
4125
6879
6826
435
1525
6522
4466
2325
6741
761
955
887
6894
8263
1067
603
9068
8897
7017
8488
6192
2493
512
7561
5598
2300
7890
3623
6752
2538
4704
8622
3603
6818
6191
8655
4161
5993
3019
1698
5837
567
7957
1169
1445
3085
65
5931
3263
5966
7366
5357
1546
7811
8175
2842
4983
6072
938
5660
1910
503
5049
5811
4792
5409
849
122
3430
5750
3116
521
523
7342
8334
4066
407
8886
5489
5826
5862
6267
6839
5344
6276
3958
8430
2154
1123
645
1242
4963
8152
2333
3990
7015
2427
7500
3274
8868
6169
2072
339
518
2032
1682
9172
7881
3930
3738
8070
2902
4465
6677
7465
2159
6165
8029
3945
9171
2297
8027
3701
4306
5528
6856
2939
8352
4965
5580
1890
4520
9090
1106
3134
5046
5852
7018
8434
9155
6849
5541
8188
931
8392
9113
7276
2060
3899
8871
7506
3180
322
1156
5327
3886
188
2099
4569
5529
4732
7751
3008
714
4859
530
8084
7382
7925
6406
5132
5260
5364
1172
3577
3725
5668
4212
5827
5520
8457
4452
9078
7962
7180
7861
8101
1691
4089
8055
8100
7082
2263
2261
8203
3773
7166
8099
4638
371
8139
5630
7594
8593
5102
7827
4037
1622
6382
8116
8703
3953
4667
7556
9097
6256
9055
4612
7821
390
3422
4226
8092
350
7833
3184
2972
3444
3391
1855
1122
1247
5257
8190
7493
6008
8754
2467
1418
6581
3858
7517
1170
4030
9100
8649
2183
8849
7432
8076
5974
8642
4999
854
268
5171
3493
4285
2725
6546
4748
7337
7653
624
664
1626
4810
2967
4535
8022
3126
8167
3441
5082
4957
4447
2964
1306
472
1880
7856
5944
1976
7320
4276
7608
3252
4557
6157
2488
706
4541
8285
2560
6906
3054
5601
3564
8671
995
4981
6266
7498
6579
4511
3465
7695
8523
8741
8661
5440
976
2462
4417
8789
6731
4435
2106
959
4159
4499
114
7576
7169
1832
5052
8496
8969
6366
713
4904
7130
3513
7335
1894
2754
8302
5718
8795
4304
387
8931
3378
4608
3424
762
5968
3579
7965
1410
6193
9115
2838
8884
912
731
292
835
5819
2387
3306
6514
5831
1138
1801
4039
4260
3459
8389
6024
7903
1999
89
1403
318
5800
3743
3071
2176
1101
8315
2016
3284
452
3109
4630
2117
7525
4775
7495
4889
2308
725
364
2149
1438
3062
1806
4674
9148
1859
3898
1702
9053
4600
2129
6558
5656
1399
494
5533
1427
6484
6904
8465
1700
7422
5347
934
2805
2008
8249
6806
2861
2732
760
73
5251
2050
1175
7324
8006
3326
1948
7936
6334
5221
7311
8282
1088
7144
6426
1651
3219
7401
5848
475
6158
1142
1462
7263
7244
1683
8049
4654
3778
9010
587
5139
5134
9085
918
374
6918
2516
7369
9142
3842
125
1159
804
4524
4181
6769
897
6460
1954
6725
5458
6586
4906
1471
3994
2733
3762
4974
2807
7319
3774
1289
6675
173
4275
5832
8071
3793
6077
1217
588
4139
2821
8762
9071
2304
6446
2502
1178
4145
6075
3908
66
5615
4068
6703
6687
5412
8850
8559
3801
1099
8720
6877
7579
7004
4049
2059
7365
1021
3485
716
3162
3500
4545
7650
8517
2950
7385
3690
2576
3314
5751
6090
6466
3630
7353
32
2229
1511
8558
3225
6168
3890
3573
4639
2146
5890
4737
1260
4958
5135
4309
7928
8819
4671
1481
8778
5768
5536
5227
1311
2995
4985
4494
3845
7984
6060
6765
6454
5762
7686
7467
8953
3744
965
171
3820
1911
7840
1656
8390
478
7306
819
6943
5278
922
8986
8047
3145
8153
8498
4071
2726
7784
5617
983
746
743
7
5268
8239
474
6163
8126
6874
7351
583
2956
3652
1273
2093
1008
991
3043
2794
6403
3642
5772
5039
1176
1872
40
5570
4019
8625
3224
7756
8670
8095
6332
2981
5110
6900
5004
6103
1690
8431
6350
2566
7945
3692
1105
6315
1137
6949
2027
1899
3656
1617
6343
2275
5150
6767
1362
1886
6974
2477
7674
7243
1143
2006
7826
1155
3797
4029
9021
4005
5182
7596
8952
6651
4116
8083
4718
8708
2097
6131
5010
5741
1944
1569
212
2819
7147
8811
4215
108
3269
1224
6113
972
4187
7859
8611
4573
2730
2653
5428
670
7792
3163
1730
1075
4627
3686
7208
1173
8913
7849
6035
1317
807
1493
7538
2980
6863
1814
4601
4992
7573
6939
2192
69
8921
4208
2465
6062
9108
7772
3093
6809
5488
1926
5609
7433
4123
8904
4119
8458
7083
2755
1648
4613
5574
4714
3931
235
1780
4307
6800
2058
8571
498
3148
7031
792
1383
4964
3280
8345
251
4876
3960
4344
7151
1210
7918
2244
3771
3445
4184
9006
458
5901
5473
828
3385
5765
2793
6933
3096
7109
2901
3205
1500
1177
1786
5358
7499
3489
1566
2284
8575
4177
2744
8829
3
585
726
265
4703
4764
2307
6227
7588
5719
3861
312
5114
430
2650
5216
4800
3102
6066
6987
6269
4321
7249
7444
1623
7644
6180
8590
7214
1182
2868
2349
386
3791
4203
2936
9104
1618
7857
8946
2177
5276
8793
6473
3353
3360
2615
866
3678
1567
2047
4728
7281
6139
4338
3079
67
8086
7963
7047
967
733
5088
3048
6828
8427
5767
1846
6624
256
2327
3981
2195
1274
8261
6076
4115
3621
162
1160
8181
539
4418
3873
8016
2591
7676
1865
944
4808
6218
1830
3918
2719
1100
2586
2818
7611
7133
226
7748
6102
1422
7262
3347
2742
5709
8574
2020
451
5051
6021
6251
5252
2435
7741
924
1419
461
7494
5522
6049
8791
4273
4649
501
8554
554
1215
1208
2422
2011
499
4075
7518
2225
6950
6648
3283
6494
6893
3037
7132
8201
691
3494
5277
7758
960
769
1350
5671
5264
2620
1459
3310
6776
8114
4392
2781
775
4399
4621
5407
5714
6574
2140
2425
981
6645
8627
4950
6039
3781
5582
7355
8641
5815
5184
4384
2045
2904
6804
9031
4665
5259
6621
8730
515
4350
605
5581
1722
8487
4013
8075
8689
8553
8566
261
6996
6222
8067
9124
1657
3055
3928
6525
6135
5193
4929
316
7074
2087
1257
6773
1120
5120
2213
5400
2305
1559
3905
3375
5124
8902
4483
829
4711
536
8337
4563
7617
424
1151
3342
5154
4332
7255
2746
5460
596
3241
1237
8908
4872
5003
710
1823
6652
6788
8550
5410
8788
2
6714
2843
6171
2985
2946
3682
5900
5119
8824
4272
595
5310
2987
1828
2690
6734
323
4288
5573
5515
1669
5530
9161
1542
2055
2617
5373
4680
6308
1280
3149
9017
7121
5125
7279
445
8740
421
821
3799
7347
6368
4315
2777
6564
9019
3966
2889
5871
2048
6770
5493
8812
913
5481
6228
1454
6721
8923
5397
5443
7839
272
2587
5681
2567
1499
4249
4016
1190
2173
4706
7923
6827
5472
2906
8796
4250
2418
6321
8466
198
7478
5043
151
4059
1103
5055
1928
5001
5402
7504
1474
2723
6674
7528
6892
1007
6477
8447
8989
5016
35
747
3155
3305
1848
4837
8233
7373
7025
5550
3492
768
5451
5302
8298
2235
4114
8306
3443
3720
4722
7932
7501
7761
5692
1478
8429
34
729
2532
1256
4585
1220
8912
6398
3119
1465
8531
2500
1367
9139
4507
2355
1381
7073
1523
2846
3097
9036
8768
406
877
5948
4968
9056
2404
4765
6342
7020
6920
8951
3758
4927
5030
7456
434
5814
4789
5908
7043
6954
8548
6230
2961
7842
5142
4456
3941
2217
2654
4236
7955
3681
299
5161
4517
4821
7677
871
317
4742
8481
1893
7378
190
514
5587
8610
5326
5913
8618
3866
5013
7350
7711
6306
6658
2734
8010
7808
4088
7370
6042
5270
6861
1514
3612
8643
513
4851
6983
9167
2085
5521
5025
6229
8378
2897
4290
7463
4830
8993
6585
6300
8568
4685
2080
2888
4548
4130
1429
2971
3044
8229
7106
5280
9166
1417
2091
8212
3179
266
6162
4470
5153
3159
2101
4988
7307
5553
2917
8516
3722
5896
5596
7095
8784
8495
2810
4028
1770
197
6575
4239
5338
8846
6582
4636
6979
2464
8020
3316
818
2913
5487
8672
159
4246
5420
9141
7476
1425
928
2485
932
1884
2196
2272
8321
8658
1396
4760
4047
470
6509
6961
3409
6299
8859
541
7197
7295
378
1336
4514
38
621
2466
1029
8377
3124
6045
1535
8920
4112
5467
808
3298
8526
8459
4684
1310
8533
9174
8652
6290
1032
5509
5955
233
641
6994
449
3337
6852
1737
4431
2111
6985
9145
296
6196
7241
6814
2322
1996
1506
1896
5109
5293
6784
2125
2472
7675
3794
5612
1340
5238
1754
7992
8056
4199
8125
2996
7062
7773
7361
683
4402
5038
4012
646
85
1053
7651
7763
4002
3755
734
3327
8259
559
8064
6545
2526
7492
4067
6606
3235
5340
5789
6706
6591
3267
4008
6044
1157
3844
2959
6532
7381
1127
6639
9101
1802
8483
980
4946
2314
2448
4083
384
8218
5292
2360
848
271
5220
8340
1304
8994
8636
5425
2124
3806
3401
6899
8536
5579
5346
2731
8660
7735
1970
8396
4230
8331
4662
3730
7484
3333
5785
8094
8956
2551
869
113
5331
4415
4887
5773
446
996
4179
6716
3427
6882
2469
2613
4353
4058
2246
4218
4678
6833
6759
3684
194
1596
463
2852
632
1207
144
6589
813
3214
300
448
7171
962
8728
9180
229
6453
5239
8695
3005
2951
2530
2515
4147
484
3596
2454
2629
3015
5167
8547
4491
6028
5633
4394
8478
7697
6822
5503
6452
6984
2361
7541
5092
6037
2388
7829
8208
1372
8990
6757
1826
802
2986
2241
2188
161
5156
2911
8586
8123
4264
189
1288
1947
6803
9165
1838
7754
4596
776
7623
7395
3006
8277
7000
8419
4261
3076
1102
8604
6789
4553
6268
3560
3433
3569
6717
1912
4284
5770
8519
5320
7443
1017
2714
7474
78
1166
4533
7044
3286
8775
3534
7879
6603
7952
8919
1940
1916
6159
2938
2324
1799
2691
7985
7710
8013
2844
7872
3753
3578
1126
6208
2439
5786
6605
117
1595
7924
1990
1113
8918
6374
3192
6747
4095
4036
7624
3447
3361
8284
1834
2910
2574
4979
3804
2934
124
1009
3712
5576
695
6404
4427
8360
6305
7844
4856
2696
1979
4599
4478
6280
4038
3231
362
6520
827
5229
5112
6126
126
4362
3118
3631
1114
459
7140
3626
2919
5676
4861
3012
6781
6934
7271
1110
2282
8381
4973
4720
8755
7374
8180
1610
2595
6608
6220
8117
7390
2601
6007
855
2068
135
4234
8053
5040
2132
7519
7716
1022
8823
8313
2408
7939
2221
7719
3291
7424
781
4132
1440
3393
8591
970
2283
5118
1409
5389
1942
2501
1271
7063
3516
4886
1907
1695
9024
7195
9070
3066
2992
2525
4651
9002
6375
101
2547
5297
3740
466
3673
8415
404
2252
4281
3737
3645
4389
8837
6791
3349
2437
4921
1231
7782
8657
5478
93
4099
5840
2715
3763
6728
9044
5100
6831
7705
313
439
6210
9152
4539
5812
3146
2641
2514
263
8479
6508
3047
6982
2399
3372
3920
8078
6184
561
4731
7391
7982
8888
5490
2381
5103
3242
8446
1796
1603
5886
4283
8113
4588
186
8300
8287
8017
5655
6105
7888
5562
5821
3850
8216
2121
2833
3855
4878
7199
6214
7943
3407
31
5404
241
8602
2073
5019
4300
6489
2393
1181
2430
4564
9107
6887
1919
2108
2021
2624
2481
2376
6491
1964
3538
3675
4266
8685
77
6845
5648
3234
7987
7815
5524
4858
4122
1733
9033
205
4574
7764
2028
4897
4594
1331
7012
7409
5698
7554
8620
2226
1339
5644
6019
5586
8073
4227
9135
4243
7304
5929
497
6908
2616
5945
7364
8394
6439
6649
2519
5123
3853
6316
7287
8037
7816
933
1653
3812
460
6392
5005
1797
4696
3825
5725
1885
4567
8250
936
6339
4870
320
6619
7882
425
6711
5170
3715
5405
2056
8979
1298
8751
8332
2976
8947
4892
5094
8318
5850
8697
6240
6786
1544
564
8858
5137
1724
4438
2511
6255
2088
8417
6181
4481
6219
4003
6956
2120
3363
2345
8486
7830
6094
4807
1353
1434
1065
6283
1634
3546
2175
2672
4784
4771
2609
2169
7983
473
5548
3567
8731
685
2761
1613
8193
9160
4193
5696
1522
8097
7977
6405
4152
8135
3554
8971
3502
4216
6017
5979
3215
3641
5223
6029
1734
6359
680
8629
8335
3948
8633
2384
5466
9084
8130
7810
102
2796
2212
1775
7524
4176
5113
10
8980
2600
3819
4274
6201
1079
6134
6539
584
8634
4597
4935
7635
8816
5797
507
5138
5349
3548
7580
342
6527
6551
8887
8502
6149
3113
8460
5933
672
7182
3556
6051
7874
8143
4883
4380
3870
825
260
6663
8776
5575
4355
3258
3563
7196
43
6202
4515
8230
2078
3968
1819
5563
7421
1235
2701
5804
858
3541
7450
5645
6710
3419
7394
3835
2802
6101
483
3053
6531
722
545
2632
627
7610
6363
3693
119
6023
3528
5884
3666
5081
6336
2618
401
493
7336
1043
7454
5817
278
29
8987
2932
5300
3220
4933
234
2529
2288
3238
5951
6468
5339
7023
2685
7247
290
2207
4254
3302
6886
4468
4048
3823
6098
8468
6443
6927
2220
1464
4755
58
4833
3911
6432
3653
4186
4969
812
8518
4487
4393
3553
1985
5370
1562
504
7219
851
3776
7105
5798
2181
7149
5266
2483
2397
2334
7980
5935
5712
3056
1526
3949
2790
1714
7995
786
4831
783
7114
1390
3080
1134
6534
7862
7846
7228
3289
2062
1354
5703
5613
717
815
2569
6995
3325
8245
958
8804
7407
7469
3731
5754
6670
7084
2119
4839
2963
5825
6889
5892
3262
678
4698
660
8319
2110
2520
2590
4609
2648
7682
8088
5287
1152
7245
4422
648
385
6662
548
9000
9127
2647
1484
3142
6329
6486
3009
7940
331
6089
5355
4364
3746
1073
204
8211
7583
1064
2694
6880
4097
1513
5121
2962
3632
7317
9182
5096
3696
9081
3060
6935
139
4955
3795
4346
1594
4805
1689
4884
4766
6061
663
1773
7688
8154
7871
7448
4155
7919
4477
623
6388
199
4237
5263
8911
1779
542
1042
5279
2168
2429
5042
3188
8191
7743
7766
6928
3883
1028
3223
6627
767
6794
3668
2347
5262
742
8052
3775
4363
5021
7259
8522
1627
7162
7367
8630
5145
3807
2075
3634
8542
6517
2010
1450
2434
7283
2925
5864
728
6521
2841
1313
801
6565
7555
3841
8635
6999
7725
657
8665
1473
7246
7186
6481
9067
7779
576
6379
4620
5058
8724
6554
1572
3130
154
4424
3321
7146
2024
9183
2366
3976
6348
1518
2406
276
5447
2363
4429
3451
7314
7038
5157
7897
2262
3524
1746
3829
8899
6248
1373
1293
71
6595
1541
4463
2675
2442
8870
6271
4043
5337
7544
42
8081
7296
1772
8645
8810
6902
1131
6843
7636
2063
4896
2739
1745
8832
1735
3955
4144
3198
8520
4769
7894
5771
5492
5690
1663
3568
8133
1180
2178
433
1995
8940
532
544
6236
8839
5328
1145
826
3032
3457
2260
5715
8174
6610
1769
780
3522
2639
1252
7107
63
5853
7602
5796
8722
8422
7929
2640
2065
5764
834
533
255
3035
1671
4918
3067
5403
1136
2920
8223
3299
1439
674
5333
1856
6885
8693
1441
1668
7704
4073
4405
158
2909
2044
5847
5546
7514
279
3846
4583
19
4168
4070
7563
5965
8411
3609
3161
4695
6883
2113
6478
3531
6750
7990
5037
3001
2076
3259
8702
5779
217
1582
1901
6502
7124
4763
3832
6074
5734
376
6391
9112
1229
1570
766
7159
3390
8158
1323
5271
7708
7451
2611
293
5517
2155
5179
6607
2952
4222
438
1752
8357
3714
6862
4536
3013
2109
7794
8817
4712
5508
1974
6458
6273
8943
718
5074
6888
2718
8433
1822
4096
258
4626
5891
8497
202
5669
8091
6195
6720
5938
8998
2873
4213
3893
3245
3754
8164
5312
4183
7586
5452
6824
4785
7831
6142
6465
7183
3434
5666
5626
8019
127
7096
1727
6449
3399
1468
2700
7436
4054
8967
7512
3042
5682
7621
6254
2945
6175
4762
7858
8066
6657
1660
7161
4773
7558
3683
7634
7835
8732
4907
5846
4758
7746
8860
3405
168
8342
408
4741
644
4328
2046
8733
2419
220
6012
6417
6340
4420
7308
8682
2476
1609
876
3897
1712
6562
6190
4776
8885
5256
4263
1753
8243
4221
7951
5062
8120
1794
5836
2139
3073
6032
7657
1016
4329
4482
2774
6118
8515
7203
1602
3965
943
3000
5894
8820
8393
8532
4544
8225
8492
6664
1988
4291
9049
1020
5540
8966
3894
4658
8289
3251
1998
607
8103
7843
5502
3511
9151
3364
7077
2585
5830
2788
7797
3315
5429
7113
4333
5757
7019
1189
4242
5875
7620
2575
2887
7950
7452
3868
1758
1279
6365
774
8891
5994
6396
4359
7572
2295
1800
1638
649
1605
1975
7227
137
4543
8764
8416
3240
6678
5470
6926
2228
5702
6642
2717
2357
2820
1341
8301
6312
5421
1547
1238
5380
1588
2878
6857
3902
4683
7971
2935
4537
653
4566
860
4966
2199
3442
1201
9028
5969
2542
4103
2309
7290
5099
111
902
5325
