-2.443779 -0.979656
6.747708 5.320086
4.819214 8.350536
9.815182 -0.491275
-3.258785 -0.179191
5.227444 1.677344
6.361953 5.126255
10.286304 3.663054
-0.617631 -4.086627
3.752278 1.309809
5.119049 9.386592
-0.020405 -4.254967
10.460509 3.564327
10.244378 -0.359918
4.905689 8.466650
4.997400 9.120680
-3.618089 -0.787114
9.856506 -0.120579
10.234071 -0.644594
9.734476 -0.087224
10.344922 3.070366
4.525149 9.217582
4.419089 1.727097
1.640054 5.706318
5.357509 9.715518
-3.552610 9.507252
-3.326024 -0.921115
4.481397 -1.873176
4.800099 8.528673
-3.148160 -1.092688
0.003403 -3.810451
3.816348 -2.007005
4.879171 9.199597
10.376798 3.485204
4.441869 1.637362
9.684682 0.325416
9.616575 -0.346705
1.970635 5.636888
9.851580 3.739934
-3.650279 9.680903
-2.913385 9.691115
4.128373 -2.281073
9.788973 3.410691
-3.311476 0.022263
2.158601 6.144742
6.892594 4.483569
9.346441 -0.090717
5.658517 9.886156
5.253160 2.054196
4.449557 8.378641
-3.536717 -0.201010
4.201192 -1.372974
3.785191 1.808068
10.205269 3.953981
4.846113 -1.709585
10.023962 -0.487780
9.804430 0.197771
1.881328 5.097046
-3.742439 9.749149
-3.645207 9.948290
-3.366092 -1.468194
2.120925 5.717894
4.585113 -1.593229
10.295262 3.765569
9.760173 3.780662
4.642114 1.465364
1.589703 5.359636
9.736936 -0.686332
7.057814 5.251831
4.086680 2.359638
2.232418 5.254938
4.843820 8.595100
7.121204 4.785373
4.974177 1.998936
4.570278 8.612861
2.221329 5.128004
9.733020 -0.992888
-3.606369 -0.230693
10.047837 3.732480
-3.525458 9.816203
9.587056 -0.567772
9.922579 -0.586049
7.183276 5.225482
0.537901 -4.253192
1.007578 6.297366
10.290668 2.698533
5.235870 9.347234
4.729098 -2.530138
-3.256866 9.223354
-3.256027 -0.889077
-3.383306 -0.062464
-2.963824 -1.205144
5.059048 -1.995259
-3.460341 9.175941
4.914862 9.722853
-2.670328 -0.097967
10.346120 3.815819
4.663371 8.943270
10.633271 4.191875
5.980519 6.195222
4.197009 -1.849647
-4.132582 9.195090
-3.635924 9.854394
-3.577248 -0.927348
4.906703 8.851818
5.764297 9.143472
1.002575 5.832998
1.411045 5.890668
4.733219 2.402459
5.934087 5.252582
9.745594 3.784653
4.332387 1.631415
4.203416 1.492828
4.768877 9.084578
-3.567748 -0.161896
-2.823139 -0.943567
5.153938 8.773471
3.960373 1.747102
6.464954 5.276043
4.490991 1.744693
1.403010 6.120360
4.023361 -1.239099
-0.558472 -4.025081
4.481877 9.523622
4.339831 1.388853
-3.200878 0.048589
5.416461 9.652777
4.392330 8.988467
-3.269079 -0.259318
-3.037743 8.972505
4.414592 1.095122
-2.913302 9.238728
2.415804 5.992574
4.167764 -1.561130
-3.419117 10.246592
4.691892 1.546593
9.278513 0.073737
-0.661172 -4.418195
10.192046 3.833057
-0.309581 -3.803300
2.018146 6.203155
4.371241 -1.154499
2.336324 5.762259
10.556538 3.455583
-3.886726 10.457940
-3.455627 9.507907
-2.892680 -0.308703
2.795451 5.810707
6.454205 4.731732
4.070539 -1.532366
9.584020 -0.515794
4.280588 -2.300814
6.999796 4.445170
5.147752 8.781479
-3.335678 10.138094
6.046531 4.549305
4.088335 9.151965
10.083371 3.530720
6.434477 5.000842
5.113619 8.976869
2.027482 5.765617
-4.062721 -0.685719
9.586996 -0.056513
-3.450330 -1.114434
-3.077670 -0.227781
7.038836 5.099317
6.679520 5.022547
10.167142 -0.734126
6.681120 5.167532
9.253458 -0.936814
5.037472 -1.788772
5.128354 9.423728
1.935146 5.868121
10.190250 -0.472984
4.376998 1.703112
9.965594 -0.958243
10.611757 -0.309261
9.955144 2.879103
10.011189 3.666018
10.256225 3.482848
6.311226 4.986761
1.791797 6.546031
-3.054183 9.765823
-3.053213 -0.411864
0.387889 -3.553939
9.810514 -0.237802
-2.660459 10.404946
6.100446 5.390765
-3.635808 9.608608
9.914419 3.153444
10.183161 2.883353
9.548814 0.374172
6.752372 5.000850
-2.960991 -0.487533
-2.907440 10.761012
3.961771 -2.558331
-0.301412 -4.650199
0.496198 -3.248580
4.278095 9.422766
6.609010 5.290961
9.389893 4.062957
9.317834 -0.394633
-3.417083 -1.349063
-3.177077 9.832660
-2.898152 9.044166
4.855437 2.041757
9.557460 -0.624613
10.151511 4.014885
4.661176 9.095505
4.438966 -1.969006
9.701982 -0.467776
4.929998 8.430756
4.561245 -1.294730
1.420572 5.565986
2.083045 6.769253
9.952961 -0.676017
3.935529 -1.723080
4.717098 9.555667
4.892287 1.373893
5.203554 9.222762
4.831538 8.270662
5.839594 4.899880
-0.319736 -3.006249
4.875865 -1.826352
9.962442 4.176103
-3.397890 0.288180
10.302501 -0.556280
5.962646 4.749403
-3.647203 9.482680
9.514010 0.194331
4.696763 -1.668847
-3.546148 -0.368726
5.116734 1.214908
1.507726 5.561470
4.467596 1.159652
4.865158 8.866541
7.361305 4.332706
4.902290 1.159880
10.118980 3.845309
-3.269389 0.261892
4.501591 -1.766048
4.627716 -2.167668
4.567561 9.477151
10.144719 3.356098
10.892136 3.738735
-4.052041 9.783349
5.190262 1.792075
6.397941 4.892276
2.269133 6.269039
-3.245653 10.143804
9.212462 -0.883258
4.359207 1.288816
3.860797 2.099763
9.850719 3.696743
9.825937 -0.032197
9.466980 -0.550029
-3.678568 9.843478
4.996503 1.829215
0.215462 -3.756889
3.887478 -1.683864
-3.742937 9.823748
-2.725769 -0.344729
5.566464 8.759667
-2.864283 0.038045
-3.438995 -0.944841
4.862733 8.710220
5.178870 2.127583
10.381245 -0.171503
6.613857 5.684863
-3.873354 -0.440403
4.440826 9.145251
9.820619 0.237082
10.592397 3.712025
2.060951 5.063046
-3.129735 -0.422963
-3.072236 9.303560
4.101097 8.850224
4.444752 -1.419187
-2.734016 0.000192
-3.655692 -0.493478
-3.745957 -0.743446
7.513580 5.247803
10.424937 4.037108
1.472457 5.244929
5.070129 9.641372
2.278047 6.028162
4.252584 -2.624446
6.228619 5.341788
-3.275586 9.404895
4.962491 9.479508
5.340469 8.761288
5.219814 8.856594
-3.069176 10.080361
4.728990 0.928668
1.862967 6.619414
-3.655903 -0.552059
-4.004758 9.723918
1.984591 6.794296
0.070703 -3.703829
0.133275 -4.613628
-2.820567 -0.910214
4.577243 1.143096
9.879832 3.893722
4.713375 1.739495
5.297458 1.892306
9.715431 -0.252698
1.914210 6.033652
1.309345 4.984672
3.960473 1.629707
6.415600 4.986595
-2.537042 -0.823607
4.061574 1.946808
-3.352053 -0.019550
10.048964 3.334465
-3.313208 8.856956
4.313522 1.431016
1.650063 5.447731
-3.785121 -0.244743
5.164811 9.239908
4.633592 1.633048
1.461333 6.240046
4.054295 -1.664907
4.228391 1.525526
-0.602938 -4.165395
9.525246 -1.017577
10.107817 3.226886
4.724711 1.733223
3.903769 1.324582
9.337176 -0.312178
6.053670 5.256911
-3.839570 9.771554
9.471074 4.013589
4.358387 8.601093
-3.398757 -0.956606
-3.260858 -0.231316
1.529620 5.837882
7.417993 5.091965
9.624136 -0.370127
6.110156 5.463245
1.672104 6.013854
-0.587121 -3.494150
5.143174 8.448902
-1.080520 -3.444294
1.450908 5.452253
7.234098 5.071681
1.713466 5.828919
-4.121770 -0.712320
-3.346983 -0.567753
9.766235 -0.197062
3.682328 -1.733874
1.874635 5.939949
-0.461015 -3.925155
-2.595074 -0.050824
-0.257269 -3.727294
1.727898 5.761822
-3.183729 9.162042
-3.245893 -0.249448
9.506700 -0.286628
4.275905 9.027092
5.546713 9.271924
-3.817157 -0.843506
9.912085 0.189790
6.990018 4.821807
10.034188 3.533139
9.452871 -0.468949
-2.716424 9.409731
-3.742801 -1.519989
-4.152214 9.924100
-2.684632 9.840698
5.061530 9.597171
9.767717 -1.143335
4.305608 1.938914
9.639048 -0.702615
7.196081 4.940795
10.132930 2.922391
6.909921 5.231637
-2.800909 -0.814313
9.785111 -0.712013
7.259318 5.038791
-2.663647 9.575499
-0.207569 -4.172670
9.863663 -0.106453
9.828122 0.363510
3.733031 -2.051034
-2.582461 0.300141
0.256425 -4.189829
6.593283 5.134799
9.764347 -0.104344
-3.300687 10.143008
1.910523 5.780169
-3.568213 10.289481
9.689357 3.750910
6.693211 4.554455
5.355445 9.674912
9.410645 -0.066117
0.281226 -3.872348
-4.136484 9.798664
4.921205 -2.054594
4.827415 2.309053
10.652123 2.939648
4.164630 -2.221493
6.822761 5.149529
-3.709696 9.880833
-3.654992 9.931531
9.967045 -0.117183
-3.198520 -1.165045
10.184227 -0.199628
1.555231 5.916652
10.059777 -0.676275
-0.472850 -4.535556
4.919422 -1.736729
4.730207 1.386249
0.512991 -4.326403
5.522248 9.002207
5.517093 8.377161
0.002103 -3.387868
0.154402 -3.900292
-0.203182 -3.583049
6.495915 5.551329
4.876006 -1.684162
4.614455 9.232490
7.176425 5.373300
-3.455938 -0.465861
3.602113 -1.429189
9.304498 -0.370195
-4.126144 9.799506
4.103661 1.359728
4.083841 -2.256169
9.361490 -0.242558
-3.369242 -0.593684
10.489127 3.098527
-2.970809 -0.142351
1.783335 6.282330
10.395974 4.071373
-3.154528 9.624119
-3.156355 10.489809
-3.789369 -0.599729
-3.071572 9.986684
4.904514 1.052083
4.550429 -1.890093
-4.043244 9.805018
-3.436189 10.019363
-3.489257 9.885415
3.702616 -1.219233
4.280266 -2.275010
4.961618 9.015951
-3.413479 -0.534229
4.549855 -1.849993
-3.378440 -0.714982
5.011875 9.177019
5.111457 9.113297
-4.208968 9.607367
-3.768716 9.965885
4.825427 1.902384
-0.142070 -4.178805
1.896155 5.315886
9.776451 0.178694
4.086285 -1.768708
3.963029 -2.277134
-0.048701 -3.589885
4.212857 1.992672
1.792445 6.712967
2.230964 5.932512
9.779041 -1.177288
4.746383 9.807826
5.046842 10.000207
7.169957 5.117762
10.106948 4.102874
-3.875217 10.087097
1.965847 6.434016
10.632818 3.897057
-3.477388 -0.036633
-0.143060 -4.039472
5.015233 8.198962
-0.020287 -3.272453
9.448856 -0.283644
-3.716320 9.798325
6.813133 4.418783
4.828840 1.316967
-2.745121 -1.155748
-3.378547 -0.859826
9.651400 -0.103165
9.612800 -0.666777
7.320947 4.945271
6.180339 5.296960
-3.463105 9.861265
-0.145174 -4.307763
-2.801608 10.427457
7.373300 5.028904
-0.322801 -3.668983
6.073238 5.427222
9.633262 -0.137527
6.163221 4.691815
4.840913 9.116906
4.481638 -1.192769
4.201339 -1.423060
5.329736 9.035814
10.169211 3.587838
3.635634 -2.350749
4.888824 -2.530296
-0.396992 -3.339435
6.813264 4.963118
6.691117 5.131715
4.929045 1.899971
5.101645 -2.170176
9.175974 -0.653762
