
151 - 658 -18988
152 - 
153 - 5012 8
154 - 3316 5
155 - 3317 8125
156 - 9 24
157 - 3 8104
158 -
159 - 140 17031
160 - 300 115022
161 - 1971 14539
162 - 164 -8686
163 - 126 15701 
164 - 153 19285
165 - 119 -7213
166 - 832 460
167 - 2827 33191
168 - 55 -11299
169 - 445 9738
170 - 8649 97979
171 - 31 1081

172 - 6681 23686

173 - 247 5706
174 - 502 1305
175 - 388 9727
176 - 1018 3914566
177 - 9009 10
178 - 
179 - 13 1287
180 - 43 9653
181 - 1627 10769

182 - 8515 126
183 - 74452 12
184 - 38 163
185 - 16 159
186 - 1 40
187 - 16 305

188 -
189 - 118 41
190 - 9 63
191 - 5 57
192 - 54 138
193 - 39 1773
194 - 14 2309
195 - 
196 -
197 - 130 108

198 -
199 -
200 -

