-159.16174933353332 -116.56705804004238
-161.43645044295408 -122.36136407044798
-162.28546747616323 -123.71522087470339
-161.18645840252321 -126.20333821078748
-168.8145535393863 -121.85984677140681
-160.40987754655737 -122.20021407032083
-163.52518313753316 -131.90867917776995
-160.52621474099047 -130.70119998108746
-161.01134404507843 -124.44214370945859
-156.5767765627041 -117.27667874398412
-161.16093052726004 -125.33195625346592
-160.2171583743576 -120.19857636209254
-159.80562248702938 -130.2074770563895
-161.6690337554475 -131.86218038147274
-167.60433903012574 -124.84513358904063
-158.21055706367798 -122.4047827727626
-153.79315212884214 -121.70349855981208
-161.59143361536184 -125.5816935350221
-156.7975475423624 -124.44860814834828
-161.5449504533113 -122.29830172320774
-164.9169963958387 -125.88373787345063
-167.7003076856742 -120.77866697778573
-161.19257116279556 -123.4511040104051
-166.8437529439892 -119.2994456738832
-156.92748923581678 -124.56532197131187
-164.17838632386278 -129.75015242619753
-159.650956043354 -123.68759250400936
-154.11629135667084 -127.14581843706489
-156.71083167435287 -125.10034101450563
-159.81201524190507 -121.14492803506981
-157.90264823766776 -127.05778237244277
-159.33706989534738 -127.7059048220845
-160.89465989735652 -118.92189639449713
-159.19639740452777 -120.1688973283261
-166.76713749882964 -123.59423716557964
-160.63900484593583 -123.17130709135014
-161.811732109447 -124.40460512660967
-157.10426129624346 -122.24230161909747
-165.57214834380784 -125.26761450854522
-154.8199738836966 -123.20506147576309
-157.0901586107719 -125.56930446977141
-159.68834080968395 -124.48872049201294
-159.47668744752667 -127.4566119770349
-161.63445715336687 -124.41076725949291
-159.5565040184546 -126.28090960728609
-160.97543262941264 -128.9668308902152
-162.03604287746094 -127.82058381292137
-165.96122895940834 -129.24172197776923
-162.27641647785373 -124.07921042033068
-160.27204575869877 -122.87569035186348
-162.37773825078432 -125.43764422706012
-154.5367548123376 -127.35457253498143
-167.07505308425365 -124.95279148366035
-166.67296231260985 -129.84802747717444
-159.47824870751222 -120.71359654840853
-159.8594222321638 -127.03220924365547
-159.64725077295085 -126.45692714874501
-162.51091074089013 -127.35568819950213
-157.79570267557673 -119.33151998612287
-160.2874491390743 -124.621200598736
-162.63057679678445 -122.02795125147472
-162.30830470630826 -127.52334245940192
-156.33171710774315 -118.09715115897268
-161.19463203675085 -117.25074474539532
-161.21791594309033 -126.65152562169538
-155.94738334417272 -123.23655287451712
-164.52954030627362 -126.90461546796294
-164.43844368945793 -123.88414599988526
-162.29043443592704 -124.03479433643514
-163.1003878064804 -120.9606646747221
-158.493482405195 -123.54286158860327
-153.0965720516855 -121.81454394482883
-165.941163963492 -127.30611634266799
-160.95882040128905 -132.31625878533927
-161.83368131710222 -121.82401714408581
-153.3114519828998 -125.97576813853561
-161.90934907300894 -122.5163588859388
-169.7453360583755 -125.7366176004837
-160.95503211031541 -125.35265877860415
-167.28813810629669 -121.25192683935086
-156.53871778222475 -126.18534499242946
-163.69068876952448 -127.44486534909278
-153.87195087195482 -122.25732827515742
-161.18257920475344 -125.08087429699881
-159.3170717322978 -121.19180369273727
-168.00582937287612 -130.4276746124148
-163.20816997473332 -130.2636108065442
-161.7267162445474 -131.59638356315762
-163.76004138908667 -125.16296879457761
-159.24582326990145 -125.33050112012513
-160.58771498138384 -124.82101321877272
-157.12617082810462 -128.18893520167754
-158.70962851106705 -123.59154751565407
-169.1298727554038 -128.3274519144196
-160.27114230245942 -127.01381611780333
-167.65327972560434 -122.14298628172072
-160.7936920994584 -129.54036397169676
-166.63786564513123 -124.40370888965155
-156.78823874686557 -120.21255076712309
-161.41252090160467 -124.19787399772544
-166.06249799282966 -126.01772372232482
-160.26085605399535 -122.42964949080897
-158.6384875336367 -129.04009315053807
-154.25105257572943 -122.76021454322111
-163.55531296358342 -116.5692869318688
-159.7507103317967 -124.57031323732427
-159.95783771007532 -125.94396718430062
-157.57708190591032 -132.6977276835698
-156.20774256031032 -123.6985607211837
-162.70134528992276 -124.41085364155508
-161.73483783146372 -124.72051530378398
-167.44544951138622 -120.72823351421295
-155.85026947710185 -126.47840961427784
-162.68153383545183 -130.07920336696475
-163.37111955244487 -124.59890485396005
-165.23494033264737 -123.74680155998723
-154.42653857512622 -119.588942264225
-159.35684071637345 -121.72858044525003
-160.2241942286527 -129.96685865287046
-161.3731552476938 -125.79790251215216
-156.7900541501559 -131.41068110455288
-158.02222964069372 -116.76918169476932
-164.74007227402913 -118.77271334863593
-161.13780297395516 -124.80695141452775
-156.51642636158223 -122.09602189669404
-160.95019270124862 -125.12480577496122
-161.4347940228551 -131.44432796413005
-157.21534855447757 -121.55638096680741
-155.97010483620215 -121.76605736743487
-164.9085968566539 -120.05959758446318
-160.47488902180464 -124.53916771869325
-157.00261576176118 -120.48464919006433
-167.82543147386147 -124.98270237846253
-161.11334742241402 -118.31383082732859
-160.93504241572793 -125.63564862176658
-160.92043291001184 -125.44697669067452
-161.88138098422422 -124.23232847280785
-166.53423484915356 -127.10924618249824
-153.94501953039565 -126.39036388604987
-164.14734757569235 -117.9012725445007
-159.79325765785103 -123.01569221350304
-164.5355481054999 -123.55971781019264
-159.51741319676367 -124.80621545547503
-165.09961297678313 -132.38531445167592
-164.74061325175094 -126.1962657742636
-156.66095690084174 -132.1102606511868
-163.34877524507095 -121.4089859102936
-161.13483377471496 -124.198222211232
-161.1898216202491 -127.0196464271201
-153.60719639500675 -122.66615926898761
-165.34455554415948 -132.6526967153953
-161.19415991159846 -125.91141443083126
-165.16100942325872 -130.80368626458002
-160.13961087514966 -126.23246932315901
-160.99230729177978 -127.28998393586733
-162.7835487568106 -124.83822527024091
-160.78221170748222 -125.19611788738209
-159.32641994208427 -119.98826749872651
-156.3145231135204 -124.71450976619873
-157.54947353067925 -124.43228771437228
-161.3508450208976 -126.13434139265159
-161.1962880691044 -124.73128674652509
-163.42755410281535 -126.57139486391515
-157.5023873409466 -117.62918137362762
-160.96203537993316 -123.13901402736032
-162.59734472255596 -131.48005575799053
-161.87510006215084 -128.24674681338317
-157.9977022036581 -124.81571421252261
-157.51837858057112 -126.59122583797894
-166.17621299962585 -129.65782210931613
-152.46392575180047 -124.67119338461976
-163.42658298178026 -131.06306154092198
-162.9453431851122 -128.37030067101728
-166.63570799264477 -125.75381425012215
-156.636639671152 -129.2132047141885
-158.07230609747043 -124.67800620984198
-161.49955100312673 -117.75198323516334
-160.91471109152204 -119.83507327006579
-160.8241893614604 -126.1941759047482
-160.1925499544281 -118.92159923036995
-155.75830690291394 -123.3843016022582
-167.7680399181654 -119.5155772036673
-164.41165666477517 -129.64598960135234
-166.55374645877637 -117.90115445745714
-161.15730028208847 -124.61915284237848
-159.33065747217796 -118.27531379356
-156.7555304276636 -127.26696494393545
-167.64213201032013 -128.6397041277065
-160.97134327163585 -124.81514310980847
-160.3877962578057 -124.97197817199573
-160.7388512960465 -132.30840313338717
-167.16500843021953 -118.54638163501104
-152.70840818505258 -127.70122239205766
-160.05839166621104 -125.94164365490658
-161.67315995940777 -125.5157491435987
-164.58472271529536 -117.96123181272344
-158.87255717758026 -120.13764550205896
-166.73127800351548 -121.32877170649456
-160.1248730348509 -126.62025145057727
-162.9768850142892 -131.72527233475583
-163.7950534412203 -129.88300527211837
-156.35962829574206 -130.42161880966012
-160.53493933445102 -123.7364066050526
-167.2255763580839 -119.20649880035035
-166.7802902379281 -117.91341084402966
-166.60776703510584 -129.54248484040633
-159.85904408339843 -123.65736711477778
-165.58005437230625 -121.81450278146393
-165.31235749069438 -125.22192561100731
-159.98484948151543 -122.37262989119226
-160.37749861520035 -119.16627117674983
-161.98753733714912 -124.27101391039596
-164.84926971455084 -124.11320180397564
-159.33309489213664 -119.83938393602303
-164.82948931481113 -124.85258747665969
-164.8647829818429 -126.79233956640337
-167.57660682777808 -119.14579557908772
-163.60290113988748 -130.22904018075803
-169.64162537923403 -126.31755661812488
-160.65648574433277 -123.43480748739432
-162.161693919289 -125.40080388025378
-159.21611815490226 -128.01606198044618
-160.63546727272657 -124.57340847134084
-161.4815656794508 -126.73822641926759
-168.92751307821095 -125.29606824377535
-161.5629277555608 -124.53118758168901
-162.680989249739 -116.8930117429938
-163.16774307171576 -126.88156530969533
-164.30107019610594 -127.79930449988967
-163.55263413982195 -124.02734302322078
-165.64811899412442 -125.57283832785072
-164.54433106605416 -118.51589583916326
-160.08058078260996 -126.13234344781591
-162.05594050967107 -125.22669044794111
-162.43265213804622 -127.90471612611587
-168.1905781162821 -119.61053823102274
-155.6013154662756 -125.11449442285128
-161.98300329547973 -125.89036165879052
-162.9627698854601 -123.54490943968877
-162.14536790794358 -129.94777842878926
-157.9439681832199 -119.79063244998639
-159.92593828031497 -125.16302452092496
-156.74703122336652 -131.91972777806595
-168.78376236704582 -128.86909408719845
-160.5932458792447 -123.42341553890405
-160.92644750514128 -116.27298764966118
-158.9323304392082 -121.21780933953987
-168.66609580052915 -125.51498304889338
-158.9609949980012 -117.37217821632277
-163.01630942004675 -132.9357814167381
-166.52428876593166 -125.67126674209187
-167.78241501342058 -128.31983708590096
-157.28315985400073 -118.83608030821637
-162.3092143972201 -124.82673250342262
-153.224383465478 -125.23239133940041
-155.65255810891912 -128.1726443216026
-164.7549487026228 -129.9490289658006
-163.10927024747562 -116.11412277485631
-164.55183486924696 -118.63143023107992
-157.55304873247223 -121.92352325406685
-166.3370310901381 -129.54284966437194
-162.93052107255144 -125.14990697803243
-160.8303003463972 -127.11879288925506
-157.51110261142946 -129.2927656726016
-156.27220040465696 -127.22114508356464
-160.14511028665066 -122.93798046419322
-159.02591457689775 -130.29785155443415
-152.6199015168413 -122.96701168085241
-161.27438616734347 -124.75968258856743
-165.93563278777134 -124.8448721320065
-157.71761336577106 -123.54997595440265
-162.99245138814112 -125.45237621276802
-159.19685245769722 -122.45944730756446
-165.72714556315347 -122.87613180813277
-156.2576367330768 -128.22996690934562
-166.83235627178826 -125.08807627129286
-159.58565529556705 -131.33277756392647
-163.13834406728972 -126.50069267621147
-156.37954587044214 -128.79725399335018
-165.29120027435707 -129.07293681946172
-162.23317943563225 -124.81956463338881
-164.45894485009111 -119.45715914384749
-168.5467231470217 -121.72950973509671
-163.44749080470896 -122.99339026754743
-161.13539671545493 -124.81036221532503
-159.70840341637276 -126.06749254536436
-165.36014749220138 -131.49373767767204
-163.46093115948545 -122.15231449364136
-160.9052936704812 -124.42388763307868
-160.90271931922908 -128.0145515923007
-157.61212038271847 -117.81591330458704
-161.31539309984356 -121.50368374575226
-162.42646923669568 -128.25101962330328
-156.89525922253472 -124.54299689372405
-157.17178540376256 -116.75411539297397
-161.9249395777788 -125.33244665729366
-161.50395629366074 -123.91298088125448
-153.8800822526943 -123.42587943951389
-162.90294044848144 -124.02135924239911
-158.78494614274126 -127.26101285826462
-161.4437893440737 -128.4143999406379
-161.11087102485936 -127.13852499198555
-161.56527247616808 -124.10752109173286
-155.62768917864383 -128.15530473524126
-162.3594144065853 -125.65574844594195
-164.6858838169665 -124.81579520097388
-160.33630004622395 -125.73351036068446
-157.34045139871742 -129.60786764170976
-160.93576397380477 -127.32174996875305
-153.9668472909408 -122.94192731568404
-159.550029117496 -121.9564187761703
-164.2301871643722 -118.67904783603738
-156.86169258301916 -128.85110906913314
-162.67618974717675 -122.63602884902258
-167.58479395073908 -128.63642910613336
-155.30035575591697 -121.02238778332422
-155.706193120273 -120.88946892719333
-163.48164013898804 -128.01278761602444
-167.518741662072 -126.31815778316344
-160.26456423544045 -120.98496933247702
-169.28591684024144 -126.51993032373943
-165.97254411364733 -130.55982259971753
-157.88866677097317 -121.21373881618918
-161.37036639049853 -116.45197731085034
-169.319268982924 -127.99065884237278
-161.84593765384415 -130.64217401161642
-160.4577363104566 -126.48894887702079
-160.3274533069678 -120.80376172039621
-160.59925441293504 -122.68144033627597
-163.30472773284205 -117.82489877725577
-159.0459909259361 -128.68395027784698
-157.66116917260265 -124.83724026233783
-164.3676332163422 -119.66974168386928
-154.49048435170621 -119.7839596062124
-166.8408537593897 -131.16608734216604
-159.89696917215375 -123.95664487970029
-162.14533505504596 -121.61972725842129
-164.94240561765875 -120.79614624038224
-161.69128135795268 -116.71060538828044
-159.56684293074994 -125.18929576389887
-156.55143286103277 -129.85362692325137
-163.07038286118512 -122.24139020301632
-154.42821793717027 -123.18278823276175
-165.7597862667692 -130.98326488821422
-157.79483822050506 -130.12079058339737
-161.79499396053745 -123.087750544147
-163.31047388532238 -126.6113709021405
-160.04762724648526 -124.84433737805959
-160.9475070798088 -124.05915993987226
-158.9761647761222 -121.53206093607929
-166.21640295444556 -121.13758042879397
-164.0592752427204 -126.42010014791047
-159.61322730004807 -129.3557329266057
-161.42698535631553 -130.83887424320972
-164.94174595848034 -124.6748983831166
-166.9356659091019 -131.15778748099848
-160.45623634122924 -124.77709709292668
-153.63254028443566 -129.41566757375546
-161.94984748262604 -124.90163650440552
-159.92763215475935 -123.65718640555068
-155.6702170896754 -120.45029820835512
-164.42916943186958 -125.28053572893259
-161.65630818551602 -120.11016831687796
-159.19657929602016 -127.751636993238
-166.9766528460055 -119.8175185234706
-160.09699467358928 -124.02430788104435
-163.1584016020307 -126.33506205805756
-157.4885427334161 -118.04159856521345
-161.98633194011407 -123.97534011769429
-161.06258748118074 -125.32261392324858
-160.95564671180423 -124.34597659542436
-161.47890907412355 -125.08139544927921
-160.68822750548009 -124.76061360935861
-165.20874806245087 -129.28626667608765
-156.91461653806485 -124.62998179701275
-164.0411592796258 -121.39962208709899
-164.62210316992292 -123.01515651512202
-165.53882439387093 -122.64056584068867
-161.18732356026075 -130.36586475561472
-164.42949747724174 -127.0276521993178
-154.121361117437 -121.07664061569764
-158.59514261265838 -124.3006652733155
-162.9340265238763 -119.16669869168598
-157.53763238362998 -130.51806057047472
-161.7849243176229 -116.33140676420321
-156.24119377037195 -131.38238916547888
-158.03387024383127 -130.25191909161143
-153.59895515128756 -123.78345496600619
-158.4199813163857 -129.53550940599806
-163.6092024761498 -124.22192181536899
-165.23361220618753 -120.62605858024484
-163.4421805327654 -120.54010128527274
-162.58076217203205 -124.61494343731309
-157.71430199847217 -127.97001580571619
-160.2514930753211 -123.31301485278892
-161.63407285330607 -124.65312306624273
-160.52153217974237 -116.74915320500449
-162.72891355428382 -122.81186589858652
-167.04464216194185 -127.93504912815527
-162.7442741675136 -123.56763753505305
-158.96739900765797 -124.3516217927782
-164.12874572779464 -120.84311118263327
-165.26718971439266 -124.96083029681664
-160.51300462266215 -126.97901411275492
-159.61242449506608 -132.60910124235593
-162.36567047897185 -119.70491619296091
-161.02458550299406 -124.88680594315629
-155.28176018350197 -122.02966320850757
-161.3268563985664 -124.03255767897541
-156.2717197363679 -128.5254164775279
-161.18382052280197 -122.06133712882684
-156.43755350736635 -130.0406570103601
-168.86618824355529 -121.84885692328795
-157.98701416389088 -126.72452977908154
-156.49727083872963 -121.71945966792529
-156.18465718928607 -125.03999789276692
-163.14590022027605 -125.71780580035653
-161.6065494152528 -121.23934832937248
-160.7666689979471 -123.61643269228998
-158.62222616260343 -131.09762736093379
-159.2469502686722 -124.44727749384026
-161.11064466791547 -124.7417302210359
-161.68642122820265 -129.0434200726482
-163.35342460326987 -123.20199698237069
-162.83835300355167 -118.65266835170542
-160.14179411879374 -124.62341147619263
-160.86178147813217 -122.12708567513496
-162.8349309412505 -125.40040015392621
-159.29369410727625 -124.59029258976628
-160.40763548939202 -124.45018569983566
-157.19216449109715 -131.8019217428749
-157.31505041255474 -118.476802695226
-153.65711629680615 -128.8984162801654
-161.14410171003976 -124.78728476405603
-161.8391695229411 -124.46857367127814
-164.79148060999816 -130.4484820084528
-159.42086443993574 -122.36932865518901
-159.49965673714013 -117.11742410900708
-162.56507793662985 -118.19653766352634
-164.6110458727638 -131.42512082422573
-160.35592162116143 -123.85344381276916
-154.56359055553452 -124.5718273762238
-156.7707263393694 -125.69631603692537
-164.27824258255302 -126.08708065534658
-167.93468294082294 -129.40819578293727
-157.54372152039414 -132.08258194889328
-164.5496425445701 -123.67879168131178
-158.44580800344542 -117.5005279588397
-161.63814950683846 -117.65126939585838
-166.59551384236806 -124.61088958728615
-162.29193237227588 -124.64043019128805
-157.6348795708137 -127.9587840852822
-162.0465580899857 -127.69306344513461
-159.0618304596261 -124.53277355339316
-166.005474016593 -120.97679583825636
-160.94451613695725 -128.10900973514083
-155.47436232176685 -127.49525671340562
-154.11550100694913 -120.81996124963212
-160.28235273003662 -120.6584414813625
-156.33273438921282 -124.21268615237223
-160.50600579383448 -126.95135742993058
-159.97801111210381 -126.80667104593874
-169.5944165922703 -121.98443426156
-158.96618069176594 -127.01661915779216
-160.52134138509544 -126.77880389252533
-161.24896242903642 -125.57485925103265
-160.85762046141767 -123.93242768731855
-152.90299193475448 -123.33409863098248
-163.37872050244 -124.79536199001032
-157.88836849745482 -130.37952144168835
-158.0679614972401 -116.70276372346032
-158.52215061232337 -118.89355952341377
-155.49885537393442 -123.63093887005739
-161.44543579747443 -123.17995367891864
-160.97923119889447 -123.93631224324548
-162.47868313533675 -121.37487206534131
-164.15261021148197 -132.2663114996203
-162.2354062504854 -124.81437075221928
-163.38711510755135 -124.13076681975276
-161.03308981226522 -124.90572121084627
-158.33355003836712 -130.4298773688618
-159.57014860822943 -125.5741994514216
-161.48357282337355 -122.93072652684398
-161.1778952722837 -131.4406716863305
-160.6907986571273 -126.97111411497573
-160.14676675059584 -128.14299963909377
-163.91636404995143 -125.95386528710637
-158.15921627541437 -120.86988777402273
-161.85612720675164 -123.77521150036705
-158.08328401445195 -132.27236076879788
-163.794862229588 -118.79515332011897
-158.1630106182053 -123.96553856266864
-160.64686879122314 -124.83598126509355
-163.4187701558696 -125.34963742038049
-165.64905761455 -123.53918227184967
-164.1185940163791 -123.16635765664384
-162.38003600491308 -127.52405362486971
-154.03892294738938 -124.2687026902487
-161.36624981978835 -125.71719259971628
-161.48984719343187 -128.2034954380571
-160.51529167832098 -120.49607990846609
-157.41104116793565 -131.2816555302454
-163.91422930910838 -123.94130031469206
-154.6741897802143 -119.24062850383265
-167.93884595027757 -129.91797815280947
-165.2291203622645 -119.9574571459715
-159.67144821442696 -126.28551164964158
-156.27094248953478 -131.90201850964908
-164.21045575780917 -118.42268490466834
-167.64929373635815 -120.56573424784648
-165.5291525164455 -130.22819477688643
-162.46179483601304 -127.50337392015517
-159.26191794498962 -128.50519234261102
-161.7898970124781 -130.04101088041745
-161.15485186136326 -125.40920141426567
-160.77793975676713 -124.43636980724465
-161.0858909651247 -124.81147122460925
-163.88262818203776 -116.53393031825952
-155.00555931548476 -118.46811878155106
-162.59323237132023 -124.76107987568092
-162.36492686985346 -124.91680852561994
-166.35854816260672 -125.3635817743258
-158.95653947619903 -124.45540494393492
-161.83678358257418 -119.80840052961413
17.88041554401211 -157.9681057318047
14.782327972806968 -154.0454594485928
9.544684139050709 -164.10974159312684
15.049861591847293 -157.3198846772806
9.534448707340072 -160.38332134726753
16.11670619165939 -154.00975362955987
11.99229488065943 -157.93632164444057
7.523514891568406 -159.967775213076
10.565236394479673 -160.15265577686276
10.28923979244374 -157.6498555057638
12.458277724161473 -159.20176550953775
14.866992319049356 -156.6532817404576
12.506497548671287 -159.43339744502427
9.41650554485795 -158.7517180565915
12.510205164467797 -162.16069596955197
6.897555420280901 -165.48545746873882
11.505672948068481 -166.07111277730175
7.9598193060604 -156.9031529601974
11.333420832733767 -155.54898580897355
12.554146801283704 -164.82682299499567
4.851044133769297 -166.59949885144118
6.611317816321479 -157.517613428933
9.511394078321036 -163.15020245174856
13.548420777137288 -166.16945508939702
2.0770701005065595 -157.75625207449173
3.7144439606615114 -155.84375339130932
6.421076836470759 -158.55294822375515
9.017467024323865 -158.99940541777758
7.236584879030502 -161.10662725031673
8.505911504881192 -154.61539434158658
12.467466531545677 -156.01820623207274
11.123452791936945 -152.52387512946635
4.772734097842548 -154.9539128844898
12.276087520701383 -159.92891521504674
4.143134973927331 -161.41383531129782
5.397194920257641 -161.31314060960332
8.988203344209799 -157.73023569066964
8.203443901154296 -157.97714496904234
15.91723454275785 -154.655176311563
6.583551617161017 -159.5411891661389
15.18121799713343 -162.52066680849595
14.203496730391148 -158.58481049620863
12.512642200803374 -166.76099064994466
9.771552192965709 -159.43896778845027
10.691762508995987 -161.8186069768091
13.981660386095857 -158.35996182740183
5.866867725377727 -155.03010369708414
6.96672915879787 -161.0928760372705
8.351723679692405 -159.08668606393147
8.524550192809 -158.22550808372833
16.512613828251176 -153.81426483916053
11.726279375053366 -155.69135795553495
11.023001374641495 -154.2683315414639
14.356014308164259 -153.37652933551075
9.617408686545065 -159.07089384127266
11.873570025623417 -158.86641605918362
14.217652016243154 -154.8654532800126
12.057940785836674 -159.40961681919157
9.17210991926565 -153.24358736443222
10.143561894532354 -167.2191172486743
5.935924680280072 -163.19153375393094
11.410186540396298 -161.71880278174308
10.309551114923538 -167.88031575815288
10.153747917984006 -157.53416000358243
16.783820140904577 -159.88580110493197
9.838322207382351 -159.35507791993396
9.656317251231473 -156.22620896374391
15.145509639795403 -160.94722054141184
12.03921164830161 -164.37510580667956
10.61153276215385 -161.71768098998132
11.072115027150195 -160.54232188783777
14.460899880980378 -155.51690041472136
8.271120291548733 -157.07295667167145
2.771264728288937 -155.1251839555205
9.407005889435544 -159.0898551836495
9.80664455018573 -158.8593812561428
17.952594108444607 -157.78774810066193
12.160003719001212 -160.78411874173014
9.401043304753449 -158.55941527418753
16.8189110536038 -161.53828511672444
12.041430977028332 -166.049307158157
2.4532338071741506 -154.47427366042677
16.750717622862254 -162.6269777354625
10.251347983400981 -159.4544223441226
13.89127446909848 -158.08916066730188
17.628904804474374 -162.68752387502383
14.005008444304528 -155.28329197803782
16.269395429551555 -162.2336410173546
7.2023941609220845 -154.57620500171663
5.767273064161895 -160.12977248169747
5.75428706711908 -166.25879679627698
9.304531891872024 -159.8450870593417
9.894670607407514 -157.7531325495438
7.617157307773885 -157.4703497899574
7.033608709439298 -166.21130338342294
12.067326934659818 -161.38931538897802
12.964782298756717 -163.17673726517629
8.12914655176096 -157.5061283800054
15.72651758129226 -159.88461599589087
13.55838999060577 -154.14351401081987
6.649989269363078 -153.2819840503138
11.589604881611162 -162.36410619925132
1.9801024235552598 -162.95255668313055
4.8532876753472 -163.21328130071674
14.325539268803379 -162.7692268399132
9.908207628648508 -154.19654767840314
16.63329180987781 -164.4037667989447
9.480080285638222 -158.65483870478144
9.39568222141949 -162.09093021631017
12.75832926643675 -164.78324025501672
8.839436805542885 -160.0485033676452
13.149249042197301 -157.7027628728839
12.391344114339086 -166.6715805986131
7.197514660419255 -158.06199161473222
12.555700024075305 -150.98074382628067
9.418289633906648 -159.9892615367246
13.721352096040345 -154.68457875899495
5.335975748641148 -163.96936705489364
12.499472855527323 -161.47888305853036
12.265108654074677 -157.8376982862158
8.348824070264834 -159.1354961662655
9.77455099014588 -159.6044477453093
10.720345224948117 -153.8679644538871
9.716714523969506 -160.61252113351316
1.501579173530276 -157.43752361092314
14.715409131168467 -157.28759623368438
12.055361540736449 -152.63331489791943
8.927405494211548 -156.2034136031331
16.407351329875524 -163.20862836698456
16.59704527774319 -163.18672076224405
7.0597207489572815 -162.26560704275434
11.231389057650428 -153.78159613719347
10.572566228716799 -157.1582435212218
7.557626919214435 -164.51152565982636
15.944310892103141 -160.50781795911476
14.323947596021256 -155.47569854263674
7.48081310706125 -158.41359716226685
2.2513388310401323 -158.27217618288924
10.527508994454648 -159.29395793914125
15.417800521002675 -157.78571204461596
10.723381632453908 -158.41613889265
8.706757505339935 -159.1830076015236
4.568315161976892 -160.1028558483362
8.313238907060082 -163.12735829945296
12.833135392820221 -163.8615673902343
12.437974022405516 -157.04038821706123
11.910173920977387 -152.0051218923933
9.069567247146704 -156.69421352022317
6.988698980424035 -163.14718736952213
7.391808867059218 -164.07749244990725
6.508027888275208 -165.1917766591929
11.837004153684333 -162.27449150023796
11.27675144939403 -164.52997983435884
8.164196215058611 -164.6329530220658
7.324234525052064 -159.9923772656168
5.778734132054697 -164.59168180231612
6.595700313123668 -156.77450498180778
13.103914738894108 -152.9051319579159
6.948953391449911 -161.52975666179745
9.093937905222457 -161.39904843259967
6.729214513605558 -151.53893419251406
9.24364501107439 -151.9417290858228
11.99736526471863 -159.78007688414357
9.997004722501874 -164.06954264186186
9.543070593006957 -161.40341439244122
11.35746539193841 -158.69761530105032
11.268229013090398 -160.50532874386758
9.31757218413679 -167.32839778366983
18.000929648513413 -162.49259340633648
3.203113950612061 -164.57039830351727
6.354395078108347 -158.0605889964883
13.050523693792602 -160.2965663911254
11.749124939055992 -160.23096048171823
6.841838043593892 -157.3660469271513
3.784808263552436 -163.47974779961777
11.038818311432047 -159.32238992616558
13.682305939664042 -159.25116091300833
5.664444948737276 -154.6974079256129
16.894410342079333 -156.76620808375577
14.194922587198658 -161.8349583303925
13.885713473716955 -151.33702183287136
13.513623183685237 -155.91223455340818
12.002903869621836 -152.7618441251399
10.357513056282581 -160.83061770927574
15.710728136832074 -157.49433782388087
13.08896124707493 -159.003110827532
9.335269305856995 -154.79165202548248
12.930162779752264 -158.59386070212042
8.57640203079913 -153.8701026299909
9.524289654358551 -159.2657831382455
5.547546196266691 -161.71060840403152
13.342422274383008 -152.55517747648815
10.139022141612624 -152.94224550920717
12.239008045740823 -158.65819124153973
2.981029346801031 -159.94746577990048
4.482568760725959 -156.36977511798005
4.46535487818741 -155.96587793406056
16.45227295978237 -164.90973611410166
0.8622482794646444 -160.50426980936234
10.641710688630178 -157.97380529192358
8.923169724905883 -162.27561285641684
7.349301840896332 -152.65818856651646
9.388232307890684 -159.21300426395442
11.764409995358609 -153.9168846149172
16.406099495434802 -159.57614262800212
3.5277871490511927 -161.96578025621918
3.34206686992437 -157.81448387760855
3.7689665642205057 -156.53321774220743
8.39666383349247 -158.35787559491982
15.288296461533045 -157.86416861439082
14.551369869514332 -160.36383820902736
8.647020095873243 -159.2863991017921
12.858128992965634 -162.03793833769566
7.561243564026485 -154.77830740688785
10.17005610341766 -156.22390972954477
7.434042784805804 -158.65873133344002
8.535784825864516 -159.41862895864523
7.044307574862444 -166.99239595593474
10.094149325305441 -157.57803830677554
10.667849427764645 -151.35166547448486
5.888885320420005 -154.36303180780587
1.8781743637202961 -157.35495774244345
15.053896722504103 -164.4892035114307
4.1723479551079805 -166.03686846596958
5.5556415263069425 -155.61772314188585
2.9580319870806164 -160.32357880904934
9.584720524982513 -158.82478684596921
7.546635979814477 -160.16052720395612
10.351182125778273 -161.82743810815535
5.356275614044747 -156.35663926171298
9.606824687399012 -158.87829240203587
6.102460511975562 -163.0610225674011
15.746028091327602 -161.6327045988825
17.774791965246013 -158.08717560595693
5.343221854928027 -154.09496694045012
8.172382563167078 -161.77141939803207
7.7596251391105 -166.4521027195814
9.584822741953529 -159.60656677029613
12.723326163350078 -156.0476574701135
12.072821432134521 -157.99482878069358
8.012385982354772 -161.06371398509987
12.963796209608141 -162.10780992121948
11.124469199979142 -157.32961495148135
10.963793614136971 -166.28011929037763
2.4129950431090883 -161.97696341592763
17.014515482119396 -158.7468706000287
10.17266027808867 -161.08413977040794
7.22619507227228 -154.21749143874825
10.944938950992888 -164.4739206156439
11.563765354014759 -158.26081300738556
10.60201531024089 -151.27156547974994
4.344079899978263 -159.6847468856759
7.525072299588999 -156.28325258857643
15.495994546426566 -154.65084130231745
6.848093057812182 -157.21482320350125
7.982482732087038 -161.02092186911946
10.838391804987396 -158.84126457226222
5.647718620097173 -155.67503552001517
8.057442394185983 -159.77344417301322
11.145603120463866 -159.83873547347693
8.868164638424053 -159.76780740477463
15.98286728436728 -161.1934022817454
10.502458007473384 -161.6483112510544
2.26008461128093 -157.67262920472555
4.963576935770192 -158.53456408614667
9.843872409126275 -158.0451091796573
13.70768878369076 -163.4572401821871
1.7455030002614622 -157.99191361524828
3.335293753544545 -156.37820482179484
12.756354701094695 -164.67183112292977
16.539159648387642 -157.2719185711377
7.280237793013903 -161.36220703690154
9.875585708381506 -159.43243309266742
9.71592500767768 -159.9227628336419
11.791786534661986 -155.90518656465233
12.617352667366413 -161.64169818508202
2.9436045359383067 -160.8137701568811
13.091498971519119 -157.69946017164946
3.894528802697401 -157.74590629864778
13.11361906040017 -156.75552461567844
3.019562655965524 -155.28031627231374
9.702750096069696 -160.0787027588928
7.746176454896418 -159.80838717704592
8.287931710371051 -161.69137667751008
14.130232977390472 -161.0649694529634
15.307430291536072 -161.5757010223587
10.237424882954304 -158.02141302963054
9.097046711596311 -154.46126314824562
16.55961893105533 -157.57852238775033
15.943434765028217 -161.62243697378133
8.950686331478732 -153.21248619996265
10.029118717926131 -155.7876484335384
14.26964327017843 -165.31548311268307
10.231062258475445 -164.48200341688852
6.032903742101777 -161.44195190669274
4.424417024981909 -161.87894192609164
11.462100784580677 -158.62131079759672
5.634973949871181 -152.3853647745553
9.920919275958255 -159.30271798344103
9.486477649085542 -158.30426405846964
11.440586964251276 -156.0833272063066
10.275975487708992 -159.24632833511131
10.130162125607999 -158.65042325495776
11.277198903018538 -166.61498915124713
9.373127434693416 -158.84140809742928
3.4445069810591864 -162.96032338883867
9.927796704692804 -164.3980361322601
8.1911919864066 -160.02662996263473
9.756687281261621 -156.11761451229063
8.012905200109664 -159.55387914835404
1.3317846034132081 -157.2211559041861
10.38972760594339 -162.54821565085368
17.5340933615689 -156.86890724422898
14.510500765399168 -154.32538429203896
11.806362981472144 -164.4437396447547
11.343492052076584 -165.873787867012
10.979304220159165 -160.69737522973134
7.109346268801838 -158.4954203576206
11.042857752465933 -151.37471648867555
12.151724929511323 -157.63176744267497
8.183644922997779 -159.7923866396488
7.980481952305385 -159.5546890155045
12.26908943709381 -165.63916073802525
2.3542619027342564 -155.82676398323773
9.679153897560552 -159.04949157694472
10.115935922584203 -161.90583431972695
6.641489516232843 -167.29438613504138
4.723098562242554 -163.40030720640988
15.163049260321879 -162.16777596828027
12.970030026824219 -157.39133533337392
14.303945139674784 -159.52156699650746
7.551009097791018 -167.68675821359233
15.40285806324686 -162.1381163048243
9.61141973349466 -159.92653692098654
7.079102640965107 -165.8624111033887
7.6670914707139755 -164.6137999540737
8.195419304554953 -159.22618008471179
8.574332961791034 -152.75039652534812
17.90280173250252 -156.51462001435567
9.864912583958937 -153.79431075533807
9.818351561796671 -158.23382993571715
8.700581026056161 -161.3833207366962
8.22422060840618 -158.89993212475255
9.39361805075824 -159.6607070639873
18.034755001594498 -157.37820110464372
10.392545458879127 -163.93738503320714
8.713775874904599 -162.1753248603674
18.457540780727115 -157.35941475047363
14.365313430549847 -165.44947624582198
4.2110369224396855 -154.83129602810197
16.025855658904984 -161.81267843213845
7.636671888597948 -160.17531424833354
3.0771620446456565 -159.70252231111473
9.41761711863969 -158.86900480735702
10.943214410306554 -161.6902274131667
9.099930036450353 -159.2550595927087
6.982933170968048 -165.89750724549341
16.31514502810931 -156.80746255797763
10.60479073087142 -162.69750202331778
7.482038564508729 -158.61739878273954
12.14899799063714 -162.08076474733124
11.0712692138909 -155.20947015630955
11.880640638847327 -159.20150723718103
0.990648576054662 -161.3127068159319
12.352021427850106 -156.3128542137594
5.350730133226195 -158.2100151337024
9.995992888381126 -159.3480304422413
8.315213571466249 -163.15441134658883
2.295877028899705 -161.7291464588157
10.228259968670661 -165.55126987139752
16.30812935341115 -163.04159924858146
18.425206871124573 -157.31066821441706
7.439800221608489 -156.04903337452487
6.650062569539165 -161.73945792905684
9.746576334729252 -159.17432203323438
14.13529951907313 -164.1794302804073
7.191900377025451 -159.93528477806117
7.072047512322272 -163.47306773721303
12.224825777434488 -159.33333786533655
16.117030590530643 -154.80997545935898
17.609104375199948 -157.00780030803358
16.629423887448763 -155.84575611155753
8.896891045534373 -160.581427032564
14.557334632281318 -154.44533775895212
17.03007451006486 -161.51123914098966
7.935301343864145 -154.22262461533748
11.430341973251954 -162.01617999294666
5.824715418818531 -160.93676591745333
8.73341316326348 -153.36106208880045
10.282508187501477 -157.6901114290214
8.90688926816595 -161.32323990491867
12.474707444083737 -164.76442727244887
10.380741831991383 -158.14947729845923
3.501512166489383 -158.16357463261664
9.351654454503873 -159.58910613495257
9.17084987012562 -158.53416295608108
11.616016024644527 -158.01813957062905
11.980073337745182 -151.81029945345014
10.371222903675228 -163.36763412683965
7.232698587473452 -158.90592201019533
3.9222027372749473 -161.5658591189567
17.648855539147366 -163.07070324227945
9.58731910749517 -160.28202166550298
12.549753021103136 -159.00399068816765
9.949282728088777 -160.1207824126612
10.52083488555353 -161.50061127201292
8.651927127760368 -158.3549931766963
8.626465084248757 -163.96547805713246
9.99190951139537 -159.25506956884928
10.990510186602226 -166.919554768588
9.997973658397319 -160.28841528858723
14.58492911073522 -155.0708648984643
9.898870080670287 -164.2260404618987
13.889763543007314 -161.45122281332763
6.932187767602643 -159.74948129296828
6.174033751873802 -159.61554872325922
4.583648974853477 -163.07898979367042
11.753340509511768 -158.79436239246297
9.685171729020269 -151.73132906731038
9.806412941237678 -155.91316346278703
7.681777564524719 -163.72389037634866
8.484628490681374 -158.71943856885886
4.413434488575602 -153.89553870935669
9.749128667595404 -160.29786997305678
14.049815955036625 -165.15505261559582
11.007538306744621 -158.44028959334588
8.448864308561287 -163.76239452554003
7.405048051958513 -157.5511428267338
3.654284436485379 -157.87965658953667
9.636569805979368 -158.34483531242986
17.73485869746801 -158.72587389753755
9.871107517360654 -159.0282295329967
8.884639532589176 -159.03996368117726
1.624162852053992 -162.87314430126617
11.020295883712533 -157.2803092116719
13.374934727009418 -158.12046772588292
4.3904087809527415 -159.87452268961115
9.55659498085726 -158.89668903653077
5.504247421550216 -160.21314150586912
9.196486873711633 -159.1409537306562
10.87413595201133 -152.48982208969895
8.073552347302721 -159.00711250810977
4.086167063476904 -156.89470377849568
9.389414560012158 -155.8672244417729
10.16413313459561 -153.01540472925217
8.946249286001338 -159.03120854736838
9.648998065697985 -159.28979197535827
6.94853012324983 -161.7301432220904
5.60918530748765 -154.55008444940694
14.434049958430078 -162.03474403290224
14.674780416136587 -161.58731157499392
5.477290426075099 -159.17409822673156
3.931262543788777 -157.2851400312386
7.303968115449001 -164.04150402356981
9.878184728828973 -155.105675159131
10.390620989108864 -158.95028861141031
10.791662868972367 -159.30076789909145
2.447632490120755 -162.7402532416972
6.646916462091349 -160.03240158508572
5.5868505617620094 -152.62235937779585
8.09212514520807 -167.32609018810027
5.669242965684762 -156.7109188674094
3.4024511061886216 -163.13903242388432
9.326944290884851 -155.15850357338323
12.916190813477442 -160.35811398304475
9.317328525454393 -157.7335739712079
6.377272257148043 -159.00159053730178
17.887644193306997 -161.82517130895894
9.642837022039872 -154.0096951968242
6.144612235624466 -157.87976164564756
11.660978624919291 -156.90581384750917
11.108493069002904 -160.06166700912738
8.90722176063966 -157.48841064389288
4.608174775169925 -163.12926754246786
9.108737403159445 -158.63495340967765
7.820974674854079 -158.07222874729126
10.509326412607567 -164.57340508602405
5.246177174225743 -159.7864708645692
7.740615733452755 -157.54108215975128
2.817127112808792 -161.92601508180104
11.620887229180306 -155.99540801699965
6.1491812501336485 -157.51722011896624
2.5129266326998545 -159.7036583376866
7.869693524385507 -163.7514894936585
10.00926755729024 -158.61580518972497
15.838435982405233 -165.0307884981435
15.460460087097147 -156.78693676714215
9.513122179030779 -152.8959174456357
11.951386452416287 -167.12969445332666
3.5458611309076327 -158.41813831547265
9.733561315184508 -160.75494559090382
2.635068654548557 -164.17967494977552
17.31034778630718 -156.29621548640603
4.237775903427382 -158.3059364136223
9.275213071720305 -159.5926419828955
1.2835219230397907 -157.07925921017866
17.785405187633742 -160.81113502694046
4.0612931735398385 -163.2440629537084
9.479605315542612 -151.256886399962
9.68651514538152 -159.02079346315134
16.686574805848522 -157.02636814392014
4.2293044169818295 -153.0441621070237
11.409912819218599 -159.26477659361072
6.4649040836216525 -156.29041267420382
11.158002582644544 -157.54997049500076
11.906771423303775 -160.5370251617725
9.667331946912114 -157.2247849242512
13.995250420564297 -157.9540823731315
10.462771148534374 -151.1279685975021
2.94945180878506 -160.4311667105349
14.23128916178884 -163.21989274143527
3.766991940376921 -155.36286850330663
5.407779560194472 -152.62525518530913
2.848059215378683 -156.8842934386727
9.646402648061358 -159.3538041472118
9.617314301571998 -157.35637298733388
7.94297736638243 -166.28399304050163
10.051960068345924 -155.036591011555
6.221194306970684 -161.6244664625046
10.043799424671079 -157.53457727737924
13.228609706483299 -156.63200038120166
13.086583248926853 -160.36369791894955
7.43253828585191 -154.32694274030743
9.79265688469435 -158.69802223713435
8.855169912929187 -158.15783874016182
73.1316044869425 -36.52831382205064
69.14890996826333 -38.77418432192529
68.02310483323753 -39.57333003857796
72.30082772662871 -39.042006301159596
70.97301018186059 -37.5822324575196
69.23243616552939 -38.41378497460401
69.48320358120664 -33.79508613198849
75.1200390067059 -35.56782677586824
75.08704837676876 -33.81748840301376
72.16447664044459 -37.85815719205367
67.44493331897995 -34.2409697508943
68.03376013393955 -38.96484469960121
67.08168357623191 -31.560721983621203
71.02312640074915 -43.90238587060894
71.26268711008437 -36.72798871305893
77.31134723537893 -37.03107571882786
66.59404223630474 -38.94354596819332
73.21082816686787 -29.358153797435193
69.6469943247486 -39.83312648747702
74.01365728803778 -35.30220285311445
65.48135287879384 -41.95519333215328
73.93169126845345 -36.89478746780838
66.94207496841962 -39.35197275611625
77.51358502941602 -38.30006177679779
75.57339204022814 -41.43341906300762
78.79987307975257 -41.038630737206674
71.59284695378089 -37.15818167394374
75.92535228451534 -40.314663460270836
73.76934558753666 -36.95072565036074
73.41270421300237 -37.693235905207615
75.68885037091393 -42.068843349656845
75.85989842920449 -37.84218352650101
76.57210166871202 -37.30603864715081
70.93105240693086 -44.105233665073726
72.68132732683455 -33.922975719779444
73.20886965635445 -37.13922001922153
79.93031787076406 -39.20499912497268
70.74314055236607 -32.354086343908435
73.19441014647936 -37.4768136434209
73.125628491257 -37.1692871084379
73.26681874210989 -36.38202038094312
76.10974544943647 -39.8724672843328
78.19804927602645 -37.88647173176486
73.03436752453568 -34.99498454019686
77.86603964569561 -35.9165945940113
66.77946378595296 -41.992568606766056
68.62876129994979 -42.56487485070133
73.26245658566744 -37.43607074947963
72.97711494353561 -37.65199903620462
79.23075805576455 -32.53317066273514
66.84353261536918 -35.26453673488192
67.78541645886403 -38.04570849582514
70.11694537130317 -33.18623139484897
67.85104374320835 -31.909547929365495
67.4940025478155 -41.98594916927803
71.31417796723032 -39.29925315434678
77.99388960946905 -33.86502701510231
72.20852635757669 -43.63085850097024
76.63398580584268 -37.65528926799711
80.78171252155823 -40.00697724855737
72.02687092252594 -45.125967758838115
79.4019136777755 -33.71173930946608
74.32985004002644 -38.17170433262352
76.4045892869509 -44.3993314133095
72.4409943168916 -43.88091551115576
73.11213487166036 -37.46508816455926
77.65850709352013 -41.46583975918161
70.2554013380033 -30.202172449084415
72.16887001067965 -37.50514635796628
79.36928975810298 -40.92649680910398
81.86522502242103 -37.97248215084318
73.00723643233108 -37.65514589857496
72.82905791069125 -44.821306002956604
70.9519769273893 -31.513802408374907
72.52726105815654 -38.73829272219291
75.976558648467 -41.24265887881943
71.23988133497497 -37.30196562516299
72.00634064452348 -32.57987124973831
75.37894963172585 -33.516834563740204
70.94382029205138 -38.13214014380848
78.52964755467549 -38.10749140071645
67.27208850485029 -39.928599809338806
77.00400801222608 -32.35010723357081
69.22463148213505 -37.08995793993328
76.00873945246632 -38.87316843469566
66.45050555244534 -38.30564912868733
65.09828299636847 -40.43395600877919
75.01159327476556 -29.111712384515563
76.06738722313199 -42.80537680083692
78.8839112290251 -40.374421164455
77.84131924095111 -44.317646330520446
76.24643983227205 -43.95198367568247
73.91498013916005 -37.52447341719084
70.84960774215259 -35.27639418478585
69.13248173399941 -45.48339872023409
80.42338867020591 -32.69037150402013
72.85473052854911 -38.47685262825245
66.22505203626565 -41.02362719660121
72.17635578002573 -37.64605775833648
74.07102887048914 -35.35708663077481
66.59367049691602 -39.67426217052277
73.1886816977305 -37.75106374413461
73.6294583708222 -39.36324196415045
68.70306775393024 -40.856233206685566
72.5534759191092 -39.91418357230164
79.7384457718835 -34.230989290588994
74.69621170649592 -41.53074830721056
81.09844879080637 -35.96218256717957
72.38764976069527 -36.809367681987055
80.0935526025187 -33.392110310740854
72.3487203288862 -38.059047268862905
71.88228549430262 -35.331971586557486
76.74103997812207 -35.91987164345732
73.26471074594151 -36.806981370635405
80.78230134131621 -32.83064560581316
71.73558112120664 -38.96479619068379
71.73211711534906 -38.71977080579299
70.62627956465917 -34.529937949093544
73.2143447748281 -37.48631914284634
73.26497181664438 -32.36172633007062
73.56628529985888 -42.269305517724014
79.86002338459312 -34.10432871521667
68.79552689419762 -36.154267924689925
66.49353467350974 -42.72016093381036
72.772500955857 -37.45288416498795
74.84473196030368 -34.46063936422308
71.7922348987505 -41.67721993099202
68.75256148819192 -40.23015793235002
72.13461239337798 -34.273622503016746
74.55720746833379 -34.845142677059776
73.28974385033915 -39.67616083076599
72.15960030377664 -34.230625008440924
71.82794190767153 -35.32439927773849
75.71296245144471 -36.32347201353448
72.89649049236765 -34.7420187282636
67.07457644742136 -37.03135492806207
79.17595004762269 -33.05980149093755
73.56933067092974 -38.48079904792481
66.62995658644698 -42.00235482120847
80.41654125138845 -38.368856772386856
68.61790473719698 -36.20888218983237
74.90222857585091 -41.06987331081472
73.0816428789273 -37.167859616534905
76.89549917365318 -32.88759564701121
78.78400332199163 -32.89228075240649
71.50380516118851 -43.80213259286947
68.62734946652616 -37.96840266513957
66.21376950744403 -42.21152202903341
80.57040218057352 -34.278684962776126
77.18718587785312 -40.227706270014394
68.35236005750241 -35.51279186078878
75.31916973233724 -37.69886150869787
76.30906003602861 -39.345024354755935
71.68337284204462 -32.2390142428185
76.7314513114227 -33.55352932577927
78.29279996866428 -41.53986232775864
73.90602665747004 -30.04381083482885
78.005963877679 -38.23890775250448
72.12582102533064 -36.48956907823592
67.2638088282727 -34.64174601717175
79.15372443145093 -32.65765930100368
75.00440560914718 -37.8088755739164
70.34545802485017 -37.11060185213243
71.41959200820475 -37.045727521928036
73.00223990416889 -40.23693506967427
75.60762697925406 -38.22918346416975
66.51516541567308 -37.95331290488122
71.49770194221264 -35.24677766852526
76.18365765980124 -41.2187658855853
73.03717552529224 -37.939283191564186
70.26403517257896 -41.8252741501354
73.28596120540665 -37.293034486608704
72.65813552247836 -40.51632472396216
71.57680953845644 -33.261488672658864
67.63190048469362 -37.74945530149204
73.8512287565416 -37.32041297808276
71.33321503638345 -39.97027673938444
68.61786443799606 -38.169509598566464
75.53422377094329 -40.460207599093316
73.52910496576436 -37.42558230339106
73.5821622064465 -37.369356787620944
69.37661563098649 -36.05201060089153
70.03999557307326 -39.757025576652765
73.2798823775074 -37.413946860970505
66.32358040408195 -40.78644534889954
70.4729773632034 -39.121984795857735
71.50808190381107 -43.612729538302986
73.30132224595309 -42.36712388088228
78.53404301045582 -39.82865838854189
71.01096248036438 -40.77888960367598
73.50984428565559 -40.02739735637386
81.90104805392393 -36.17714377391355
73.76138699729128 -30.994420191449194
67.1703441460136 -37.214974854611015
76.45072350879013 -33.145160762328224
69.94784727185774 -42.44224546406479
68.15484709833844 -41.12438287957981
69.89989479596024 -38.82932025020485
75.00332319362542 -37.86955274898489
73.59965869206077 -35.4054995978513
78.79621040165377 -35.84760887822113
68.66019408158297 -39.08576728264407
71.9316029773322 -38.92620795943111
67.7374904419414 -35.1551544554668
73.85068469053061 -37.3665264915487
74.62719394939725 -36.70155034087351
72.85360173271916 -36.98262375354376
69.4863251114965 -40.919368198737786
74.11702641658124 -37.17789813136326
76.66615170173058 -38.36789404248447
76.29227677011991 -37.46691331393441
69.31386675839077 -35.576573546965214
73.28381317956855 -37.32382159883803
68.71324878329239 -40.036680280577
71.30681363988715 -45.697552002223915
76.09634536300554 -41.14683378183736
70.05432920047348 -40.05685554107199
73.33663008194503 -37.72628348801504
70.66213027220293 -35.959960104637545
73.8648847211479 -36.99795655180772
75.33197677932174 -34.85444188635347
71.54452091515256 -39.592993366588125
66.50754747465416 -33.581929423747255
68.08115916338824 -41.864246969828045
76.51248147844714 -39.4400550587243
74.3943661927599 -34.13216778532513
76.03986305491154 -39.831294834673024
73.33253227253371 -36.766891643816784
70.03566538277308 -36.96204679308278
75.06504855158121 -40.67736477643049
76.55432344532737 -29.59700864042686
76.81551330920021 -37.02335273131572
69.09407552377918 -38.12034158537939
72.2692701667484 -39.692038727139554
72.80758755600417 -38.477302869951494
73.97747346463372 -38.171869232179475
76.53517316646935 -37.616940141783516
71.951485860025 -37.68282542139881
73.21552163834775 -37.51795439007273
75.0169737771416 -37.27002689466124
72.5039968378874 -36.631171075600605
68.257620087404 -38.10688551424627
71.98999715277645 -39.839382790074225
65.73537980748716 -35.764254656832584
65.43253008720416 -35.258811103196656
70.73910687139872 -36.4854003308152
78.22863355543129 -33.923629503111876
65.63971649542525 -35.27471480001653
80.21742381548853 -43.07606575690296
66.30186585232697 -34.87919902830311
74.79843462525434 -37.84143949951602
74.86293535167843 -35.528678256238656
77.23415501440827 -43.49996786189331
72.2136465831564 -39.02692595359728
72.23148705369422 -40.63146904264034
73.36771737157652 -37.90568125810449
73.14214552125615 -37.479914169207895
78.67421258683488 -36.500210459788605
70.97546453461378 -41.61338287237016
72.51253975266906 -30.163878060968354
74.26197965222457 -37.19031948283507
73.19545520554175 -32.00635456961478
73.95427529879936 -37.43166774057282
73.17823049342365 -40.44598755291693
73.7264302413978 -29.585254125665042
79.15902326012711 -36.24949122933036
67.60088077333035 -41.81353413053785
67.66996309964338 -37.521504383631765
72.65916538934833 -37.563807653021286
79.01236461938126 -34.48082753669757
76.73073631807627 -36.62525325154641
80.82211154766759 -39.57766320159542
73.33017522518017 -37.98308991663695
72.82996403402252 -36.0037027122921
73.80454080048614 -37.45320972663069
75.38257813372066 -36.109880915471315
72.99280804303929 -37.6939465357642
72.6887906847123 -39.322030107867946
71.81274961478374 -39.558176634791884
65.9310526625163 -42.15607881688525
68.63455240093933 -44.51003908403959
70.90857439031261 -44.84312243992572
73.03794324627601 -37.25363857267471
68.05719510109509 -30.671304656848456
73.13212166668309 -32.61014814530746
69.63823584772932 -33.85455313909684
76.2858931454106 -37.64844438874637
73.9633066057358 -43.04714943785078
72.46489190400901 -41.132321634542876
70.48345486237511 -38.46809054057118
73.41058078110147 -36.741370036063145
73.08991200420273 -36.68237086655574
79.10980744249653 -32.78962177784925
72.26100953573108 -31.446756470055554
74.09099590274445 -34.83058279795251
81.55813997633328 -35.887701238478854
71.30520695237196 -33.34488687830206
73.23434978549894 -36.32899171801786
78.05627755711984 -36.09159102379276
72.52820522108804 -35.037261704373215
65.46884400354175 -38.064092557333325
68.30340895488781 -42.21803349462601
75.03109252986917 -37.48829286299939
74.64366578379155 -38.895075526395026
70.52387354180374 -39.749489590651635
75.15069807019198 -36.97072030072764
74.54320806429834 -37.770851224309645
73.25273253086726 -37.69571182355839
76.75954138188051 -37.43818164317691
68.02403969811422 -39.40576546831664
75.08401222428762 -32.95120246400954
76.5021954340421 -33.036384375544706
73.48571342907987 -37.18364357392827
71.56930118866987 -45.305072058650026
68.14156498780831 -35.808071365853024
78.24746221664627 -35.27660666297878
74.06857213321067 -31.545998019928128
74.51178013178799 -28.94415698900879
73.16422905779375 -34.3136004976062
81.76252933325831 -37.791531486280775
73.40788328748617 -39.376244853444206
71.77639746532464 -32.54020423433466
73.56177610978328 -37.43706111435394
73.12418453769348 -36.10126164660432
73.69819742593661 -33.553237628567345
73.54878632184904 -37.38232329724697
73.15145327955906 -37.20177877613317
79.42377084009668 -35.48778001255671
73.68720128312695 -33.86273129190592
66.26087020037293 -32.527921555116556
67.02118012576732 -35.4272631421123
73.18257671411304 -45.56972369197349
72.60111095166916 -45.87779468137412
65.11845104803884 -39.55440201630448
74.80078710198609 -35.96359235338358
74.20724035025641 -36.97622291708911
68.75678674270507 -34.936783127258956
73.7086125387393 -38.760400020950804
71.54111713539821 -37.343898387742684
72.37020562783506 -37.38696077078544
72.04323423632407 -38.9992053736333
72.8982768819427 -37.695406866935
75.93477707998048 -42.189742948050935
75.73510819289747 -43.24152227367734
77.1268864569434 -33.369311296134796
74.3740596761967 -38.37067473205871
69.98219418595022 -32.18689845898665
73.05546596846762 -38.50040040303897
79.31109515097303 -38.09363056989111
71.80228529487401 -40.201880376285565
72.77961593235382 -35.83045961687459
73.66510775601834 -39.812667557854816
74.08239136745254 -37.23408948011231
73.8828443777337 -37.448448888518286
70.65195790663321 -33.209802317902586
75.95301933747325 -37.742826512264784
76.40594741031735 -34.59220279123467
72.70007957613558 -34.40899863148763
75.61757954935378 -36.37767939038069
72.76976925628263 -38.99047775867877
77.53557819777276 -33.18506972150292
73.98757833873421 -38.43090577043931
76.55125260290187 -37.75831203820428
78.30412322850043 -36.40423711601143
73.05994093643149 -32.131617497617256
73.27017289051184 -35.85722564581239
80.49379991517846 -39.334621951335926
73.05626580121657 -30.97985628838673
77.19491622374572 -43.199396619309795
75.09778456080072 -43.782246347015715
72.18839614523607 -42.14233122853603
73.19920749233886 -46.311991976565
66.17106936714461 -37.01096781300725
75.03265826714036 -44.21872412663906
70.83348044022664 -34.773980454909726
78.08222391669811 -37.95256295752876
69.835074713833 -35.23182093029092
74.25052154346282 -39.94670850541413
78.41748465594739 -40.136965559669044
73.08608185440124 -37.543565159904254
75.66610199120504 -34.45351922134013
70.59011388284486 -32.525792087860886
67.73299146780897 -43.790619807432684
75.8918845569433 -34.87795490450643
71.01062165011089 -42.85215381232057
72.84085712875655 -38.21649622478903
65.9550255020507 -36.95520347946485
69.75604675627108 -44.43119132801651
72.89364484289065 -40.14780900247655
77.25506456638311 -33.07458314557028
79.46065480220463 -38.5533773100822
72.39369100138852 -36.28743263463123
70.1237511411702 -35.542970809813774
75.8231800981383 -43.05070317030407
74.57242173864238 -38.53051877828348
72.94550199375344 -28.57094012252663
73.67991034763004 -36.87801536649519
73.7233596821259 -36.11421654022789
72.14916889638417 -37.69079582921949
75.84587380492785 -32.739162987696496
73.8241743273309 -45.04153663043782
71.8661165866026 -29.421370162250312
78.4517713905313 -32.93823336330392
74.25724715569925 -29.056994780586308
71.64159189955329 -34.53710655143464
73.29745894877998 -37.62901545247611
78.86232258336969 -32.687543094380295
77.6878980810252 -32.44875308375734
73.2738980620973 -37.419812852161
77.3408518674044 -38.48878721123801
75.87035730923706 -38.646211623892604
73.79855964233396 -40.33898209512408
67.2100032791456 -33.91452424454147
75.59328046479081 -36.83273445817288
68.23678169662986 -36.97863493254299
72.23048074100524 -36.13213314646776
71.7750891104809 -33.37674181402221
74.04447501359964 -37.838140080152776
67.7245147704999 -38.16794108333809
73.65072061987749 -34.466015259743
73.04522514796885 -38.860826276814635
73.80017737022007 -35.03161266720943
73.16049989987262 -38.3005178630125
77.31412699196953 -34.135287448663505
71.91968452624583 -41.0604422730413
73.73461456086142 -45.70853961404619
71.06567262136318 -36.779549634230854
72.07965634087866 -39.05662901718935
77.82415775989561 -32.84967583909656
75.90549717489066 -31.854896066339364
67.0112057715532 -43.15897535133099
75.55535842560707 -29.572805743905235
73.07367332991525 -40.031495488555954
73.29097830995408 -38.00903965547678
66.80982077072184 -36.91169497353363
67.89600932188058 -35.12834923576449
72.85069647788026 -30.802974076231266
72.67895829563356 -37.573359172908965
75.16387455508516 -36.539061604857345
74.97276951728175 -41.000682526435114
69.11297961544368 -34.16206260547938
73.16821882805907 -39.56812943126524
73.19748399388818 -37.4877834264212
76.95248337308456 -44.89787680256674
75.79077408261497 -32.997198785953394
76.35285409610397 -37.8408331405721
71.73014150516879 -41.73228330592542
75.29075706126848 -37.16940847761446
74.76505032878978 -33.3659005893894
72.34806643048552 -32.854501278746085
75.56786853375765 -36.867633742791085
76.06238534696703 -33.37717903317028
70.62514202451237 -34.85374754558
74.98980319193195 -36.94625387256363
69.3067052826468 -29.9429633103567
74.81289856845174 -43.59002056913461
72.24455864511235 -31.944585538930887
75.64900913649502 -40.51466970656102
77.64603610808048 -41.37959865948371
76.08300301130751 -36.56538602141713
81.31089547032732 -35.3617921784391
74.04926443013902 -37.60022866890319
67.7503079319711 -37.7713259719924
74.55405086282273 -37.58080114409539
73.12076825873592 -37.859437172623885
80.80601603517921 -37.598889108057406
80.02974718707627 -39.02192317094962
78.48893889952606 -30.300215956398702
68.22188986841357 -33.94432889434982
76.49698897724065 -34.52886577713227
74.0864776233807 -38.80677827913938
73.48706188588625 -33.68534290181509
76.72572255379824 -39.55583075992151
77.64380273317914 -35.538929143544635
71.23864649552974 -33.10116864447076
75.88561746117153 -37.22201585848979
71.19816882268589 -29.076795773303736
78.93747618025559 -39.1544218268341
74.35119863731225 -36.85491822275927
72.78566525099366 -35.717538639121756
72.48822012218676 -43.34053642236162
75.7637175580747 -40.95274216593654
73.9595281312498 -42.457768313586314
68.0614041479369 -39.603935008466465
72.65015609412261 -45.966769788511996
74.43843259303618 -39.755299200018236
72.81216736753663 -44.53247174235469
76.17044406880989 -35.79492909289341
72.62942464763145 -36.88345718739789
73.99241235144054 -34.375122985902266
72.96138562024572 -42.27326606608804
71.89050088253131 -38.83885951418139
73.24540764135607 -37.426679468848995
69.65947851264421 -44.24129127935579
79.92443326610318 -40.180715373807715
72.98977140021698 -36.663466584538455
67.82266495138613 -31.21651484956685
70.57497700331342 -37.182147395305556
64.50035266561935 -39.10692754928615
77.0805296720516 -31.82891542061037
71.15069336892826 -37.55473312901103
67.46514500808912 -31.071216107563217
77.39774099828921 -36.8371730264184
69.5523479512918 -40.016113071187064
71.257547588882 -37.29088162604923
72.59073906383509 -40.00747626098908
73.85457910959633 -32.650865476777184
75.01580174412712 -40.5674215981913
68.55197134026758 -36.63984822361184
64.9602103146632 -39.079162105345965
66.53328206472577 -41.571798091842126
70.23955301945763 -35.70880108896489
73.08647817895492 -37.262190240363765
73.50935993720937 -29.77219410420989
71.84588234754624 -35.0215563332309
72.59656823736499 -29.585707142102844
67.04906586513444 -37.46522721884007
73.02973235235906 -38.039831809857546
73.3272563434833 -36.0178545350959
69.23053527476782 -39.84448982912155
77.38585607731055 -39.61472658372961
66.37964561151031 -43.13517851008584
75.48231505835373 -34.80073406878658
70.68307868490989 -43.28970373427265
73.67639561191605 -36.926179140766976
-151.66913207951123 -172.07575246686994
-159.33411609292673 -175.2656261156396
-156.08733704930853 -175.62471853998548
-152.69614497230543 -175.92185890362904
-155.70109398763273 -169.22911831951143
-156.94314797883143 -175.29217709590554
-156.26999014083108 -176.0742986986233
-156.7215147850754 -174.3497625525059
-157.3785966295045 -177.2277736121439
-153.65480380272393 -175.67707277910498
-151.3274822304667 -175.9310842404056
-160.32554332915248 -183.38782140127032
-149.1489809680297 -181.04988403719253
-159.7156350205612 -179.18078358849988
-157.04246759241192 -171.53144520531106
-153.27995508455245 -180.63404119964008
-151.17020419066728 -175.8103603176197
-155.95859564555454 -177.5740005329379
-159.00271384021232 -173.18698411391205
-152.79065512897503 -176.16746607693938
-154.54270530335015 -177.7754451143448
-157.75446135798992 -175.16736570904925
-155.45201942639866 -175.29523813187387
-154.21134321956237 -170.41910220717148
-154.91687571176985 -173.42580670207855
-151.999431823049 -182.26499537069566
-157.0444977524145 -176.7493453411752
-159.58389801471725 -172.05485578669996
-163.46077225918862 -172.71776271218783
-160.6614989644383 -179.3717605035052
-154.28199289732882 -174.86760902790306
-156.06388654974685 -170.93072456454996
-149.56304664736382 -180.65286618715675
-150.6288611804727 -181.22482198671668
-155.99642614414734 -176.3187474520918
-156.51245047350713 -170.13051116881053
-154.38804004661822 -174.92332608614464
-156.67138642601898 -176.56563596630045
-154.24016437469567 -174.61192975362513
-161.90620699165353 -174.78946393416663
-153.2916356347323 -171.3313295089227
-157.2780283865093 -178.10278333744836
-152.23916159492885 -169.99640015235744
-149.18557285674265 -172.45954409048528
-156.96241429377238 -176.97556861088498
-159.4621346724982 -178.66916542553835
-160.1205258914744 -173.18497177619506
-158.20770921138043 -176.96117337091437
-155.65910079040353 -174.27252463422255
-156.4506753985719 -176.49789879375948
-155.94638838082784 -177.4095841820479
-152.85783508784965 -179.4999773147867
-155.66148655892414 -176.7874485484046
-159.76487097264226 -179.03117651444003
-155.34171315133682 -178.68997205256443
-163.76443274493852 -176.48678964608249
-160.3089839578464 -181.8743777853214
-154.17102455046071 -174.0069689137365
-156.1570389549753 -175.1324679041127
-155.15272193061915 -179.24975952112675
-155.63575072883955 -177.18285452417152
-150.4001754273239 -174.93851658771578
-156.51903086067617 -176.470907015073
-157.67616760001243 -173.31984049989643
-151.14403661374575 -181.4769399694868
-157.32165603503617 -174.10918112136895
-154.43294584460128 -176.1026542355332
-155.6439741564671 -176.39665279945868
-156.41520100786295 -183.38956470230738
-158.05636642791563 -176.62630439185907
-150.643215216245 -176.8585158307916
-154.10819037267035 -179.67836624969107
-157.0520905279225 -167.72767458326422
-156.4213247274652 -176.77826292330653
-154.75256743317027 -175.21648088721776
-158.34700592349589 -169.7248058791882
-155.49060503881842 -177.76863863255346
-160.0779086922896 -174.85381757584346
-154.79154757205765 -176.77962944077814
-152.9260572293659 -182.59186589725726
-163.13622722958107 -181.06197412613537
-158.18545916500568 -169.57675005656
-159.39980557754933 -181.7428072554424
-156.35281027292208 -176.64083442782905
-148.43991562914226 -173.73119272011525
-156.29926236920625 -176.38777391851534
-155.75974140527953 -174.7806200167085
-161.3281451000257 -176.78262420290588
-151.2010474668441 -181.6614893790842
-151.80834013814288 -170.52278734541696
-153.77122319098885 -180.48981780108855
-159.26289633693503 -176.66961787593775
-157.86849641711325 -177.1522124696422
-156.9082083836467 -176.50092715666395
-155.42473160866572 -178.22838336194843
-154.43842894050255 -180.49273740621643
-148.05054622885177 -177.80897356482848
-156.54565315570298 -177.4634982472867
-154.136826872465 -176.44768246076384
-163.04753396469806 -178.17203550658417
-155.4777317193966 -175.6486148281029
-156.33232759553653 -181.0302781324512
-149.68959742178288 -178.99461903871352
-162.05429083005714 -180.73776074668118
-150.43777492683125 -175.09400903343584
-151.96922162892778 -173.62571236726967
-156.46110068289678 -176.5377231709655
-156.85388394720115 -179.43853123438947
-157.5820409780475 -175.92664263143595
-156.51012150661862 -176.9463197558194
-152.77383815079807 -180.15537805096227
-155.41559914523728 -177.11996653310348
-157.22383993072 -179.6445069095453
-153.19646738003834 -174.54791763970283
-162.107198202882 -169.8040688153926
-159.76205094474417 -179.9811848390776
-155.5022827095791 -183.83055466464114
-158.84488629859504 -172.961113303088
-156.38503246383164 -175.5731251124341
-158.72995591400314 -177.27072856934336
-157.1627714429402 -177.20334185749275
-157.7362245611172 -175.5470215633602
-153.30675856380003 -181.0406913672101
-162.3094957707849 -170.424247713679
-155.49429129955644 -177.9472677644585
-149.82853610750746 -180.17568423403657
-155.49968768790185 -172.81724072750623
-158.5385062260025 -180.29821433645506
-153.65846539789632 -184.18834432173284
-158.16586383102026 -172.51717170867173
-163.2140913294006 -176.99012740275145
-158.74995436191006 -179.76790397738375
-161.44115865952008 -177.16376171157953
-164.30506904507493 -181.2550657683978
-152.21472672553256 -178.77546691383694
-150.76762460986254 -173.0569225753431
-154.76252088338043 -181.4356167029673
-159.78343472716168 -177.9110245318221
-152.4194870347826 -174.60731366377757
-149.73729902510144 -177.05726619997378
-150.30895450731455 -175.12216435688853
-155.88570856258235 -177.6673792613934
-158.35846137288303 -176.3251480712999
-151.17665685766661 -179.67698271938664
-164.45750733996155 -177.099454962689
-158.67565998147936 -173.67859749220077
-158.31195889672205 -168.308476730544
-154.6448440973074 -175.46652122506492
-156.71006622879716 -176.8324157127949
-161.74491166784267 -180.79502328558388
-153.195563797232 -176.23512124929815
-156.64740656011182 -176.61644260275577
-157.38565812701893 -177.09150895621516
-156.30038293395256 -178.10601232534648
-151.5385711680948 -180.11352899657504
-156.62667784785603 -176.21510857046363
-163.9253762368011 -177.865448185846
-152.75050351496614 -172.16494122713343
-159.64041695840186 -172.77829380420826
-150.78785622749513 -175.77144387547995
-156.91322029072188 -176.93219602452098
-156.88160653500688 -176.45426831248682
-164.34685221828767 -179.15196770698248
-159.67954583881826 -174.8799967134802
-156.46324466541398 -176.71164021924656
-157.83532151564623 -180.882399893591
-160.08279443916857 -182.30318632137923
-151.58974921395392 -170.45988369816465
-162.73098984841408 -180.11364464937446
-152.97735357086492 -176.0750496991429
-156.2517028442131 -176.95886307611312
-154.4043783876343 -169.8136911252652
-154.18078262661484 -179.8080608233416
-154.03217452239772 -169.3770646080484
-159.50505485418722 -174.38359704033573
-157.30987344515827 -177.01163365979076
-160.9664142428467 -180.9413247856947
-162.06094875981992 -176.45345115752934
-162.1613587101537 -170.7719677946167
-156.34358946930675 -176.67398657316556
-157.05510639176993 -178.22114605596033
-150.4698498845272 -174.9575479686848
-162.73553261574776 -177.0045266911649
-154.40027685583289 -178.23973123709598
-156.97969301165455 -171.08739516832009
-152.47679776106457 -176.4249221844092
-152.3573540514413 -169.96456951757395
-151.49154941141035 -181.71471785495578
-154.45812066598063 -169.772493892957
-159.36247944713705 -177.91572821927468
-156.4967746794944 -178.355674200316
-159.94317464618425 -177.58157647119822
-155.9561425699346 -175.43565660931037
-156.77802427090754 -176.4246484209098
-156.3868704850801 -168.41961026633837
-160.54059136763718 -183.3621051826305
-158.10525084504746 -176.46909765177972
-163.5971155618296 -180.24999486045672
-156.68207482685642 -183.7094385519842
-156.96860705077202 -176.32080268608837
-157.55148320711103 -182.5482962195663
-151.13427705207258 -170.32838568191778
-155.53773489427863 -176.01371342213426
-149.90352778681046 -173.16749710791822
-157.78808090005478 -173.42372476982456
-158.38923393397246 -175.79741140514662
-158.70605451497937 -183.9052680835851
-157.91868011444865 -174.06305835476383
-157.7322928631924 -182.92259850293877
-151.7903398877738 -182.00438684862866
-153.4360408633425 -175.81349046917416
-159.60467799844858 -173.29214477601718
-152.20236344868837 -175.76533955146866
-153.4674338047986 -176.89172399690034
-154.36189255216286 -176.67207151889113
-157.818318125259 -175.3530512392873
-157.89755833522082 -176.67570236420082
-156.5149996431632 -176.8292738909085
-157.63403142349983 -175.00312820300593
-152.13477336360745 -173.61509287297403
-158.67028714800588 -180.81096540992718
-157.23789901375673 -176.90344681895115
-151.70219961180317 -177.41203155974125
-156.59661753053666 -167.97849962655425
-157.46286029925753 -177.49499416136373
-164.50253091789153 -173.25240840706246
-157.29365027166818 -184.15697555266266
-156.52105307663854 -176.87209933832563
-148.76312490889032 -178.7749615635801
-156.7162214951893 -176.37898897439703
-156.18820680742374 -174.7319130052351
-161.10610944726696 -178.70055555387057
-155.4748965146366 -184.81846295626204
-160.86048776783412 -168.79834174821826
-151.9325649000888 -172.16664772957824
-158.90260359136525 -175.71595813378093
-153.70635581777668 -180.3050478246059
-165.29402652110693 -177.821510874157
-160.30684050776475 -177.05924361559536
-162.0394268214295 -175.26561912155995
-158.53694551101975 -176.58149717369
-157.12414113066984 -175.97543690023673
-156.39528388679162 -176.28414172157898
-157.52282605499474 -174.61374600448255
-156.13948540213394 -183.42537667581826
-149.03190313721393 -176.8245893722325
-160.82170749707763 -172.8140231664154
-160.72035411139893 -183.01753545224287
-157.66806849868362 -183.04827931222178
-149.55690525790703 -174.48149507046384
-153.5487122625992 -179.92427160821373
-154.26067990645188 -168.94349586257405
-157.6688260323128 -176.89059972880935
-156.27860499033807 -173.02824854289253
-158.42280851068404 -182.26435880078074
-156.43084834898687 -176.90658154406074
-154.0071730680773 -174.37375082020017
-164.23405296135547 -180.13649702542827
-156.34036769555232 -183.0585317056746
-151.51255663322576 -174.75709121362556
-150.4212031032317 -178.49623008188965
-155.5109201952664 -176.78114113173626
-153.72327792272105 -179.22772657982588
-154.90110023458084 -179.75558049659827
-156.98340606619652 -180.0530113963339
-156.02168106239213 -174.40052383177397
-164.15036585273157 -181.14759518015322
-156.42716757390554 -175.47330322860506
-154.81638600031195 -171.17526400459096
-158.04986186953468 -179.68015869126984
-160.03373811852683 -172.04717801901356
-157.52075462320454 -172.2256512646655
-154.48437532696417 -179.06968960667646
-151.23517393122185 -174.86807249386413
-157.5330918035664 -174.07726390371874
-162.9699057975751 -174.42371292258517
-148.83928613236867 -175.7930577961585
-158.10560646079247 -178.3206730528237
-153.10154111344613 -174.73337624002036
-157.29868194529087 -173.7514931759525
-157.29788016287347 -176.45647696999734
-157.79311034833867 -174.18065424140156
-156.61090578927212 -172.25885656513964
-160.61001478828257 -177.0446943261412
-163.23074969173297 -174.9687753308489
-157.17426256741393 -176.14020726212482
-162.2389188055639 -178.28782717790332
-158.71447831288626 -178.9973809132164
-161.06085276944725 -168.9757408024196
-155.87881959480399 -170.86752894592263
-154.6105761343496 -175.18909056540838
-156.98600204670873 -176.44069333210405
-158.69927677446375 -175.3454915869827
-158.71631846740814 -177.14375460738543
-156.1404037489153 -175.19035856984263
-154.3986792602969 -179.7213613954466
-156.5168959854819 -177.12344639079865
-156.69351021466878 -176.69402079442293
-155.47261501988785 -174.81497467834373
-156.40218790771843 -176.38752980436294
-158.4169133187616 -177.19166996116272
-156.7398950364938 -176.19696914445757
-153.75217210032244 -176.32403221226545
-153.4630969314834 -173.50535080562125
-158.15457717414083 -174.85983512111991
-158.65593130188384 -177.38279177965435
-155.8067459845499 -176.8057137931545
-155.69610043927858 -175.38964552284577
-152.85679487939632 -177.88716388884893
-161.12084413646144 -173.2110937115083
-152.85191294532382 -180.90819227850758
-158.62363315704235 -172.03542342550162
-149.9533678324081 -173.0104797918376
-156.3720125655314 -176.64961072815714
-156.04096402493863 -178.32208948350285
-156.9492008782352 -176.5754379504847
-158.757631366174 -179.36693273985392
-157.32471561944226 -176.29224163997785
-154.0153544272373 -176.01516157962254
-155.48082054261772 -176.7612347395318
-155.72064646042435 -173.02106959640926
-154.91908222252914 -174.40343994998423
-159.3711071489788 -168.45909672920416
-155.20913579096046 -171.80084095853323
-161.37589250455173 -183.7812780829698
-158.50086185612776 -176.570026155048
-154.97288223911679 -184.48541664209344
-157.8918934078978 -169.67963354097466
-157.35445330179422 -185.14264588922208
-157.45836468579262 -176.18142857479097
-150.9131779932028 -182.88722703794062
-155.38972246477041 -173.8637992349092
-153.513650196383 -177.7446692133766
-157.61119531230653 -170.6258647945164
-163.2378714975843 -174.58702115978883
-155.8260252243048 -175.24358760954004
-156.15740406526288 -175.23538005112957
-159.51852493448217 -176.221709381553
-159.6917112881172 -176.4870223838956
-164.76973993615783 -178.09537499288157
-161.1467421863314 -169.03803746542917
-159.47428322259782 -180.6511719230866
-156.63400126301005 -176.67219095801664
-156.7623976002448 -179.5723397945858
-161.84927356641697 -179.04669815778811
-156.49897422543387 -175.3578090332604
-161.94737114490445 -173.1014523596386
-160.28256631345744 -171.9294327062162
-163.2172036379579 -170.70672067554688
-151.17879657770578 -181.24830437041652
-158.39116522726712 -177.4971881605127
-161.51294132572235 -178.37556098735385
-156.56912097968024 -180.61796457199148
-153.14836160910443 -184.88289831814413
-152.67929859069514 -178.61543587226583
-154.1559692054251 -183.62058470739203
-156.67538913271756 -174.77043634825623
-160.8122599661762 -170.0839397513966
-155.03470891975982 -174.9779971120855
-162.47962504344844 -172.20406521004557
-156.8766307216839 -179.63922458157248
-155.19195935261507 -182.10616501519598
-157.48294835702822 -176.1899542883947
-161.77558563868442 -177.79462584026024
-156.82314404925944 -181.3566057615876
-156.15903689596178 -178.49186704723726
-156.56618014488166 -174.15466312897792
-155.8947820504523 -176.3280383047403
-157.83956756401375 -174.38532620060508
-153.37278557326277 -177.59265607023065
-157.19309591168403 -177.94278675580222
-156.1230616079656 -171.69233766219855
-164.69195553991972 -177.03101472115046
-150.9054752776509 -180.25619300640264
-157.63683023051618 -177.13700382959198
-156.41070521535357 -175.9877794474667
-155.56084410827816 -176.58460595329214
-160.9132989717221 -184.51958232107316
-157.6513822983254 -180.42726527900132
-159.04026403537466 -184.35045831004683
-153.34778456944017 -176.5239976020161
-152.58169615839216 -177.1613809164243
-155.68526672609568 -178.84110237420498
-149.61949588355745 -177.428469437752
-158.46805036633236 -178.69589598989873
-162.43174549732845 -172.95785134391085
-153.68058967656506 -177.93918136785445
-152.6526504779348 -177.51434697739097
-158.34151743902618 -174.42946964840198
-155.44880483750325 -174.4038399755291
-153.74492590053677 -178.1829444043739
-154.62973109619958 -176.78267849711062
-155.33703674781492 -176.31416101798246
-157.37666024404936 -176.2119374537166
-152.69670687250286 -178.86455794206145
-163.17166635808897 -172.50359956441787
-156.37593414336314 -174.54411152820407
-154.63477482943952 -175.80443227899417
-159.14403420492158 -173.6700426294957
-156.10755767532203 -169.59679836901003
-154.9803339966516 -185.28508124923937
-154.96879527197254 -172.8160884919771
-156.4259039231891 -177.31957702563832
-156.67846838012306 -178.82743431651866
-156.10445968429528 -172.65206652428398
-159.65125094488107 -175.9287842445921
-151.2385165861567 -172.97992284595946
-149.27563393533558 -178.87900763890735
-162.21473107046458 -175.43421690410014
-159.8571767077035 -169.42758394042187
-153.14064763851047 -170.11134210594747
-158.84390643513936 -174.5597766888617
-156.123958757159 -182.2301104469361
-158.59136762049542 -181.5446149446177
-157.63642357192145 -174.7647355553073
-152.08121134753299 -183.68635815468417
-154.31248577622432 -168.68817890661654
-151.49248438523796 -176.46076392703824
-159.42870864992233 -183.23492274825475
-153.31862985203847 -184.99400165709977
-159.4169872163407 -174.1724192101609
-161.23715324744907 -170.68379641884465
-154.89674399876253 -174.3543235904672
-151.3176183943544 -175.82844890819334
-161.45237368421917 -179.4688626777224
-148.5628617507114 -179.84439855274297
-153.15172617970543 -177.8204437375352
-151.61995017132097 -178.79091129649075
-151.25962833404458 -177.09758831438455
-155.6621142331974 -171.856800164629
-160.75414309593714 -183.8395527341991
-151.11313444337338 -181.39242811134662
-155.18433687943767 -179.26445862276162
-151.4353654395191 -171.86915574775395
-157.04739473253386 -175.02063796884397
-160.7246701392248 -172.25303008802751
-155.89905570722416 -168.41555018122673
-163.8949695880129 -171.70212405385845
-162.5637109124159 -173.48641460641556
-163.5173786957811 -181.9069929728765
-152.95859850219495 -175.76638701449113
-157.7174908254914 -176.86960178222114
-154.9599747072532 -178.69818587391302
-152.3916396965957 -174.19037295681358
-154.2311139420218 -180.0831753220092
-155.98458926911152 -180.87996734666703
-164.13715819888276 -178.75212786556932
-156.94603319934717 -177.64313960427396
-162.74189423960718 -177.54207928132436
-162.258492516792 -179.02772563717306
-158.52352285367854 -174.84867842644945
-158.59676486468956 -176.41706470036473
-150.82160908586593 -181.52317123291624
-159.39817872093084 -176.30628290628218
-156.27012787165958 -185.619084115646
-150.46885982997273 -173.03317454483545
-156.14173006687946 -177.46194989162427
-150.1402274108101 -173.39584630484612
-157.81743968878067 -184.85412149078277
-157.89097460533424 -184.29777626607967
-161.61974403955807 -178.22042357152634
-155.70096379050636 -181.22308513491484
-158.98412705790562 -168.0413275969853
-156.05714733790902 -176.16790556324895
-153.42420358001027 -173.28664695648797
-163.49961114060918 -176.65333233738687
-163.5574589343075 -182.10854983087526
-149.9768700500937 -175.70828778797903
-150.5260294690854 -177.01723861609494
-150.95822706547955 -178.25485404827023
-160.88950201341362 -180.95702441153665
-152.8729245882337 -175.93654914360408
-159.1449377527139 -176.03078071786814
-156.26292154982164 -174.77723835507118
-154.61301324911048 -184.2947597497237
-151.04787266020523 -169.9301230098649
-149.3890688419823 -181.2503848841038
-157.7121274014697 -179.48085507121536
-160.70694396067 -174.54965453994984
-151.955841754062 -182.25583829819104
-153.85428839667034 -176.028314021445
-156.78208579581957 -176.56053446496017
-157.44688461264911 -175.16238115448263
-155.65571746145844 -173.20323426704667
-151.35352855285151 -179.8443352785781
-149.17469685040322 -174.94377244604004
-151.47442850406577 -172.40991802962338
-156.0050566964097 -180.5401666187494
-157.45317139585742 -174.38119032400562
-157.13020552503622 -181.85873960039788
-156.48346351896458 -180.4244430443455
-157.40968186887872 -174.63914892622614
-147.89408341806754 -174.66160657706882
-150.16309358043208 -171.0812447953765
-164.74006192561555 -175.1277521743978
-149.58383978228906 -171.98841416118677
-149.7540881232059 -179.66127228330464
-162.02107142777064 -181.48142733961492
-163.65236767088857 -175.3656773651873
-156.30244137743438 -176.2691395433482
-154.5539014781229 -177.52036250198796
-162.34091871400975 -169.84119155169955
-153.74426740677467 -175.7405970050747
-157.78901807938735 -180.04435324125043
-156.80802818656522 -177.1594157030019
-154.95478239287826 -174.57743519061412
-154.7781815947409 -170.7242288862419
-162.73694395432526 -180.46404794633358
-152.47159601846286 -180.40477428271987
-161.91292645497347 -175.96150915015681
-153.90761767653868 -175.93083916421367
-157.5521501480361 -176.1007197946411
-151.60669889332834 -179.13158931324475
-164.8217381225818 -176.4461619758354
-151.53276984920402 -176.6070339650034
-158.5602983557241 -177.1696859666275
-154.85322317783587 -175.12179676593811
-152.1888570795561 -183.2131060856488
-153.1573841594224 -181.11528818527594
-157.53359911192646 -185.56989910228722
-154.94328549466806 -182.63376943744294
-155.7045419089211 -178.67798150911466
-163.40793561771878 -174.90638006743484
-162.52573597964246 -176.76034701876802
-154.20993300566934 -176.0276871685111
75.73057450832948 -83.31500274569734
29.194881312575262 -143.06772536152525
-16.141564291987407 -117.35019077196868
187.84582366184821 174.38842316172526
67.24317790872828 -177.70121598483422
101.75001607678087 -61.3473714795758
-34.047160137019176 58.51349041877245
-154.44545076106692 65.03624185441288
96.04720377164819 197.9127784199594
-31.38669523668517 4.756924046359643
-20.380170369026274 -86.52165255130693
147.61540774773437 181.83337085159576
-101.90797959885218 12.897681039202155
2.981774982159152 -133.11399354841794
24.13586329727346 136.9129105531572
-166.2832791700081 -7.1093442429107085
-106.17936818745082 116.24096707538632
-122.52629756120008 -107.25484480125994
46.31960055355836 3.055875419453855
81.75894123795428 71.00914307460795
74.85305640286379 -59.921157304157674
-18.668397069311283 -63.00478780719837
174.98118106983804 -83.11018057195972
120.40464228039559 -174.9970843016955
57.03761247414036 36.135235454823345
-126.87953939937815 51.769763716238685
41.022643354396195 173.18279607126726
-64.64816305307198 77.102806665726
8.992265761439683 35.907949696415386
-177.65270725762895 4.637473684652093
-35.59959451705805 -162.15635406240256
-60.12866214766501 193.13205291035712
-36.82797347018507 -0.6171744720889478
176.4095427671847 36.844980620399866
154.66790986546368 -97.91326093434485
-188.3019544411329 116.33217191212555
-12.356181664379932 -39.557907529741414
-142.43868750570763 108.93795501696962
12.364411662824438 48.52500921949655
101.72268513904788 141.6205203799292
117.7551124584727 -110.65315295063347
-188.6158059403829 193.3924833651672
56.29421974697715 108.06804511461877
82.31275684408268 90.25706017277656
-171.26100687029324 107.5151771728394
100.23739193599783 56.73333271223527