5.1441167775224415 1.650504842407068 11.183650064927493
5.913847721427118 0.22814085070452528 1.7574620835512755
3.7064707182030654 2.901483961380099 14.279007678799378
0.9330659233039575 1.13009506247329 13.127811004515783
0.5506800591932222 2.093997697936564 5.971196294550416
3.8516368920802178 2.5381424974926285 7.951075891299417
4.57996073623513 2.9009203302341255 8.180002108604505
0.4501236652505196 1.4172628718839833 1.2100083575670417
1.4317148704540696 2.916762637361616 4.275267271080247
1.7196818435943835 0.2913290324652781 2.8813587862433074
0.3156289629037805 0.8775698827093212 12.224244491114732
4.294546489338638 2.3396801874229745 6.765012098310995
3.4017107857038984 1.6669323919494228 13.093138759476194
5.563540894776098 0.8825670401374248 3.1970599985667922
4.980558780218198 1.8781133078069545 11.88084416580479
4.502199065872112 0.10066077398613216 8.381843973529358
4.458603109088823 1.2757781969088091 6.277229781363671
0.24421256729562124 0.9329327565759898 0.0013591474046409369
1.0319127216350203 0.8310338045430302 11.01256897607022
0.3608397496319282 1.726771183408685 10.684840595193021
3.9232190365337263 0.7551416733080175 8.07118680499718
2.619039872849824 1.1697542626272812 10.663727216138117
0.4570833140218511 2.811617728084588 7.1293762942137295
4.973349530724718 1.5753904869323347 7.22699825293959
1.94959975273571 2.5521771268025115 0.9741578696612196
5.420989634348499 1.5294629109164122 6.87407069303461
3.3638503411931047 0.9556278306717169 0.8548697325952359
4.5907450514592325 1.1687144623016328 3.6123177672504965
1.8760977332836426 0.42712140200039683 6.002922509845802
0.8462759743094963 0.47976795222027346 2.7724619341393906
5.9122235823392035 0.29188481621634077 12.30742061115767
0.1763859613601253 2.5281888008546227 4.556403464245642
4.215606764506271 2.9332893402279328 9.424813612350098
4.0708742924559775 0.9805218308311034 4.699568290772369
5.77760335306413 2.289127712842326 1.462091593186614
4.83107646226475 2.7802890339790065 1.0090797510004856
2.6921813452144923 2.79785556128846 4.57581097087039
3.5485135343570597 1.2947697806299305 6.8853658526231944
3.9709876455968836 0.20575944071112284 6.35226572013131
2.749226681656609 0.9982182107192349 5.687793603645554
0.7072819376053614 1.216116005936835 4.8162647806505126
4.5435950583116815 0.5005833386892937 2.3318608992539964
3.207069103213739 1.3227647049767355 1.6818189752412498
5.281262092443361 1.2331963250189986 1.4766763116110333
2.5708084474062503 1.5500819064568914 9.443063408801272
4.076097672033923 1.4397443137242 6.400943385358644
2.3387836834002513 1.0189442333071688 9.205762110433334
5.772736880425888 0.29669178410174857 2.606890625174418
2.8153588466006227 2.6207304173411874 13.854052665470183
2.7618923591157882 0.3027963289564808 4.721615750687293
4.53415660759029 0.7066464120990281 4.929993371044051
3.4363674668583117 2.5291320444139025 11.551743322273346
1.9780630425510888 2.9504272290188482 6.570661894953039
5.382026007644672 0.6270126989300514 5.877859963354937
5.109515302286559 0.5452977343164235 11.760890349787456
2.6103116728691953 2.46405622209868 5.135576349671359
3.5814753499442826 1.6724072861399488 5.051382204893111
2.252975138799379 0.05295206541285158 11.17317202534004
2.2306375826988085 0.4454700511145223 0.07390053848486955
3.5088731563811084 2.480669203648257 14.768675125912274
4.902898105873744 1.91735690762405 10.711116657194182
5.803967386844526 2.5568783843516845 11.25549191336049
2.0910262136343896 1.3081503861239276 0.07225595763515058
1.2843167390685537 2.3043283556613017 3.6585496458715374
0.5727257760557647 0.8497181447574346 0.09326070373315787
4.379164831268872 1.3763008712386982 0.30115098746852476
3.632171706736491 1.7855472966210093 12.827694246791845
2.081348629713826 1.7582119173899269 1.822800030549912
4.909256636081759 0.9999116974878934 13.746703815108573
4.289619360679462 1.1616720840909596 7.619994017951281
5.7858413398448745 1.6020489964734006 9.392426707692035
5.070574197119197 2.143436765677695 13.985284365741343
5.791824518818454 1.1050239396300605 6.857950188154519
3.9887693178611743 2.686948055287104 13.637048266082758
0.5368493955874845 0.6413955558235828 5.406996457894925
3.933548568451276 0.36877793354101296 13.05944213642858
1.3628929878620581 2.890053857228711 8.420083019968164
0.8478858749538138 0.5296414399015938 1.2781706769319034
4.174733722973877 0.5667528501225525 7.079821672663956
2.6067082442162084 2.6093566870149565 1.21544742155703
5.233390967611659 1.1119291529312978 4.510675460719663
5.4487914103184725 2.419840743825514 12.091140438801675
1.6164064425901252 1.119209292697562 1.564092764081011
0.7922480424501834 0.09732311091929624 0.4867833292675139
4.430915195397772 0.1488517074560698 10.108956250700377
4.222195221939448 1.9744436436503583 3.2043941376307594
0.8804248079495789 0.6026101910893144 12.059426216611598
2.6651970669572025 0.42925195674397953 7.904200100853083
5.0035264362881735 0.8642321230655916 7.10958548187709
1.2172354667925454 0.3568951460208344 12.017753556682566
1.7611724076885935 2.959319038591512 7.799082816868394
0.4578846274421289 1.4942077827677225 2.7699035171574375
1.200735763833166 0.27791464390880094 8.398082495543523
0.4223900282140378 1.8182053754699044 11.096316578453862
4.213790490233055 1.8442397815770533 5.82731724467396
5.040371055801574 1.3694957664959073 11.645167459545254
4.302950068826199 2.7212069241510304 0.06890036382989295
1.7253750918094723 2.9403435998360323 2.9657549693271794
1.7585816622714865 1.8611178780421622 5.391324945509832
2.618895765631093 1.1689085767519258 5.139930568402397
2.495995726068016 2.7457102166514176 1.5072872660551058
3.6853001706965323 0.9732322636107191 6.447112816020787
1.577523494985085 0.017638315406750427 8.40133920393757
1.4740653275014473 0.7527710130264659 8.765856972961902
2.8794184534212626 0.6842590562872837 3.0982518619072836
5.8285872967775925 1.8948502848723945 8.7239141901062
4.025910729307866 1.6049109103543904 0.8976918390086713
4.88344230180441 1.6366880855732417 4.276493200261533
2.976667152465513 0.25211923002648307 1.8944099250235218
5.712585876317736 1.9912925761600977 7.738375404648952
4.05477833050737 0.45643867328347465 2.188714952451111
1.0927685211851308 2.0394409617750626 12.541814450080487
2.5511920674416193 1.5212528262209202 6.026441527395997
1.4856130987620166 2.3458940799638164 8.418805653640032
1.0305245086038508 0.14283269660493747 2.865328609755614
3.632118210611673 1.0200290443104802 2.2335989455605154
2.5148533013116223 0.9496820650525435 7.017814773158324
3.42861191685764 2.115928303646151 14.387045480185327
1.7395000221245265 0.8158599722364803 6.429108448045699
5.711844432933634 1.4241107332112812 11.49667265387088
5.4439742236394135 1.3674009166778696 3.9172261208287047
3.547616584437085 0.9390204842625917 8.718277256675538
3.1231731836584586 0.13751363687401752 11.700166575555416
5.56174208097836 1.9621792715312871 14.479110996770848
0.3517367484362759 0.9613067228012244 4.361239242521816
4.715751878989528 1.5539917653855198 6.588795292814398
3.665237720798285 0.6027400597818866 13.92477237841829
0.07068764449076514 2.292994924464254 6.512330798123029
4.168113306334314 0.4402330253213641 13.339108171754916
3.8953642950205127 1.7645723655243857 14.78744830735898
3.840283376206357 2.3849607091212115 5.413104615881041
4.044372720635823 1.988542662101465 7.191783638876422
5.55229666806002 0.22671898365166565 1.8209685219660616
0.8636126793093806 1.7302086460014676 1.2970701688427217
0.730922491440305 1.0367126029112215 9.316832433386116
4.002308304863972 0.5911983510998128 4.3729468697331555
5.976126484663766 2.2762205841402388 0.792552138948801
0.04036111899586792 0.8073543751122252 4.768012960206274
2.777942972760057 1.5218421195786243 0.8647423775104235
2.4240866811539834 0.3605940051886116 10.730618331269321
5.740138708883279 0.14533600621448628 9.106004278217226
5.303158993061405 1.932737719081679 1.0235767325198186
0.6682388764076668 0.12079521732792997 9.695336084956514
4.984533710498661 1.322025254327556 12.109088218388472
2.2111318633431027 0.05157355797284047 9.850220720264069
5.006211309071261 0.44941454228620037 10.654213199644838
0.6177373912171225 1.4655889292675104 11.695735856055745
4.855401038120233 2.7747868669319846 3.620132313457973
1.8063888283365372 1.1685171052288417 10.39461470890394
4.421746848635929 1.2696674683665756 12.223683125514215
5.3800604652725035 2.398159378871605 1.4620028539245822
3.905778301343836 1.9885216712256215 13.113842390780167
2.634649996996223 1.496795445223589 2.4124867525529665
0.07730361932315932 1.4961451973833975 8.404342590551575
2.3357254330403894 0.23673313411149877 4.2192416451228265
2.422008096911942 0.6270634278786396 7.514457302894379
3.436663901076457 1.3397671072090807 10.11335797102141
4.311732553050211 2.6634823784189603 2.504839467957733
1.1124562970596221 1.4886223310607465 0.9601722685882086
3.534321644962654 0.680094462347206 12.594426915443076
1.2544450736639263 2.8218004178670966 1.5400049571093581
0.9457203116947679 1.4053453374925748 12.777585479252036
3.2291232891230237 2.0519886792963464 12.513364145409259
2.488570397724513 0.8633051260275016 8.144691107682625
4.17735808363594 1.9310320171381363 13.072183530460016
3.0200421621012277 0.9127775444366316 0.20122912261593462
5.796704754058128 0.133371692343635 7.433033297024135
0.8431053619670268 2.580762584850127 3.2739376445323662
0.04772438751204522 1.830821379994069 2.264276397735779
1.6896115109410421 1.595778575541197 2.164516907065101
0.535576763781527 2.5844388560015434 5.53642093183878
2.126035367475017 2.424457399433853 14.202866071944124
2.5151039574701093 2.100834619926168 10.135684436451813
0.5979885092132919 2.4173398214006436 5.910801478963964
2.088321288537256 0.1922472162518195 13.401321774302904
4.5521464831107625 0.9355216788517546 1.5072387535142044
1.0125808058236427 2.635514507947834 0.272617027076556
3.543935642826039 1.7188330057601016 8.296088940393027
1.4517130735488974 0.7169898386039414 9.824189221042703
1.71658033338187 2.127374146750159 10.818870599198847
1.293170657433672 1.9384429190362173 3.3825468950369793
1.494402753430485 0.08368337704930018 0.9148162400452348
3.6571830235342424 2.909344074015384 5.7111207022609936
2.0642115371226284 2.157650304765628 0.8144111852864833
3.5261425334600007 2.0470956524500763 5.602075110897518
5.450427169341401 2.656011088822586 2.7173200800630717
5.5995274281263985 0.17964190655390389 7.890245801182525
1.268920654351791 2.0206327051112556 7.911676994716531
0.5638135223924037 1.4091177434905546 1.054889636525984
1.5239293117057 2.483858479724377 14.352217751965195
5.993626520531716 0.2447470822647113 5.779892476790137
1.3744509093714037 1.1422296271424717 14.260784711998332
3.0032663754092805 1.213667390491353 5.417036705868509
2.6995987278981737 0.05361080723337397 14.19542058659727
5.054830693911842 0.46164040132067974 5.805822120583809
3.4071855227851993 0.7825301416430532 6.223511729881921
3.7190467564111147 0.37225351657501615 10.735989452523171
4.115303371996468 0.07224835591404799 12.213716328361397
1.9957407685242392 0.9941380676446187 10.5514050308296
2.256364728810854 1.095243828531396 5.03956196029409
4.8706403867357775 1.7169529649835364 9.200606626629172
2.153102262456172 0.35005769903697737 2.712303650678381
4.564387454976468 0.25592137593679876 11.53847406112555
5.2346015944492335 2.2996976958639266 12.444617661001551
0.7389224608947633 1.5911755248184711 12.914447863204487
2.966967522309733 2.07740626308345 6.7553552249222655
1.8851196319179009 0.4663375292956674 2.684219518253086
4.252081510140647 1.9016590439314072 6.3441544105475405
5.504929658275004 2.3070717787796986 3.3031305711483543
0.8890444551038781 1.9380846912026342 3.7938628331342277
0.7328747075928266 1.3320500477317219 12.68545035365292
3.7167013761255667 2.7300371973385333 4.465579695805914
4.20252836308066 1.345188779262413 3.380186450126602
4.7048171151015605 1.7240567017829143 8.993327523499007
5.131650071981987 0.6338719974797555 4.685041238327853
3.4959515115557567 2.786016759657604 1.562606560988729
3.2300835414517914 2.392753802797121 1.7326838321726201
0.9114917420625404 1.200414451666672 0.15375399666958
1.552253577670926 2.8604808163253512 6.416121455541404
1.8522517374438543 1.0809119907120919 5.454656951952364
3.2600955745940974 1.8205096661072537 5.346155803186853
5.555104776629673 0.6761874677434849 4.193039174084656
1.8574294019450552 1.678823415797123 10.51476226233791
2.671430487790122 1.2907866009201356 14.36892176947733
5.641042459414603 1.491685704958619 1.4971160194902966
5.62895705884625 2.674548279388188 10.553353447244636
1.5144647562781262 1.386698200525042 4.053546602224223
0.8662915647135319 0.8962111026392285 0.866430398825549
4.488147864170882 1.3719599518905095 7.884981554923213
4.555780824815621 0.20410231723509065 2.6408697392585205
3.932813617866012 1.6637267397674806 10.242559132448294
5.761042273972964 2.0034895628604996 2.154544998594953
3.412864484739769 2.034251385632989 1.1595870358863603
4.337909771938621 2.7514571723121963 14.371102292830576
0.11645484772428083 0.922629944377344 10.14321858323473
1.3845370093186744 0.10623771384403802 11.311773881304338
5.546024168394224 1.873283788123469 3.176060506857659
0.7905615553323122 2.9096615691473087 5.54129998185457
5.71950256738045 1.997657840195266 13.10373600689138
2.1456023221602796 1.4401259834722122 4.356866721095623
0.9073640298364363 2.976589823863303 4.066171705079267
3.4647893007939463 2.2333439582070143 12.09664485177511
3.281780434348666 2.4311477579647467 1.541158608491569
3.2616865622049893 1.2889691395275915 0.6040517942972196
3.8373311411521387 1.336523506981956 8.075235559374034
5.211401310852574 2.5807656099939362 13.099633377839105
3.819591491964142 2.004390810827249 0.18723315996445833
0.14911444491576376 1.8359227010155825 8.22043194500053
2.4609881618217644 1.6982462700862557 0.10875961316075877
1.7301833147372798 2.9015933658526567 11.281831093386385
1.2470565981110024 0.8331081550907962 11.492448820174948
2.900518844343946 2.7326981892461433 13.3080255053377
3.6701115224017835 0.623418032332664 4.756098280035987
2.5439743153746797 2.918700439934528 6.87497333291838
5.883775416453795 0.5563139389660474 8.751336025965362
1.8628055239990715 1.8088266387963485 8.051988933778489
5.858875973570481 2.627775745531709 5.694238290410182
2.7925990822088917 2.796024267277577 14.058013752818493
2.646538953886889 0.7996026990966034 7.546813799019269
0.9007679839886467 2.483703855316652 1.7822920172402341
2.445110079072336 1.8170732477382245 7.800724128759349
4.501867050391758 0.4715684780323173 11.350131503601585
1.014827170907644 1.711261620736546 6.264389130007821
5.697269761325291 0.7243844941678332 10.354363250185
0.13496044614558467 1.156178335172915 4.513861053378686
0.45027263296662823 1.1186918208401724 4.274184305596622
3.3664743535577557 0.39552412150534155 7.695537443338052
2.753328750269693 2.271561594704785 13.737163051934049
5.197091332646345 0.5844398102406283 2.0547814340448722
4.168234401153588 1.4556965403223976 11.447839706742883
0.3582992952015962 0.8300939678980016 5.716127110819825
5.952047528207272 0.3692297002286261 12.194322572441932
4.433895234402637 1.885082660149847 10.780692895742177
5.641732670623131 0.5873585371800129 14.765390667682144
5.02900159254629 2.699445300254329 6.703239083185563
5.559928649055491 2.065642031771753 12.19836699105684
0.6440518151993542 2.2530145187443087 14.65842405737161
3.057590131998226 2.770500410920969 13.057303284446078
3.332323466364236 1.6658592469127582 6.974770537953482
1.425485737401795 0.1822725426148064 12.612505950588728
4.205244372947892 1.7405289241331272 3.5322971962025536
0.6043707704087153 0.37782780060970533 11.10840758222071
1.45058894350059 0.07847899124038904 11.453634137238014
4.146256731189354 1.2169294597082665 3.2870709030071015
2.992969729133873 2.130582957934191 8.10249055652163
0.8894314631444125 1.6128286421031754 11.58914729352924
0.09618872693740732 2.5523352709684364 7.984209813638162
1.8218716304393225 2.926094879429961 13.509114301250614
3.2242810829504407 2.425332720903447 10.69186364369526
4.955843468867806 0.955794878523133 9.051083436329924
4.333477510640005 0.8355652454763219 11.5038987206309
0.8205294418383002 0.2933379910357473 11.349946596233702
5.808282252426962 0.703848261482281 2.6109948668285927
5.026549510278463 1.1854613084089822 5.184599954821535
0.14136202583069402 0.15974724509506455 11.883870403611292
5.40138639258678 2.410941549890288 12.010063003607293
1.3938255196129359 0.04045336454327453 7.4609117829772424
2.4809200203246933 1.8176546286616673 10.085534169323704
0.9752668135545242 1.668632544425951 8.655593374474666
1.4672843269354894 1.9698327076926523 13.075938619093078
3.8869522107670864 2.7080234506065155 9.873017801748627
5.289932665024496 0.637299372684295 6.69578842095513
0.21420709974178886 2.790927382789831 9.268004996295806
1.0233642038505233 1.69283094738118 1.3464649128653006
5.405294211048335 1.5698340082393623 1.400263321089124
5.986808401148355 0.8391892249136996 13.766683858583919
3.7409245136896043 2.604978817078065 12.131991691002789
3.045904690674857 0.7338144807608409 14.659972354737668
3.817138587275106 0.28242159792386556 3.0322599181329157
2.4563782965969247 2.268562137491819 12.52881733723023
3.5195201594829024 0.9118928099666664 6.227162536009073
1.4411011840488235 0.7263512571922636 6.332497454302341
4.572597620059821 1.4054102205654782 8.703878337597466
2.1349692061443286 2.6359592498608735 5.274056127047185
2.109200210808257 2.604722006815668 3.408369447944976
4.400788411720863 0.1939309191233216 8.865389799263106
2.322881355005422 1.3052677164280753 12.911919265076232
1.4278835098903762 1.4700719226685168 3.4637434451057274
2.962358456982582 0.2909369846790666 9.618510194702482
5.458466941423377 1.8404391852325275 5.795338446276574
4.827733192301931 2.0104438927262924 2.1820352521431956
0.2978408007360609 1.962016244562053 12.263784571946738
4.52536536755045 0.7622518441306099 9.650021014333703
5.938979114857644 0.18237475177353435 9.699737106415151
0.3445506963681688 1.6781866729525126 5.928677692114867
2.6873839517075204 2.809879270886566 12.102810577512578
3.802323028031693 1.5432616942707447 10.924339632737565
3.051383417949856 1.9200673910373331 2.478491327399696
1.9427037341409157 0.26961698266895173 6.396021484021975
1.4076920947159268 0.09405015376390291 6.789475985531438
1.7753696607585905 2.872286666943083 14.53004279809279
3.160164991755031 2.090337979915471 12.952919203707594
4.854812095428807 1.1866127919111642 8.427650863298233
5.754846909960808 2.313277610821708 11.560279487090064
5.356406787492066 1.5656438819863734 14.633372678976539
5.488586585226757 2.625594056397903 12.638650239647399
3.1956334563590953 0.8389699789519404 7.869541623527021
1.1553709744995575 1.6151123758545647 1.7553675114248772
0.336514595197674 2.388400073535153 11.361845568925922
0.9463804086208207 0.11278544576110716 6.590794293639963
3.34442374405704 2.4694540801345544 1.9001466562871299
1.2690370008679916 2.685241503976333 6.218878939029492
1.042448901530125 0.37240780919245564 12.256999960360465
1.18770040222388 1.3001421196970755 8.01442272654828
0.02812630365676494 0.4494671400640625 14.309368494335356
3.076938650851326 2.840659634327258 4.843232267474273
5.115374256595004 1.0574874737888218 4.557163474973196
3.1053879336962265 1.4470856841626956 5.151429986411079
0.9408947407234727 2.5034150449423804 1.160325984220506
0.017675506662829576 0.6877448283560025 14.300813225173409
5.449642686861528 0.642416514908018 6.087654590291725
2.068479366665847 0.5964014330832716 11.97421327202298
4.72773187004993 2.5413622553945077 7.768039342352137
2.9520335448265262 0.5724299446054049 12.678357630724808
4.690066338266503 2.589528936114855 0.5196611767741616
3.332991186134576 0.9502714102288851 10.527499749996009
0.2199699859144102 2.047719531981103 1.3512796218698298
3.3793934697302674 2.5734599875843593 9.663301460542721
1.1303187258735825 2.969755956451648 4.203912067299492
4.6648572254974665 1.2492706795409503 5.605347651318685
2.165385723805417 0.14633501882429956 6.373308731549784
0.35987719723501144 0.8594492972456552 4.112534064446435
1.318842909713693 0.8388146278784571 7.100569921848562
0.9216059330605306 2.602751360911273 2.3494703619912407
3.432542385314101 2.181966147886935 11.819507390109141
5.782717654072227 1.5391383252881252 3.7501082097475926
4.265060667162012 2.1916062042634152 7.213059953938675
0.5567957919753705 1.8370903769618994 7.955777480118079
3.722985152361679 0.8789803870357518 7.5232620066937335
3.473164927110288 0.24936797497359608 1.7501246231066632
3.1710538845771428 0.7946757556538337 12.148244653666382
0.9978536289475468 0.3571509137239468 2.885508636542969
2.9926966309628376 2.7430700623017676 5.921208012276413
4.2631940508169865 1.853729101966561 2.6310598257876023
5.664614492376537 1.109799782816555 1.895042090857757
5.108943037058805 1.9548217421018226 3.5393270216504757
2.4411115108790877 1.9157629743522757 11.92696592426871
2.8295782674021757 0.5452640445579225 8.509194683178599
1.9763713260885236 0.5917558538464547 3.125143368230173
0.6768098873053758 2.33950335397432 1.1570319257601862
0.7858617167843818 0.6583933645528237 8.836796426776507
4.168926013762951 0.5332845000218336 11.811104695791176
2.0977371387188217 0.028439190491239774 14.30817353206963
0.8618585032464983 1.3031526613849995 14.504325447078758
0.9331723998564772 0.8016773554947487 8.816199317896434
1.8636954842680529 1.2453124961983415 4.091102884757176
0.1252115614679865 1.9489350438710615 4.790980356297199
4.340251462347862 0.24995296012435442 2.6216047961167073
0.14022328807749096 1.3038490613256313 1.3256239696848315
0.9712712929479175 0.1207975981348739 9.508021025372642
2.454858543296117 0.8448012344995535 5.753979380324949
5.339390331412143 2.1418510762729 4.446311779236918
4.4546323607041725 1.963516127456237 3.682781024924222
0.3431561242337653 0.9307729985522527 0.7594260282056148
2.7143435391636332 1.1474894166966054 5.431087479680806
5.225350700405451 0.8411209485570234 13.258894921290597
0.8615640122728441 2.324179669896111 11.805745347208555
4.595102185331821 0.9418722481808238 3.0855537156309514
4.845559448152683 1.7375995484972808 8.549332996722155
0.3169377035124452 2.1857697321643244 10.634976364368296
1.029539497656779 2.989665330499422 9.208689773084204
5.343404621398653 1.226858286908998 4.764443550773657
0.4898614676384758 2.025132326177448 11.814599509651144
3.4796837812393866 0.9865651392602793 9.870264312619874
2.090432119142931 1.9784135848132582 12.909096498053245
2.617613502065781 1.0520570239292848 2.257562839604443
2.2242428730564994 2.7566443371598166 8.261151489801358
0.10101793747181076 1.5368451047711482 2.078772698032716
5.719759861319107 1.5398680535038791 5.860464159024208
2.2922007191644074 2.2980137892314847 6.555119543022535
2.258103291317984 2.4713823076453743 6.168267477787253
1.018289138320879 2.7630064624522066 4.347528708122064
2.4677499279597725 0.08681061471164608 2.1513653986005266
1.6157572892048893 1.466910905365399 10.201531750688265
1.3549826823545497 1.1333048357183648 11.492794794642677
4.374403114886106 0.8031692936512208 3.350685829908022
2.502783487348859 2.5580765411687176 8.958854572766084
2.118259108998606 0.6861019049263324 4.4282832468378714
0.413158654342638 1.9586046038418499 0.030042896950258635
2.779234072433194 0.11139321130195834 11.759462478426052
3.152361859490668 1.882692469640653 8.955907196371173
4.847362423232642 1.0227429447476983 6.046877254123229
1.3220797407865081 0.4435845703551007 11.371949662830596
3.4972196134048215 2.046183614939392 0.8219869168006938
2.7087624175952554 2.153648959835922 10.960538092129799
3.208844427976876 0.22400639907605235 9.36311022038032
2.312969545145088 1.5713170751426673 8.796161262699055
3.859483066478485 1.6711493369408232 4.910360142078818
5.746109259142134 2.4030284810703497 13.748307199148538
5.064876943911813 1.8503009122408463 5.323433071018478
3.1264375185126068 2.6062311641054485 9.528171084975703
5.2408139938000335 2.998580086393159 7.272826500761113
0.39773977574209485 0.2799865883107996 1.6338877363921216
4.860907587236329 0.7360338979608921 7.666075130134875
0.07913218200457384 0.10018083866130556 12.368877002760168
5.387749486976211 0.7328181974101926 9.06653130310257
4.2713662328972335 0.20056535453520785 5.366421422854075
2.1906060800750153 1.9804935235624024 2.0657693650128954
5.897802079924338 2.4137863363023655 9.654495372413177
0.27389358562485944 2.0813851389925717 13.481476892013376
0.5926269876173935 2.2870869367720887 12.721888287410174
4.091921269469278 2.279287261026728 5.689274790385538
5.663045145329027 2.2471260071948516 7.295617781179796
2.561035675129335 1.7081192884232372 7.951583727826489
5.11876325080513 0.951775535023684 8.752598361477402
2.238760251218366 0.1828518211387673 13.714340865544987
0.7692290202378453 2.15845488295889 9.205625668232976
1.8489792490858012 2.101940580361943 12.436121355164678
0.4860605741890478 0.5939086717795713 13.35308097706308
1.7186676906010463 0.5971000628993153 13.540147513110496
0.9298291345707967 0.5800025280024425 7.387195706488619
3.00259745044354 0.37907797117518527 8.804511033304772
2.7669729435281516 1.0088694673441618 0.3673194048252282
5.73327493064509 2.0706800894351933 13.67123650845124
0.1524281504054772 0.8559032311425725 11.193716191846702
5.820068101064768 0.23419301801221692 14.49433929542079
1.4972295813304155 0.5750865521531432 13.68337638166738
2.879681516817841 1.7613274029066428 4.931177898329342
4.315001580235703 2.3850638020746797 2.078718457968471
3.095650827533281 2.1651055400579624 4.09089616154503
0.5088739348372158 1.6203987368432962 12.999173141996144
1.3268168272723566 1.8555868288790132 5.034674397782277
4.501702943136788 0.9775365979868743 5.038161341595505
0.44216087181832986 1.585139155728407 2.2957314993344955
2.498490389001498 0.7841402552837866 6.7584017189663905
1.8572640920824965 1.5419265185579305 1.4162145933390624
3.120864594427957 0.12353714555274675 8.644593678755232
3.5965561534183665 2.06002542920606 13.023533457788787
2.4146931731163894 0.7465312817589439 10.064704817652292
4.71270850434456 1.4439093690289386 11.758017111910943
2.205355300072749 2.797016446455343 11.011908698435226
1.5104015442797096 1.206728294368412 9.692090093959262
5.961495030114683 0.9179873433899425 6.776820495197849
1.0058680735222296 0.714668968025319 7.372093070306952
2.7530392152133256 1.8586403566457637 2.7231618547010568
0.7553288594958045 2.4534804378646857 2.353033375164
1.932452793982233 2.6812916194621 10.242973053274731
4.258424921919133 1.5915999574125834 14.623571906128905
0.9438317106817358 2.1736375250828512 1.0279765551713616
1.8879726256882945 2.700148193590768 12.500571229748928
5.226999920633629 0.9851746267661344 12.541078447778116
0.40789860587637716 0.41447136308377497 3.9016790505062184
2.218247266061634 2.2239512049509518 9.769789277519724
5.765610033365496 1.1847892109694398 6.635753994535366
5.507682484839926 2.626021660942183 1.5511309917637517
5.826424062245467 0.6548564283131063 5.095585548094721
1.7131163235984261 0.010407256128998843 4.0194273235832005
5.061560955192127 2.806170331336207 13.294152371922626
4.804300170439801 2.2484887341887565 6.5503661133055235
3.6909880032955753 0.3120932519219459 13.851513092715408
0.4793238579814736 1.6984037144986395 14.024437133620719
4.717094381924646 2.2882312108239646 13.50102739629759
4.11804946278221 1.5512358502851953 1.7839490673826113
4.80540574437139 0.441530025404984 11.457492620315346
1.2106033901705955 0.4193406664776641 4.463557091696901
1.4429198285058682 1.261750805670455 1.3037477793800551
0.9774348009870144 2.144115453164425 12.202789823655978
3.050574546615648 1.0406956313338624 7.3942936228777185
3.563712595328882 2.2673964912323545 10.845666450679598
1.4673978838695754 2.540043815904612 2.324493548031384
1.991842819481561 1.5675492815028165 2.1135588917005417
1.8368243910809585 0.6945217069536573 3.2310143034539482
3.020106373018081 1.9899011725754416 0.6447311349735946
1.015283182825695 1.9355503329203372 6.512593833617122
2.9416468770501796 2.076246874128478 8.226225068046022
3.868697983634116 1.0070872502432193 4.68293439203822
5.880525860564015 0.7050803167339948 0.5941624643624194
0.47021118230017067 1.8246309403842926 2.272078132549365
4.0580919405820435 2.671914419583499 4.161523827201185
3.1532655017775504 0.8918554474345781 12.275688546895589
5.634560066019164 2.544483807112666 0.3413914896918985
3.0494635736111038 2.748996622024051 3.8698363365077766
2.735966828692716 1.6969087999768124 11.512153642667517
2.5610272213600602 1.9981354216926088 6.765745421096929
3.4787349918693726 1.4443029673555197 0.22664651498864152
3.3995016942692953 0.9553893017961286 14.483346583335548
1.9664348609363143 0.12459005192291284 4.607919668381611
5.809442447212683 2.4633744999471023 7.606538499685401
4.27013952523535 1.1560568543333318 13.23660813347791
3.9343150496231525 2.2043834794818586 11.749590493516683
4.54207276104672 2.0702409335266214 11.365570670727628
0.5805769447777374 1.5405454796925757 8.959350185092994
3.250803483166822 0.5900154809610757 10.628399967088724
0.6689689963425296 2.0319769673680415 8.865613604040826
4.40712188770217 0.36157332815229504 0.7924190530361175
5.693135295271799 2.844800721534858 0.8430292077646007
4.54303077226017 2.8777643971889586 0.30233117387245545
5.529230064489909 1.5657001137432103 9.47900061408673
0.773525783070123 0.5304615490771915 3.504592380920487
0.6844894090402334 1.0438330250836332 1.6473750679073689
2.913150725081806 0.2953968347704007 2.7134147551662426
2.418915532004518 0.5094182967968115 2.536176146420507
5.3286570237216715 2.1478789232648996 5.355491784717531
0.6313120999065405 0.7536400650455148 8.635183606828303
5.948159346138395 1.1455456267680528 2.834162535102671
2.3363760724966878 2.322505794289115 1.1912492659333829
1.8031510763969545 0.247035439052129 5.147274423205148
2.229096146918609 2.8662573731401806 11.736766227812314
2.711728718843745 2.661897066997627 11.97548041740246
2.883842520784345 2.109970785122266 3.2096085151333718
3.3587976104124238 2.61237537979697 5.125891112767235
1.2265661642861574 1.4185848294259613 0.9933009980665286
5.183833717167092 1.434480274551293 6.590903108258511
0.8088115073220414 2.835363511766347 12.65245442850808
0.9890728732001779 2.9956385624549022 6.11002890411849
3.1711732104283348 1.3151305417326435 8.461146961664976
5.813078609062723 1.0207913275457798 11.706507756369025
2.1419226277965153 2.0667945686908666 7.597839326147058
3.7314893278492702 0.2980046807977086 10.498458395055673
4.9498622370087055 0.7671550644570732 7.401816279293115
1.9485135758390781 0.1683655576065871 6.594783692419266
1.0131413126248694 1.590719488504745 2.2757259351472103
3.367434216040368 1.2410075690065745 1.0034142334535312
0.7164636742495534 0.2702606998217951 14.655969659656517
3.283844756878218 2.5011544783155886 13.738926972396477
3.828204168963725 1.4108331433389951 8.725677758139872
0.38025282026481677 1.5576990397355912 6.690471339700656
2.654892462562108 1.50794703463398 0.9290473074260958
2.385259854719248 2.684133251322192 12.332963826980265
1.4785656096636477 2.1318160584881274 10.389086495412771
1.6102366606785554 2.0503836217128626 14.443324961996591
3.3347452627738496 0.9501001027290329 8.912133492446502
1.2781053465667451 0.9677896154324581 14.846223180677889
3.1000679616902715 2.6511520809877704 12.843912194669231
1.6610236421290268 1.3324701430575776 14.624370910440993
2.1856447770771474 0.06180382582264787 10.92614670736528
3.1757529823538766 2.8629516546182523 14.161910017618954
0.19360887371638702 2.149564929063719 7.540098493983433
5.124771803691237 0.34775950677865064 6.300619036914063
1.6028580933875478 2.8345600844011063 8.546216474592068
4.181841872539923 0.8930470984467919 2.892923061311066
0.7130768539727113 2.798454348035134 12.882097114000905
0.43711596084161486 0.04710266291928389 3.037528989756264
2.1221440540662284 2.201145433733293 4.9740351299824495
2.099830482486974 2.2729063040423894 2.930440271925259
5.072108278582615 0.33543088753967065 5.020943472831597
5.067444171718996 1.5843933184279098 6.7626577678678546
3.0454152188326526 0.18121899997623836 9.041650232564514
1.0292676165076762 0.5158797213856854 10.772082407998466
5.3158032981041945 2.9589356778029403 6.156562557198432
3.580787970133314 1.365945292679502 8.214256232254433
0.14336940630635708 1.0689392507037643 7.2279333193356345
5.522847115297458 0.5006242699134754 14.800258954988891
3.886372971846942 0.010160869864831445 1.9426588422630204
4.4656019000646445 1.9294800873040687 9.334696118506516
3.305817827954521 1.7970793693726503 10.462341878039682
5.367876705936954 2.555906083447903 3.814153627783829
1.3495661351088446 1.423166915154408 2.8113287839459957
3.0520372163096376 1.9138840076018044 6.327638560906546
5.147147694557979 2.415882109879241 0.4131422732330975
3.253870295077491 1.9149907796603844 4.715887257300301
2.404721608096978 1.0133794127178346 5.457117621300333
4.627621360395594 2.3912202972867633 1.4942619044592904
3.451923576702238 0.18653007281856915 6.221530174222803
1.7906047229066584 2.5760892643062645 4.007665351916504
2.102418104078877 2.1810168588307355 5.151739541726678
0.6191214668904164 2.0496760763980464 0.21276643658224015
0.09926248819161287 0.8181072697068603 4.329120967590491
0.7787618471520745 1.9314775251565295 14.617606702199687
8.365412133764753 2.360810634188878 11.213350144494076
8.497065156605478 2.7403014385005653 13.272280021632097
13.707061448679255 1.6322605712675011 13.736850333916355
11.298776939257273 2.8410519046054756 6.987116942334709
9.25044241769125 2.9419587680048815 12.326575266138512
8.674815475819091 0.610614116030302 10.963426989761071
11.083193986660342 2.4402209819029803 11.293884841952062
12.957189437508731 2.0916491764493754 12.448200415887671
8.194308617907527 0.5150319890755317 6.748069027077685
8.223251869087063 1.1600567057950624 11.85722018300701
9.368539245778136 0.5483836012313456 4.201096944118307
11.787975120934 2.631659312168001 12.608360629502856
12.201480235864818 0.829667157066647 5.612008085957167
9.943825148311612 0.25017752506386226 6.498756208424432
12.619329684974327 1.2000299682296522 4.8678006719633
11.694444576537313 0.8530880841012556 10.407712307574592
11.099723726765314 1.0668858848223595 1.7784600862228888
11.41176730809261 0.8697374486810949 7.36683139359018
13.398498213177565 1.5961130148718856 1.8847902663995586
8.895123576440508 1.76527890462769 3.589532794663822
9.995935107731924 0.9654872947377879 6.255526714140875
12.099084806741535 0.4904833556217746 6.822012323524984
13.358515989039603 2.6222332169816815 4.261492566717225
11.82699104254219 1.453927294765453 4.655473915250477
12.255753439927222 1.8389703606294754 9.890925820175461
8.078765090556466 2.0982796425230674 0.21058524737056605
13.5220451024907 1.5589127132696041 8.985724000821737
11.93839073768055 1.1117827828140745 10.049039297801622
12.802387002150518 0.48110611137033044 0.9174114816499207
12.466679025405774 2.002931864963268 8.620800195352226
10.32678929461807 0.002969425250493485 9.86646025606169
8.889613841040402 2.261977335163739 1.2935603126691397
13.787401702688149 0.789753995358503 0.8246366584421666
10.671557450598163 2.459159418964425 11.181714705211508
12.423715915310932 1.7523263181509146 6.744769513675386
8.52544432369757 0.921783639224546 11.889525489287728
12.068018215356773 1.273754786009389 5.507685008009825
11.286323458545176 0.4255235171237205 1.0523550326827884
13.023700530819287 2.883414045082931 5.228874086063113
10.744915998957687 1.5401563576036867 10.716762387089222
10.424208382810162 2.238907854605842 11.779452980386589
8.257930120418816 1.4321649115445791 8.800372898007218
8.56314725621213 0.7545482336266323 12.834022880421175
10.906183246079957 1.425347862994987 3.9070342068576522
8.125693962492704 0.31780247794820093 5.357779122519812
8.973840343384618 2.4885132790688487 5.96236629390815
8.802639606537781 1.063447590315226 12.935577996223893
9.358048958743161 0.6272632962563561 3.0320820287731234
13.603194853495426 0.4938175849898705 4.465409103824848
12.211015917713606 2.653913778017765 7.431061638765514
9.655968643607904 2.6135527800345506 3.996165966504454
8.623867963188367 0.6398969341626981 4.260251384108057
9.874456748484496 1.398864848229826 12.090378271277544
11.23279048598814 2.535164851438757 0.6155196055756451
10.017067259388535 2.879078101106559 7.913166202537422
11.557433213203176 0.11326867930556084 0.7540876873376628
12.474371601108587 0.5821690251062059 2.091166647376826
13.345576043010325 1.6217195426393753 1.2737176472746026
8.202257070879572 2.2311892432476617 11.42644808856369
8.934186086870712 0.9608424813355827 0.8304708180268922
13.123865507211482 0.457546752377065 3.8190333577728848
12.326500374096277 1.472209859615729 12.260855792123676
10.443574076106472 2.5972957756574737 5.8110981611421595
8.469616439030395 0.5698852569507005 13.032037434580554
10.632128084859598 2.0556303033680705 7.024532945715897
11.437969115605698 1.488573876871508 2.601366648065102
8.598333272733456 1.7865281420434802 11.894621778534148
11.094815691769877 0.5460249420995003 6.911342216729382
8.923981985060992 1.184354438847231 14.026378199167203
8.5988132545342 0.1817693818192635 7.886339983551726
13.674462491082092 2.9912601704253317 4.52065234882728
10.804771869733399 1.4427149259965355 6.269231687814766
9.202462340831946 1.0871464790804044 4.384965765417198
9.633644616230862 0.9636357892719765 0.0430241275751464
8.512967992191697 1.6644743300268474 10.451099228049163
10.465293426774972 1.7405175336923449 4.782753499474667
11.827822416120714 2.0658407961855985 11.90834335975689
12.014392409991355 1.1872612571083887 5.418307618076778
10.666931246594242 0.016318102297315673 13.42629571627475
8.429400193478903 1.3538360974313015 13.646544156962392
9.588024948244893 2.8476966666105286 4.679572896614066
9.895299226048499 2.046773009864876 14.703090320185334
12.670305603362369 2.2200949103930787 4.216738594671905
9.911974789415389 2.441000149242435 4.423222362896548
11.612019336175852 0.046861143596235943 0.493449414905614
11.100344450635614 1.769024377896788 10.961302555435996
11.976864088049265 2.8105295100656784 4.995735143168326
9.744969522694218 1.7836223452306819 6.052153167537348
13.762042222750848 1.8937785357706312 3.9040788354031584
12.993772946457923 1.5596093373968152 10.8137345767671
13.720235843568574 0.6384702602664685 14.163827264606828
11.216106102964883 0.3409533101219433 11.401074904000005
9.172077167816465 2.2728454774416313 1.3262037217293616
9.941374764988966 2.6286477789430327 6.872490384289081
9.668709266082978 1.551388282728833 3.5619795705554798
8.30651743559499 2.5724200759260016 10.104559990532952
9.927287396538262 1.8098545818666723 2.79148195293447
12.170437895845275 0.022974612379483283 14.829200744301426
11.449887325902528 0.7343395475952064 12.276867551271547
12.674008488625415 1.2093260882020713 10.749770023210516
11.309054524159336 2.7889885361120146 11.930276950154507
9.231361330852259 1.9553794423719806 0.35990971937952254
8.128883396808662 1.2370693083126914 14.617987276016112
11.760437911004932 1.8429571377197007 12.4755428762946
8.94907380512332 1.2556077457429666 0.3351155495290281
12.576269444163533 2.7592678628322758 3.5667639599784415
11.548212167775 1.526673568827124 4.675290776403054
9.538888720878964 2.8535647496647125 0.33452437171991034
11.023762212111345 2.2978788160561963 4.9259445518795815
10.287650839960756 1.8326986962092373 2.621381270946897
9.935867513435861 0.26534879484319607 0.7073959737200636
11.123119291432218 2.021487021136388 3.1922354849226897
10.962299926449987 0.677312318288839 13.975016963816302
11.464888273929377 0.6467370246200692 8.696803548623192
9.05659781011132 0.019469723410797446 14.699509043378853
13.235607749203492 1.4089034369163551 3.483954511039211
12.976717610885295 2.8321880667574133 6.107669888541593
13.104165906531437 2.3618352329429295 3.755508458629651
9.524352519742505 0.9858172556255311 10.53889509964909
12.436999267386692 1.5557152174387483 2.695878970300687
10.238435830080288 1.4511147995539198 4.372025672262512
11.654765525712898 1.6021066673894553 14.143484102329085
11.29316048629175 0.15016494056845386 5.656191330395174
12.406267377404678 1.1525479754558596 2.293869200196517
13.360832136796171 0.4995860781252762 1.6448744751383804
9.05873736905815 2.5124129177388346 6.381160775599554
9.688308139965025 0.12206838416544985 2.8466083172732852
11.622711110433393 1.5154284265267641 1.8324469898730833
12.051691244884616 0.5718697481372618 8.021224872039832
10.150802349904396 0.5159684047402217 5.8913185933822785
9.847843515468352 1.3600830689808463 0.3395076838982686
13.861505434902051 2.3211857805964806 14.753200963846917
12.892008202664503 2.989816700643303 0.47296983230201317
8.541312512043946 2.051058793978985 11.174597722626952
12.025389669181683 2.059395364489885 9.417317063122725
9.29623487566064 0.23223635443591906 9.83405369425649
11.920169219015339 0.28758348476419904 14.207162695233585
8.467282288567183 2.563925620980463 8.203924624339828
8.281707771783173 1.3143089961538736 13.974611964214809
11.60275170109093 0.16647339790965976 0.4931383905151798
10.131446210649589 1.5453135486405114 9.133588377730852
12.361257152282102 1.9984514571929668 13.87949492006207
13.84096543960062 1.031063063699793 5.08196583813926
11.9847906327848 0.9731024804973359 14.51572759222784
11.875519844969343 0.671603696971368 11.261459200030068
11.208152330364602 2.8561519487318545 13.321874611281416
8.353963527223351 2.7515190968732317 7.784955743256336
11.849584284261477 1.2971878862375168 1.5998923277645893
8.079546017916275 0.6488840536004017 14.944722703150916
8.889816939135214 1.1585844112878185 9.490653555067489
8.725216838677996 0.03766775275101375 1.346008042604852
11.410071849249984 2.6521275315683073 1.8435172310013974
8.285007606793025 2.1388922076302217 8.195537486801754
8.321780604322043 0.8574771989540475 2.015186492307623
9.002704036574 0.7530941890003429 4.945731990760067
13.884580820949651 2.9111069462657118 13.260308804420879
9.70266948273602 0.13737943067351877 3.3554930101118168
9.702311835253841 1.4020269136342156 10.395774481706816
8.957725199518237 2.5659169733501304 2.8846875472020472
13.905486143540402 1.2482093756805548 11.490082183274623
13.186209322900002 0.22767437273355795 11.662746007739818
10.205721052673649 0.5413850193766818 10.692854904414629
11.315719763156558 2.6921380210899546 0.8539997558085438
8.079770904930616 1.0478905358669686 12.578324077794784
9.37932126675058 2.3002760865273233 6.818498847177103
12.811454848841844 1.704184862171267 9.058923816652117
11.842906410623737 1.9823978294982556 13.461444984778867
8.394899373616488 0.9114462657695054 14.534785963780124
11.335821916599368 1.3163789713858387 7.6023826609981935
13.7086536258062 1.6028977062182017 6.183366354713015
10.970695773882234 0.01165817009013681 11.912288304922585
9.573045707833924 1.7254242600905703 10.057791833318742
13.85707751847719 2.49004794913857 9.671674657940773
9.614985642187952 2.2222347448339304 1.9471681913976728
8.81726017208287 1.8023512344349575 6.724983245821864
13.17870476428537 0.03434656233335054 14.361955749147304
12.456473890746658 2.368214973059479 6.2100160977157595
13.520020324466548 1.9389596631276116 12.03664832045799
8.994249708437831 0.46204229493316284 13.629896121502169
10.425305238740801 2.4442582639091888 3.4762819457140526
9.600706703595181 0.22057590874848132 2.9689850805960787
10.126307622367289 1.70334317133439 14.392650670212953
8.862881428899177 1.5467214601046892 0.7591208964829926
10.713160827135656 2.170335054827107 2.0443805549004286
12.525409912562786 1.6071077123493738 9.608530890999438
11.480060823470907 1.4041446552788481 8.203168829102134
9.930902478475963 2.528556536099236 0.5815688289677845
13.751841597386264 0.5859703103481064 4.814955953776321
8.262405517724723 2.952748135364984 6.526132623194882
12.35330884627871 1.7071530696042876 5.649180698377222
12.533343233510621 0.5541971703536503 7.168959061764417
8.276668675774271 1.603013081527212 12.692559337985841
11.14730429408421 1.8562939583284708 1.5081373985795525
9.202473970849084 1.326834088405811 1.9217389199716202
10.674529727257541 1.1514682197337611 14.35592236382116
8.774593097614854 2.807099824781776 11.74695074783962
8.722070903754172 1.0189612607157366 3.3040696897200457
10.0241345189113 2.8807245767146776 0.9044320198989403
9.259928264259228 1.9249961359659622 12.447652066250402
11.974405464087486 2.004729399957662 8.453269789718778
13.299095200433758 1.2174643809640084 3.8951825062883376
11.76510210918315 2.886939828928128 10.368098588886742
10.348939068501448 2.995066859343739 10.113754052631407
10.349436345306259 2.3095594290283925 7.359114995312891
13.011644567952803 0.609303831501337 2.404381211396766
9.31409577355813 1.5723083224246084 12.736659119728643
12.78950527551238 1.3834537948929255 5.0880230021470325
8.032844795734103 1.698378996065703 3.625878676415165
12.159465388710462 2.918104545896061 11.720456248221957
12.393172447833987 1.7960128870974827 6.555989944569104
11.70827174669342 0.6533565749449335 1.6247852251065193
10.18410228065741 1.1112565413373836 4.335948799648783
8.443396697423017 0.4290853842212141 9.713904598600548
10.81410003433346 2.9501201785134996 4.3523312277864505
10.643539731817285 1.9505995610563942 0.30784134561637533
9.746853530596145 2.171270435493357 3.1591105120227714
12.555956478309298 0.9875943651342708 6.9885163500841525
10.279507688122962 0.8518030215081571 9.592410628729054
10.434760901388131 1.2744735492616972 9.094770536225603
13.351197898082184 0.8359444261969498 12.002992581184438
8.694880138127319 1.5506108485353705 8.807475448362613
9.19995772272537 2.994047677498517 0.8989649700846358
11.123439313545546 2.7069537711020755 1.9320037078681747
13.625527872170451 2.262053896999588 9.824622920708453
11.53218834007576 2.8471490318878576 4.615347046930594
8.417967713716834 1.34524732574787 14.331555498255714
11.626961352730932 1.6795584335857463 10.594165911300394
13.881123922176211 1.456080824942017 4.483336732788334
10.187261145189362 1.7034166710392045 4.680641335432095
8.487025667032084 2.4159351597830847 3.4334422285621446
12.800892537327822 1.977033964478493 8.72106647535307
8.463878431650636 0.6391345265963878 6.163777119536007
12.067963337262125 0.743730570706012 11.237557061191351
11.683431643489397 0.5998403799169381 1.5034581297983785
9.682626534327277 1.7944709112432522 2.6838626514083623
12.567148560548928 2.211482874538818 7.900093891653375
12.055835271188858 0.7901760926055724 1.9958708757745314
12.725926888638119 1.2748186021343675 5.288731913035215
10.845295437503106 2.9927789589992244 10.825830975169152
10.938860570440866 2.056270785547522 3.2291212777086464
8.333152687220283 1.0841134765928782 0.0549136735152167
10.277266895735085 0.34725375419491367 10.986262349582756
10.39248006560588 2.5793599284803355 8.847403060435184
10.904507734471435 2.4460118550565273 1.6862420171487158
8.189720281202009 2.0175366607995295 14.841326732482083
9.868739594896503 1.6045229889831987 4.59815806999928
11.011839484422133 1.2278545265811336 6.379392484877457
11.133321308399198 2.6073606562702647 9.5070207477469
8.233634605657087 1.1702844626956002 5.795617884028995
11.852991478179632 2.5565820192461235 14.546094617026212
11.69226651518697 0.36295105758093116 14.715175016992319
13.283782666095773 2.944622131999945 4.529753220242888
12.190671083516182 2.0038956937333894 9.960592484447547
9.331256343033814 0.25204460894074454 13.652241080918106
11.519339928779313 2.959920362484266 2.044884019936633
13.863845436345457 2.4752643460424624 6.844948750213293
12.623644208457307 2.6427267640114787 11.393657830819674
9.550497477331374 1.821353640618942 12.515354936170352
12.026451943435688 2.164884616441088 3.7260133817201146
13.113381477617915 2.077466474038448 0.43812689088333245
13.81503516503875 2.663034811107746 6.460426731262729
10.511721051681976 2.7157928784669294 2.0384001775821736
13.553053150735803 0.4065041385432626 11.595296618850831
13.359254689628637 2.9162099241363046 13.319157821232608
10.913354819797526 0.4086959849579175 7.592088933679737
13.087724471389532 1.798686938330691 1.0120236554664808
10.18179890437137 0.9877441420173285 10.519006626184819
8.633088245190102 0.006138782386511554 10.628459864280222
9.33503957771253 2.8127169737779614 9.55557137067299
9.52149429074017 2.8496943635326812 0.08386423382562291
13.057963260152956 1.681729900079158 14.589655266189279
13.827132775097219 0.2449934257469304 7.852512235589303
12.400211112805364 2.259355861225435 0.114000682773302
12.952356314896038 0.669074847658116 12.307889323727132
11.475476443023751 1.856105930611609 0.967494365361844
12.423981931006782 1.770892748121594 14.475125508261963
13.16866875624287 1.7318191538286263 6.406488566113233
12.041281153704457 1.3486384446607842 9.226572398195936
9.477391964435123 2.0050128330146353 6.400198037896784
9.821671149263972 2.481153951439841 2.1049563093212598
10.601600186328664 0.4041429935092785 3.050379168091568
12.119085463491176 0.3366981058021933 1.2246826082136886
11.560051223503866 2.6941077573422927 8.176918659485764
8.55966513895939 2.904076402994745 0.6938707097034863
8.600209148867414 2.2938258123785555 6.1622946649843255
11.73809902002207 1.3871470661420298 14.992721339259532
9.907578624076642 0.49684826137634086 0.21428659720134247
13.221448148721793 1.2257140775221944 12.091825474443208
12.479379311753547 1.775732918885938 13.77484545819783
10.314360904649128 0.6257403130120056 5.438705751914036
12.010019199840713 2.846709019750277 13.624834685420673
13.977062161290743 1.1941916187708084 7.773289677263583
9.379690012914327 1.265154780801018 7.027487661455742
9.840105278364373 0.7943561221593616 8.423778986425868
10.98239545484782 1.3550935162773066 11.271831884336775
12.345637572598772 2.8400818856585746 5.7670343443729735
13.513634751109766 1.9306290337452077 3.4163367588268296
8.274664609439515 0.5407357542710046 5.50138409344482
12.721592027648036 2.022610349535981 1.187360828385931
13.15584544042787 1.644512050051934 3.3589782973985787
13.570319788493133 1.1847305051917325 12.055787834312627
12.753250475823826 0.8774052180583773 3.1538860392141492
11.596671350965266 2.457626485193042 8.838602294832185
10.63276189600761 1.7233116060164626 13.542956407272518
8.79041489302915 2.494754562321755 13.226899611196924
8.345722143231443 1.9201770871389625 1.1600506582038006
13.346225073329212 2.3482571080418646 4.959964554497119
13.023290786011163 2.0275619994613896 9.056555521819632
11.40991638208968 1.066475918125601 4.145897263793365
13.02134265302252 0.8123699781699538 6.339260301540963
10.835477131476402 1.768199941322143 6.738568504471649
11.43478893722476 2.7322221678760688 13.45018602102949
11.037404224087705 1.8721569834590595 8.331226495765748
12.980802776706238 2.965746347540727 9.811051212705223
13.863471601443806 1.9422175751446518 5.651228712201921
10.086424244449105 2.879503520545066 7.380133177838679
11.427513530865012 1.6874837961198497 13.436607679825707
9.921045563838458 0.22551623268657672 14.993157306713574
10.38237533804946 0.4203977959732822 7.977950826437052
8.966071553140969 2.057643196647859 8.366303782256987
9.166307378559432 1.9556377325587069 0.8550782061349022
13.858650980813778 0.6633370422702827 10.262463824394269
10.65426686729706 2.4720314142864965 9.913161210051756
12.683706100484962 1.9985460107913484 3.1662189294299776
11.28295778940139 1.860957587023622 0.9900878142686825
11.02216893517803 1.1020394693111146 14.382768251594076
8.469132574065968 2.0964351318552517 11.812676487753528
12.702545748439352 2.278458007155682 11.072077392788843
11.839724427003915 2.7743046275580294 6.6782286239204955
11.315528818749797 1.4137835876549234 4.734240303197997
12.523550846631496 1.0493494083787804 8.28439939369465
11.53991543295989 0.8787715580915084 12.81983105955163
8.654295164894693 2.0721260318017976 10.884678666591768
8.997096867649585 2.040315523006546 8.771531988686434
11.326890767773559 1.8997580375205234 2.5941045283693445
9.40316098113135 1.52028245650845 13.151885232967103
9.93496574399565 0.9592948701902393 4.20288934048393
9.94341186118809 0.2372046603718626 0.8971222956840741
11.225272603644793 0.3812576988109341 7.224752448863716
13.629377026012925 2.1805435445857966 10.28373414359407
13.107502110611177 1.921191219401566 13.280974081234994
8.266908710592453 2.9081286314770822 11.72690077073914
11.547452560846349 0.5650828875667916 6.341461667193289
13.634419214034317 1.9042877528374593 10.124509781280087
10.571557506930128 1.4614012548723094 2.104551357262909
10.500792395525004 1.3857986866035632 3.751507750755479
10.594964679970783 0.830352905563371 13.43391345319595
10.009839193067876 1.891287496106107 8.961422351478197
12.503068899121711 0.189995087889969 8.431900540801971
10.050304889891809 2.2281295252907043 4.833563193717038
12.914958961917236 0.30104880661152045 14.065362316041993
10.107559267126646 1.4900610914295052 14.552122890977074
10.605279468306907 0.11386828143496397 10.856600688441693
13.733832541057772 0.5133452758713921 7.216996694467097
9.221239306600475 0.9211053805169944 13.423770193873711
9.278418116033903 1.7524850145302657 11.968660755611099
9.083178267870476 1.087398232711482 3.017525389340674
13.979883830410841 1.9013582138020253 6.086752252878353
9.239499260799914 1.6379538143975774 1.6314789965901904
10.182459745785925 1.679726470421735 13.150530515445983
12.727649135708896 0.8751228287850256 9.916288014017262
12.235961048086951 2.4224382489711624 8.793980935019587
8.7731080772619 1.3906598151097738 1.4498773047652347
8.73033329012604 1.2265672198189836 5.302643296483626
9.39634480178652 0.33995961587942125 9.768488814115114
10.198107326672535 1.893461459426185 8.080936676434089
13.667002459064939 0.7901910039625986 2.0894036384920285
13.367010480411643 2.654442920467335 1.2047622192311824
12.164230110744414 0.4727693536490063 10.078159524733007
11.89540211478553 2.2249322058671175 2.684809874967222
9.289040778464807 2.256909744644305 1.5557169500299428
12.108402277039902 2.253388797219543 11.554451977015608
9.288516147765032 2.183423387213729 7.321352772888984
13.00321499275801 1.220589228548282 1.0884381043877727
8.174949925556211 2.880831073235172 12.062729975023387
11.992620708728747 0.12341822226858479 11.689444432761213
11.498764042554184 2.748677047066818 5.433475941077247
10.95002307773768 2.7550784563008373 6.096875248410782
13.594220388123556 1.0464450365512763 3.2585328776102616
10.905327195147564 1.6410164779290857 2.8716220019807763
9.484317040912956 1.6077300477155911 8.57538140981809
11.091344482889522 2.504617922349141 13.442500638710804
9.906077013051464 0.4707777204046645 13.719272837517169
11.772001236612057 0.4910256137941582 3.1743037691606406
11.158086238907803 1.5334803478184207 5.1080186202482585
12.95478967601142 1.5442177665576784 5.547412866302231
13.02008772844152 2.167192109967357 12.835042020641655
9.808975141161612 1.2970709659887378 3.9318049897501215
10.898921278110329 2.396294901262891 1.749671212843638
9.432115613876617 2.8030002407027004 9.530719945721861
8.31163592183723 0.6769866128577476 14.866985857096093
11.567904923480429 0.2776846439553715 3.8064311357394534
11.851010820914897 1.5896515558171198 0.677332576904911
11.201394126830156 0.3282162341084167 2.4607280789578088
9.342888720778607 2.2297719325960044 13.099010432685446
13.58749568241938 0.9676862589908295 9.958078833788726
11.869338640742702 1.9492952889273218 8.25570090176769
8.381099250776945 2.025844985443217 1.0986069392554483
9.07162558432179 2.5202015141896763 11.410764991219853
13.824946918069209 0.5329413400314803 1.770946299407159
13.531592361622437 1.2637257567704119 9.095243251383668
9.626468670901765 0.6056313249786276 1.4795144185918159
8.113880370598942 2.5669164617582347 9.334932732498656
9.153437751523054 0.7376419505080963 7.032119654642534
11.268271542859202 2.5199544014904074 13.01256772735187
8.771159018836194 1.65480095943995 11.024509749834966
9.367382540739925 1.0420355986143914 13.409456100298154
10.587069940126362 2.7187311162462295 2.6364229028260695
8.1674320447495 0.4836897976194766 1.2542398120406224
9.31343726952478 1.3155410778271537 2.838896422220079
12.137595221742515 2.753269384890069 14.382980700057004
8.677459751254823 0.2363126268954845 4.0439533917171895
10.574036823599418 2.434374574019498 12.797727212487425
10.54669785614305 2.3994915993778894 12.518371049623047
11.096384497432904 2.156235594113817 1.970966132177621
10.748407344287479 2.821343642323331 12.859808841739216
13.187720124599103 1.6725170156087659 6.601819486213628
13.331587598016862 1.6868564838430347 3.509631722433652
9.609566577559326 0.4659881795470925 10.897095759966323
8.976461023855146 2.2673712670379347 9.921333039841416
13.778862871341524 0.9044621564150053 9.926709954978842
12.840969769393098 0.7131801376252188 8.232969932965542
10.787492136255832 1.4323490681487296 0.5832698804267539
8.918518638958847 0.8439528106477585 1.3878022263830636
13.85947984772367 0.2687591744500597 11.76994249681108
12.993846107446418 2.467194359990526 13.447868063294694
10.107432579255374 1.8144131784981878 2.0671314001396746
10.195474785280433 2.3460783626675825 13.189341415007293
8.167456543149495 2.2238125426732833 10.204474441935888
8.945290397214247 1.0073615729467913 13.534827848216498
11.090443121913077 0.5698692103524313 5.907807684080471
11.728900008371868 1.1457071651109663 10.27500522038958
8.421985848373541 2.743735738763827 1.8097092579711234
10.005039440406781 2.9126581571938246 12.569059477574038
12.047206227216527 2.474066471435375 7.712198789925975
13.424842963241543 1.2272424394791976 9.313519313646056
8.99434602964026 1.3995148324098952 11.735751072651146
12.644013814637157 1.348177143842824 5.90208473710787
9.227175011893745 1.4497802414239802 7.585994745784235
12.429269545410413 0.22378666721009455 4.361458792595031
10.810584416576333 2.3744778883885513 0.9663667157968209
13.198948826580272 1.5695967379629399 14.844005568167663
8.141093905858408 1.2219902781559095 8.73437657715928
13.686257470917566 2.5851790687167333 12.16085271673529
12.480986090691694 2.396137518962416 1.831905162563166
8.01459514289719 1.1988138287002987 3.040836724699345
11.000542129125115 1.7506536965871553 8.51353481161011
8.483338819967205 2.96309936634621 7.1859704615326105
11.649171889836829 1.7730526343528803 9.413537599702806
11.069615214383541 2.080453837124179 8.408039165749075
11.778387892471532 0.8974275254602225 12.427867292685978
8.727651875193217 0.8719174492023126 12.458967603921131
11.30324411656705 1.8389239509305149 7.269606029627597
9.353233186683475 2.746760724957679 8.95883711308973
8.353875282993261 2.1318815818077375 3.254278436033096
13.349418429929088 1.9418470097877505 11.914770569150283
13.035871610175294 0.6374935683880767 2.6178790604532125
10.325081749182996 2.4127152556663223 9.834279613661577
8.530262578745695 2.2550500677469834 8.290897531300077
12.399442308305982 0.8279921725407017 9.145935477832024
11.798139609432662 2.964098322979411 1.4528290316622243
10.754286326462648 2.305955075647065 5.989834206785526
11.862543743896378 1.2014520651577523 11.827947453277655
10.833063856533677 2.766833488527589 12.746172243684889
9.241659385926503 2.7241917684504653 13.19293046694435
13.72883513458412 2.366789366841566 3.8600465925562326
13.591391005564853 2.3616605137367275 0.03928183532415419
9.771421086417133 1.1307005779270636 3.6351639527914443
11.887243692045987 2.7360395019381114 1.7818000499759723
10.305728886909064 2.3053246096629536 4.966367820739549
8.480626523529299 0.5056411994633981 6.334179892021234
10.352824603834657 1.255827376713106 5.701039896043615
11.159581099311023 0.7830967854946481 14.867658352329416
11.338398015230737 1.5026875267460826 5.033399145998045
9.937704715758702 2.830553514486651 5.843876599329289
8.99859714395864 2.306605028119298 5.127020318215976
12.687570284642124 2.0572159394743066 9.01982757093371
10.508252946953402 1.1496524092228348 2.4623505867348134
9.238105799730244 2.083840777236494 4.828700080978836
9.753547866401096 1.4856611360348424 9.339045293964062
10.83587437065346 0.29249582251829487 8.956723135605948
9.426993429867307 0.05685798579516754 3.536902220493252
9.412596509184237 0.926282155222761 13.50652348542886
12.05486842057641 0.31548263318766134 12.51952060598441
10.487748668947116 1.7443608301093962 8.389949427537296
12.746301054570552 2.0114838814936653 8.809548094646273
9.114126845975923 1.2195359139043598 9.65186329955221
8.806165789744036 0.5114230797142764 4.091056627122465
10.962251815862139 2.139156671291186 1.2305682483865947
12.20006494377746 2.0939590541191753 14.450180036559665
8.844618042487324 1.195629159435713 14.999715521205474
9.389123060332187 1.249424130468105 3.9421946204341305
13.919476629256687 0.8616862974516953 2.9488234970340703
8.810666736769807 2.7211716863976547 14.45195699272372
12.0986704571553 0.08402651972824715 14.127827569408959
9.870752446915715 2.22745763788731 4.2603116701910455
11.790896174305914 1.8072362813131913 11.088277044516119
10.770024758897634 2.2429269942035095 6.382090358260869
10.974980724197376 1.7516238674695614 4.997321428130813
9.88177942281482 2.2141701179436413 4.007374669924967
11.249519849038949 0.041984614269145015 8.729420765675412
12.07142089119856 2.0933186768848615 4.836599251333369
12.483039266210959 1.2623857110279613 5.896252818478944
9.29176778535452 0.36408587043630614 9.7674834458807
9.7950378224526 2.281167733047916 2.438808600671302
8.991974438972289 0.11738679485676251 7.819054841807488
9.365770624379648 1.1182798450719909 7.331268799527294
9.109246040350321 2.7079627182688295 13.60465805041974
8.734098991123185 0.5823483683976959 10.380837655093604
13.295542364641776 1.5931877937312695 13.217210331996961
8.421654994998326 2.754529377869547 0.21532348379866062
9.7570215781638 0.6920473061134356 10.417337718403253
13.040097899850416 0.9873145315819976 4.694868238247647
12.111537236066823 0.2875701327816055 2.4517468838924845
10.10302867687092 1.2554405221146687 14.99800164142454
12.844962125022896 2.234303346838131 12.620429712227983
11.584487777703238 2.087096264507178 3.1601210237291966
13.758651753013192 2.8958618537106444 5.361423922920396
8.397681766057364 0.1979482904262656 1.1048009573736939
10.369054353575548 2.17619694979899 13.184956671640002
9.28084340142625 1.5199330551960335 5.522996511041541
11.180762145642227 2.697974011120763 8.45943934692933
13.825134847280134 1.2368531531394713 8.662815637608718
8.653640584324926 0.8118532465358204 14.727073488120785
9.068919766786827 0.6470931253229307 0.6179642218872178
8.856118403591195 0.7047808413595549 2.384912596581739
9.982565029366448 1.0698300992489667 12.29035320460944
9.788959895859485 0.8323070993798386 10.9216027244696
12.072113085063297 0.5182361205759451 13.624262786267785
11.740051885552663 2.635563446601991 13.430004346792984
12.769432928379015 0.47764052551144465 8.568480194982534
9.727676888468308 1.472731437632728 11.02387954129273
9.469450194085061 2.565429262345995 10.400157918647054
11.22018787341278 0.03863063826286317 12.839927794078822
10.028853021667922 0.680642234732892 10.207492082686366
13.753940332106625 0.7491054058552709 1.809820077088481
11.545588934432473 0.9976249721657593 9.269567042525049
13.017812299461792 0.24988140794047087 9.785966501296189
9.092073995094305 0.18771181702727735 0.5507161423329576
12.596995680672922 0.13503691279028285 2.9199281809801034
13.706014409590626 2.725109447923441 3.997298979685217
9.702964142218232 1.9547037566031018 11.180614425559543
12.698137714777465 1.6729920183199312 4.810276245649899
9.74133362570196 1.8900564019166173 5.237578333687417
12.46423879674327 0.17298592971708282 14.50950768055054
9.761177807179171 2.0923682944066817 11.782237099364274
11.759405964831988 1.8581452716827944 9.150378104752946
11.347938885325215 1.1365906738380644 10.45331432748001
10.070422903104241 1.0957791609817196 2.1421138814279868
8.135114140411313 0.15673424469816655 10.585611460437349
11.281771676006336 0.3289754488148535 3.0898854790280024
11.304178301692216 1.1351920452027886 14.453611081005267
13.305886529448282 0.8431649930428017 0.8914056904788925
10.577628711169858 2.448966824786123 9.618280210918112
13.849052160005236 2.5684186621759157 3.492301080842639
8.254355724884553 1.9823748181590775 5.121687572742245
10.677900940862896 0.7275130799576515 6.534792183976255
11.594418580229085 0.4675090462889677 8.17598507020666
13.834396454115474 2.5771187953103265 13.955644482449397
8.390282498194276 1.84586742689656 9.879929954598143
13.844876534140552 0.65140967087623 4.021359508703018
11.663737570854456 0.8787930275586049 9.241851845493306
8.466582735439665 2.926115711569034 12.65469257735544
12.054909643797904 1.1774556891926802 6.429226112239385
8.00401423982359 2.625891031118209 0.2712491374700343
8.157835065502994 2.672218867219587 11.201164269607752
10.067812034272281 0.12874125022568306 2.0789662219803295
9.884047993137315 1.722276513640404 7.618872238028536
13.113211305910365 2.4281870705158695 14.902424898476632
8.98130666679195 0.3041563230928628 0.9210965147418038
11.05826544972832 1.9923627980955554 6.429715755324414
12.259388768775189 0.8976157162708491 4.415230101099226
8.114524394246057 1.9478497217540025 4.730484645649955
13.414419547769175 1.1848903591769848 7.568306456874949
12.741489361837363 0.25460187088138475 10.47938772712174
10.525568597624527 0.9018443646543685 1.4710974724963255
9.908600976559669 2.2780680252219483 9.799293582137222
11.775304910989256 1.465401374972231 6.870571633205693
10.928274909459358 2.7177381777394887 3.2753318321616294
8.614466714163518 1.0359627002563427 9.73863021800277
9.788278772521506 1.7874408688497763 6.472104806765113
9.045465794923517 1.690003272094054 12.653867346881688
11.540500489290466 0.3771230627255784 10.64724774956717
11.249190703962313 2.9888885956959745 11.675663351299905
8.81833282571602 1.8990817705512828 12.48807907025263
9.939859470433511 2.5093645711347508 6.807611391853939
13.691140236586467 0.7572552709307091 2.7553317402370685
9.183515566365186 1.6716892417099434 12.252608744697671
11.37107412794633 0.5488468012374004 6.74552244083913
11.565566581662905 2.8399082817724617 3.4046648675985147
9.570705281518665 0.39066671692313004 5.879062024874097
12.576328138404017 1.1240119653772696 12.040747867928044
8.913805639458088 1.9046849031211521 10.202779935448566
9.079364253817525 1.8067724403178675 5.769334362211481
10.665234811194722 0.4041121795697845 5.4937478218288325
8.205869824063123 2.062395498268708 6.639877371595086
11.081950270313897 0.5990449331869082 9.668429233961353
9.057163340050417 1.9605153363612127 11.622889074557271
12.706792692188332 0.3887186460858362 0.8211527243774808
11.794161740543153 2.4859956805006305 4.668898567859622