23.235537837885577 -30.366192658886398 7.155043978465036
34.23594532127788 -23.64326347341032 9.080203820572708
31.388689631192218 -31.181544019361482 15.165761536406224
30.0255597261002 -29.611164336963313 18.996299496516706
34.42551194782316 -31.82542534280077 8.251733774916293
31.935345463634313 -30.627109020735 4.3135372700767665
30.784100236199734 -29.145743244819386 13.841156249327076
34.28033190807642 -21.360755426180063 2.116677193212171
31.021688137177634 -25.205225502652425 19.320019048495404
29.055010312046203 -26.775101540632892 3.3778167621258848
30.32075802458372 -27.71032007691243 14.689511093043684
36.71887185779994 -29.361816123206275 7.516575121659956
30.091863458073387 -27.965623768377995 17.457062757397576
23.8448456145939 -27.02807866367876 4.6993010627233485
30.638391914991644 -28.39395576169981 1.1451866778705933
29.157762423469464 -21.67171599686196 12.282262669536852
26.605419409483808 -35.23591834722792 10.435362811854464
28.918986066386935 -25.204600583785457 8.94798348082347
31.0769009582379 -20.23622827327582 16.06064508823165
23.71088914709229 -26.906516355551215 13.939910440066663
30.17726286615125 -33.51757349221196 2.9031378273115505
27.626085149984497 -33.0513161099913 2.2960647786184074
33.06458603003554 -24.366650717033416 13.833355515863119
33.94768212095514 -36.23034909828415 1.3953761779944274
26.9847787019778 -33.12123247117937 2.740421110235105
34.32792139966207 -28.546804049109504 2.08294012472364
31.42742006428296 -27.420106766879996 9.506382621507806
35.92802864230719 -30.411252737390615 1.718907140267023
29.407153632791534 -23.697958144060387 17.540053681855355
34.222423261004984 -21.484641448129416 12.296690993017004
38.04213246239386 -23.079027449722652 10.594163840752888
20.87463883776551 -27.28782523906327 14.247601935806536
38.27201220559382 -29.66185058842221 10.157675753052644
21.38712362967085 -31.96916760506156 11.517223959341718
22.610133298065875 -26.793368843316557 11.773084640524052
28.181995565454997 -30.966635083058808 11.03422473539103
37.19207009674564 -33.88916532517687 7.575255542824911
22.886475464176463 -27.411669699801546 8.322260618117568
37.81383874021739 -34.41472027790661 12.259659206274911
33.655460562876385 -21.962073981990134 15.23331985893396
35.6135153466205 -25.97789150880755 2.6197815112356326
31.220980373291884 -27.92501691410745 9.715753102966577
32.228821513311374 -35.91727508323431 8.699928186095507
31.240667158485724 -20.558699470016794 4.681191785884689
35.20094824027751 -21.951326723393176 10.866652453352668
36.811206341345944 -29.25528262948798 16.82181853478047
29.257226404524822 -19.268597816609702 9.196487365639019
30.273206017897326 -28.760606635786154 5.77499202922213
33.16573204308587 -31.551405389206664 6.46299837774068
28.077376429203035 -36.52897375259834 0.49294869267974883
33.07877767096439 -21.002065246311357 17.433718767193966
28.26511383934448 -20.09977694923772 16.254899319193758
26.391722908303464 -23.122523380585317 3.4663122659995693
32.37011648341503 -33.23884569520979 13.296217275923674
30.88312033755976 -22.47093894413615 1.4555591736645401
34.37862768959825 -20.79798658635845 17.723993588492874
23.093977015581125 -28.730787977398755 7.022294422566093
35.78650364130553 -30.771814163112886 14.36472271126406
30.570274773744483 -28.786319166416995 10.330524424509242
27.3533092675209 -33.34633063768475 19.177615253893293
31.76088988272367 -21.845046503237583 19.261195754880646
39.737609649933134 -26.91717346851463 2.950353682468436
32.35995895434154 -28.61268518908567 18.89461899886031
29.94895729718011 -23.376358674302896 1.8444170256606163
32.4003602491791 -27.91413730643675 17.82567552831556
30.22858139098851 -33.15746168792542 11.618166975861167
31.29096513727483 -29.99960326038645 6.550754838179415
29.964278325156222 -24.903376065940513 17.509316529128903
39.5482486145258 -26.030022939784924 17.09757512902935
31.683278459134584 -30.8400163773191 0.36187825305386
31.466701274227244 -28.70637878338284 0.46873160152006266
25.43421230115699 -22.012060723131547 15.985974569635431
34.73001887571868 -27.86780968306835 11.806915867109751
23.34429616125034 -26.000902588175933 15.37061085380358
28.75082831658528 -30.76696175817971 13.900703856275205
31.125358761728535 -20.370522208694908 7.652110059233759
24.107547799960447 -35.04264683390212 4.311319166228953
28.414404924501564 -27.479372200066848 7.099496572426052
25.27101481470407 -24.35186209720343 14.08446550211648
23.508512169628435 -33.699520620016116 10.947309521839866
36.28063300023274 -30.196023769940503 9.194221669828412
33.01171807816383 -30.76196147801055 14.606734931230399
20.924219402128752 -25.02392070296806 7.818408210765546
30.492052366748936 -27.53399815185926 14.871592603335182
30.93142422634249 -36.61428300897408 9.476295585442172
25.34509715263938 -21.18110951839427 15.586478097189406
25.387091826693236 -33.76800632751598 19.26723088229029
30.386310601912864 -26.415701408531284 5.959433062177901
27.59527311890084 -32.03979638575669 2.6846306637065998
30.67889245621721 -26.9889512242912 16.416959521256615
22.592183252009264 -21.622376787793154 11.016118618596849
30.07253391878044 -28.021432495357924 3.991199137529784
30.35628050790268 -20.225037531177023 16.482770934576052
26.67783102236211 -26.700029642297114 0.32924399528102777
30.66297374720497 -25.611602436407694 14.117174254724478
29.560328054634194 -28.234201664743168 2.9046816444722645
29.570815620404037 -26.404371683381516 14.510697540617649
34.73984015399695 -25.819705025834676 9.636334322058673
24.006056053787518 -30.28147169708626 8.598289237776946
30.99010902808423 -25.028022989816918 18.171248418195013
31.855594482498205 -33.303830195738925 16.979506186745475
30.02182484480486 -23.1909234530811 19.469089576236748
29.89398683445636 -28.377582293041733 3.193282652839353
22.391034183026918 -26.83469983713564 6.5019194794882695
34.80913195761109 -33.81161957211551 13.54170369282652
33.31241169704095 -31.009281814918843 16.386163272167394
32.80498274342833 -27.706121735753115 10.562060578592439
27.977080842328974 -36.85822185549546 5.016531466312961
29.262529790707756 -28.77902419105167 7.783241158355258
20.741889827749226 -26.095120116320615 18.512493127341404
37.48983651478233 -34.69293170778412 2.9921505799373938
34.95373686938681 -29.61533534247276 10.28054527320653
20.60234312866138 -29.96413816281573 18.958716323653274
28.12335732691549 -25.378094648537108 13.361433838557243
37.3173975911091 -33.14436305859064 16.99036426673756
31.45304213396004 -23.3423580727252 9.095552675237412
34.6832335023264 -19.088900162271813 13.746863786621255
34.541377500793125 -31.861192250400197 12.933287281021917
39.06591350811877 -28.97763219292236 12.197962628128922
23.6198358752899 -27.527107833274723 16.207276172010346
30.062883709319486 -28.835235217419807 8.464624684337377
29.79283616879306 -24.963705213454574 15.224255959531439
28.72915066107216 -27.62253464896156 8.103548070625603
30.362746731000506 -21.833249663274273 10.494458029435759
27.286952480532086 -29.292128122389826 3.8497079496937814
37.31502894800894 -22.601033215878626 14.196262161971182
32.07286028016583 -26.194067188969196 18.08157433005342
32.845828810656144 -26.278090428976427 10.67042861359244
24.4084694113211 -30.19839592838483 7.037809113458955
28.339727861244523 -30.93925203862001 0.17750740419087974
26.629952429433242 -31.017582642166865 11.483964488813374
21.89839946338062 -28.985019900692784 8.41082625246256
36.11826050318845 -34.23457848610362 0.40852879468174397
31.94737223019948 -26.720442341603338 2.7485067377453887
30.482738098828325 -28.24523420065952 14.388093216220152
27.118529006118425 -24.33545265043628 12.57010388590601
28.12161415441556 -24.09718503302459 4.486516213352026
24.739281018457216 -26.6968997098189 19.412988184154937
26.707374307332305 -25.05834614394646 8.769438743878444
28.588149318579468 -22.603313410037238 9.11529268658911
21.810618031171913 -30.041826107031728 6.668694979163803
37.67902153956017 -25.599795941199652 14.455312046611496
33.74704395767877 -20.5752566446469 15.014222036423595
31.960469400711716 -28.16848901311546 1.6458956950243864
29.40526267771268 -26.70949850819135 19.44289981525292
27.267316793941756 -26.520732332705155 10.629266952585352
26.86287977507953 -33.27475038336444 13.534000293967425
21.91497882038457 -30.416532983230443 16.842087280526638
38.17425146081493 -26.124501871435953 1.0368922374523026
30.001786987340335 -28.85298396147885 16.851179283678107
32.278877923882774 -29.542428478761877 5.607041373251955
29.194231481547337 -25.953592031919666 13.668996189304934
29.61913540937069 -33.91769002784399 19.292989096311025
39.677491504795626 -28.34961660456211 15.30266906328472
28.38622138494345 -37.273665141167434 3.1467611315601296
20.97026622857055 -27.364821498304597 6.035945580204427
27.41660153011201 -31.81359778304403 11.28289814934077
22.833390946739033 -24.230778980330566 4.342196384611272
28.04687161243238 -25.603495048676074 16.85577027972198
39.12934500041621 -24.943952540933065 3.8894506529480544
31.18588529459976 -27.49241951195089 5.216468568973793
32.28944427749728 -26.416693051937436 10.987770695655698
30.770237609440922 -27.31274283384764 4.739407950428019
32.55712121015628 -34.714964426164826 7.466771296040453
24.190506292030474 -22.93199469236331 13.70305243838734
28.231776064788026 -23.84384064932131 11.214940157925197
38.81652117040997 -25.480281236446427 0.36085304488527203
30.03276498031404 -20.781884406326 0.7737334386846162
32.593749119751465 -33.95517507020347 13.265175233158892
31.57902665856685 -26.217085269839338 7.819374166764657
36.01022644919201 -23.561903451088526 6.017209312365344
31.562174057308756 -24.44415130781157 18.71096253615483
33.71165463485992 -24.549968996517947 10.410990454120752
27.026707504292432 -26.358522952161564 0.11405301390781775
36.544253161100414 -21.20573425310544 12.732269184787784
28.926993990970576 -36.92854504468775 19.833326017901562
32.47681973532822 -18.445881150964865 4.618183800912165
30.257519002006397 -23.978930917290203 0.39394624701335035
26.82361126307501 -25.926241631478486 2.2222141705106813
27.38613689255778 -28.080677314863276 17.432056274122992
33.781816496069816 -34.48485923615919 0.7691340072055497
27.689569197469694 -25.989504359680847 17.103173115581917
30.242646489457083 -27.61758962859668 17.36131487393381
25.692459729591288 -23.102022084959735 17.20248006892565
33.80514886403897 -28.29371989119784 19.249554068660824
30.328863524447645 -26.6729597650346 12.346706505871962
28.842313997817932 -26.38497088548668 4.09300586859662
28.276464541425554 -32.64450170898196 19.285615051898503
30.256942407733725 -28.426048112955797 8.831818431392316
29.610573661634273 -28.25646409182378 12.023997959931869
30.814370888235317 -28.159704807243102 12.22616856027669
33.46282459932946 -30.3945032121524 15.513933610735082
31.21554966090032 -29.584438922427463 6.978096507515401
24.46084792168084 -26.70685001346055 0.6987136311391606
29.463255782680218 -31.29841777418119 11.48131433835369
33.239431657363504 -26.75913401746309 10.147613752346764
28.521020780437127 -25.38179592481982 4.628532000639201
28.43512157169827 -28.071867549197894 13.420468141667525
28.650932229430854 -24.575984681705926 16.882121494732903
34.209525189959734 -35.981173315830404 0.5468058322155933
31.581020925859946 -25.048268648210588 10.5222633354422
30.070766339550534 -27.19998611349333 3.096258942854979
25.678639556332207 -30.48075740294795 9.2420929404801
30.288183632729222 -32.106490470901456 14.976173884234088
25.604982246441562 -26.118881580271154 19.364390217110152
34.02381054676666 -26.712656378669024 15.95488621703242
33.27599507294278 -25.0183927190648 0.01405011273261314
27.229783913033895 -22.203302005783502 0.07801782327781392
31.094902532443676 -25.558445022298145 3.9056344814567856
37.12946483705934 -24.81264434716907 9.41012057456495
32.44882591490913 -36.96120652850365 12.692466440901203
36.81677357764347 -23.70385733969768 16.172333331133707
30.529833720449602 -31.899840346623023 9.594849339791505
37.04010314851374 -27.926606930344818 6.538031876498078
31.087308240603 -25.225302647515104 11.637545880450935
30.782491391723443 -28.260479712734416 0.6477592283786282
23.728432495433694 -24.62547850527934 9.619416235520394
33.53357084874095 -22.479286715187847 10.873754808136301
24.08497096339122 -28.603060260567904 14.826956027974838
30.001175093189218 -28.037353418971737 19.394715182464793
28.540875990296385 -24.481562016302224 3.105078590066468
36.8660201626575 -26.729868641273082 17.262867489467553
29.196223993128573 -25.948821690598635 10.360095407865067
30.69944106236603 -28.757144087466756 19.599354322336907
21.183870790549694 -28.740998226034268 14.797947002730877
26.513585120867997 -29.42842846860555 10.356117858991404
29.821400987738155 -25.14615234327656 1.9019536720797126
29.12883051944507 -28.374079062544357 8.227701654865545
29.135951136514702 -31.039475697285827 19.070196480548788
33.63903025000905 -31.74625815860323 14.334985648336433
30.849585333992557 -26.832955937401838 9.02910043422684
27.435471866079375 -26.304840625681866 4.584093199229155
32.16076048361819 -18.129991864970194 14.474846518681183
32.37587421489289 -26.417762336550833 13.263646092607996
27.762090753405378 -29.500979011818632 8.917899555239494
29.55423480852865 -25.32271656457676 10.665020684167956
30.600977323896977 -28.941949076735206 12.039450345251936
22.855991746020443 -23.518444622162605 0.5627782483476884
30.192135017952268 -23.338420643738356 11.636461634131097
29.384707099555726 -28.01292815238208 18.283266506467207
29.011691560179354 -20.770181511864735 6.834599243353459
29.376454710104323 -27.5056607036154 1.4041551370198957
29.835051219761205 -28.67202735860457 13.49848627287239
26.40001889976292 -25.044625240059602 10.83834732798813
29.262654860958435 -22.510648820989985 16.410875217141495
29.44874287551355 -35.49584551954862 9.249715064336305
36.51277829888835 -28.623003669304502 4.454580679316047
30.54402673545387 -28.569977742598766 7.611980962439107
33.563903878025826 -27.160543877023294 4.975179479031504
28.575503565746253 -27.40803965949196 6.572697006697035
24.703266124946907 -26.696838261920966 8.292355117788283
32.71667753886885 -29.246914398488848 2.8766986974612108
28.82152370925762 -19.8551884790797 4.267315709798945
26.5219079043322 -24.012857162436617 8.602078206570578
20.931840469069208 -27.557074600580087 1.3190359838016552
33.7349500334836 -25.099089052446367 7.905807917650325
30.86549461689533 -24.72138110924856 3.775378692358924
33.32816834538523 -22.458786621453946 14.213935078039983
28.610297601456097 -28.40588387919948 12.085072756508154
29.7454025972808 -28.197706115455627 4.913730119597393
28.80098676482876 -33.01738158570653 14.607685969757098
28.49842872489471 -30.36961170631489 13.477869967727813
33.85620301090788 -25.87901515584249 3.459249576887824
32.864680853212114 -28.59761987234143 10.660601091067953
30.107693081534144 -28.463480674545416 14.3333059566792
30.10196628023154 -31.703300603379226 5.085998218823993
31.510397450253127 -28.845533879690382 4.976847159209394
25.844298958624965 -36.3960052879961 0.9051581412728438
31.024673541266292 -28.00911727349331 3.0322928754179213
23.72388384718749 -22.252052421509973 10.289170785537136
26.529300741883315 -30.28261922524428 18.263902043973136
26.971190133877535 -24.90010581453206 11.66534664086093
32.813562069268706 -26.285214301219735 7.892665673470742
23.552383051776182 -25.21373119676171 18.849622324947617
24.42080051771675 -23.081781259997264 13.322861249577986
23.04899190226175 -23.096865365094068 18.56358406905418
30.186476462647462 -32.75507801439294 1.0077316797999858
27.839845431769582 -28.35174466848848 14.369551343246973
29.789501699064733 -28.86528722066105 3.631305237618112
31.963781518663346 -36.93000910295531 19.466643407223106
25.70168435664491 -30.72029170864523 17.99640231649422
23.15646868180484 -23.727473804707735 11.755292685800907
39.0836390349524 -30.04779712706985 13.119707394317055
29.262885836860725 -29.395811800063715 8.896764720326843
30.984746865891896 -25.878574696133526 1.506873578856629
38.52859408415008 -32.988568246604295 19.235703078733508
35.75726551695612 -30.433405211319293 19.80916206041088
28.592567763236076 -30.412914762233797 11.800150903589103
37.77570383057847 -21.636477826875026 1.8533477710541213
24.310915498809464 -28.30984369851678 1.289351512712238
33.87515281151263 -28.837244573872514 3.038818841986528
33.324252240145796 -30.881650449762073 18.375597573841073
33.67337864750463 -22.960996997150545 7.717626167691405
34.47406689579738 -27.7460974512062 10.58310517712343
33.48084854558509 -36.72230606638288 17.971815532884715
29.935798286092357 -27.604484699060734 6.641073793727399
35.173996508565885 -25.36916652336304 6.571360322898139
32.696233920455754 -28.9825619801183 7.944728847286317
30.37462128008799 -20.39938839585221 5.559070544053557
-40.53988323767925 -31.485147684539427 0.3815352923915172
-35.43472471890317 -28.523371642446687 3.0049816360732895
-46.73868288816774 -33.844934725646354 18.673693834529416
-42.42636441905462 -34.06713284393438 7.251069830650383
-39.05358798872254 -33.40556114465812 19.5423552249917
-43.889251164912196 -30.676678250274147 19.269539877395626
-30.87691972649128 -39.46917416241009 10.485435414451072
-32.1042605822294 -30.4457441333757 13.214713240960274
-36.83954453214403 -34.63251723954816 13.919545089422465
-36.843991758011015 -34.4295168047352 19.88396495196731
-30.33151484642231 -32.410448493143946 0.0005730264198011703
-38.49307416096046 -34.36684719857742 13.887890123085313
-37.104621795223146 -33.79696229767245 16.51638013570102
-40.28480375834757 -36.704477850089454 4.243959057699438
-37.446852371989955 -36.103134673220076 3.3257038861412846
-37.69434343694409 -33.99771231059312 11.202611090436625
-44.27364352479414 -34.88774230002931 7.780138105012206
-36.34247754224225 -37.53397214132188 6.217335046377796
-38.50125255905489 -35.84748995575107 17.342506765220097
-30.68722998072392 -30.184527810409058 3.2473373582377385
-33.00836316868686 -28.372260541848565 19.112187549552072
-30.86046040267643 -27.907437365061433 7.667017222782874
-43.7170993223878 -31.072308057279194 13.682885991470533
-37.74201598357431 -33.109756185947845 1.725469177381982
-45.767288964633494 -37.707010626423255 4.5886857524922275
-35.70605608873797 -28.44242280726953 10.876923611922969
-42.06896363424849 -31.21849347050579 8.710667829050161
-30.02248378050482 -37.214729949360326 2.6475125570197133
-43.608810569251716 -38.66590570796919 14.371524920956357
-38.02103302766056 -34.810719394495784 0.647118942446856
-40.21053054964014 -34.17793633293223 9.18844005556155
-38.05391302779076 -34.80303580897621 4.418372591405744
-45.252816574114114 -37.56202029901093 18.34740870463804
-35.41059050333838 -36.386936291079614 1.8180454690956904
-37.41580627230006 -30.797271474942622 17.98976774036767
-35.21076161958029 -30.829381765823808 15.999392703791603
-30.601501263289467 -36.27146053348334 3.2806163256341025
-32.31449876476624 -37.582994970565544 2.0643038684563364
-28.47181744930375 -37.45471775148187 1.1911723054035228
-30.99335025238216 -35.93158932011991 17.904025969900157
-40.05552566396079 -30.418184170931827 12.701618220854211
-44.056550049323896 -41.32502965108385 14.877077245748008
-37.37096154269696 -36.30476907895885 15.622051930465817
-34.30271241354349 -32.92403905427119 7.819355522142741
-38.36153353759578 -35.79543038968294 2.600828359416467
-40.3427514093245 -30.749151697391042 4.280339664151473
-37.817193629674165 -38.362447449996644 6.690738531290846
-37.63780469312231 -30.780096636126487 8.760393418870787
-35.46623498082671 -35.68953686413485 2.6537432031612007
-40.39534402330704 -26.890796430937385 18.35885083298111
-34.86172541792409 -41.01541826503631 15.792090826522005
-38.6974778789974 -34.84450258370343 10.357137619040405
-37.77997752319879 -36.648152011272344 11.331286514731637
-33.24408633286042 -26.651307746134187 8.844659214099002
-31.83257583480175 -31.39799724426608 11.798824298026869
-39.628588576187184 -34.68324319425631 13.526641228939386
-37.58858065292623 -43.156886713673 17.82481149316301
-42.148353591861074 -33.723067711945305 17.212302281562057
-32.851207431320574 -34.98736105652784 8.582042552136159
-38.04005206758939 -35.05449883814228 12.42240857266523
-32.396989730055346 -37.7949370910199 12.536517662857564
-33.789904038451134 -35.377414807080925 13.676089070668189
-32.017733743855985 -27.897409809159676 10.727758461983449
-35.10418388835639 -27.132938668858362 5.937871617331075
-36.64127973652455 -35.59925484857348 0.5971548273310057
-30.839782836395337 -37.24251661710629 4.361774508770968
-40.128567825531874 -30.584898630503485 19.239266133778408
-40.58298375671 -43.64446567101696 5.2354939430526315
-46.83689654718987 -32.65889679699777 7.817940111355528
-43.29089554865219 -33.46205249408748 1.8653958625225986
-37.06581591217528 -32.93153624166665 7.400944592764878
-46.17620949751729 -35.264652122410624 14.933504932672077
-33.66487567382176 -38.724988679798074 12.858661066266697
-28.737275712656583 -32.82488663592045 13.698639072506872
-37.02876619991126 -37.87446468983324 15.648230109372431
-42.46264685299106 -38.61284774049466 18.084971984954244
-40.111599476572465 -37.27034175679615 15.45859675916454
-33.89721497421602 -36.92397616099166 14.074020278546513
-36.62902138512999 -40.06736502582109 8.332616107657243
-39.92689102809944 -34.75096525885968 16.239536281755285
-34.107342199420714 -35.64091814085979 16.78436853483313
-41.55170299549963 -39.680201526685785 17.779964236363515
-39.40808397426594 -28.154671488327597 15.607638689719883
-33.670100312068 -34.18047816852585 19.3689916037425
-37.67777008703336 -42.880768871290115 19.024249718831786
-43.799406041581854 -37.1802525559923 11.573125687326847
-41.92577239608899 -34.57604642581888 12.951563019282972
-40.37528001734102 -35.148974318335824 14.201401849883283
-41.75710152829923 -30.56562113829029 8.942903458199273
-37.5771030973529 -34.77723502492372 6.580981604317215
-44.40975812894106 -37.633968780680945 8.810304806968126
-35.2492009699355 -34.27239254412968 17.318738149538436
-40.048539948135215 -37.86300047169332 1.316228383824951
-39.6914632752145 -37.285139373956916 18.434662294492693
-39.84258925401646 -42.598376431009136 6.630166146720862
-39.502794926524594 -33.22852742958597 12.856496187968272
-38.045579877750335 -35.66992377603188 9.092018777513381
-32.71000475913016 -37.709985523009536 15.769334010080735
-34.80539462357095 -29.73042780092272 9.165581674471797
-38.71694811450856 -32.735588459062846 7.227635749885244
-37.45912487560846 -33.29232139277345 2.7286227833473364
-37.82875189964361 -33.387686567378324 10.103164327813978
-44.29503275905125 -37.968227968426724 16.301778199192018
-37.88738552550448 -37.73509493582504 19.734440458987557
-28.78828145935517 -36.02672536079437 11.02178189614403
-38.698956984743916 -28.712358827151185 2.998643535216614
-40.036164073452156 -31.35359429564206 12.24288335323837
-34.84182601468399 -35.72634027484372 16.266682059849675
-37.29897148690973 -32.401414728714116 2.3058078013174454
-37.039260490326306 -34.429791903000606 5.571689663445563
-42.314962125598484 -38.62776534094836 17.538306220253457
-32.89302128228395 -40.81954274448495 17.58607401465246
-43.30435402056086 -30.58784021497288 18.774839479858127
-40.39513807555897 -33.657173543440756 5.980797295502174
-36.73432486974448 -36.013469832527754 18.04309098381317
-39.651296265751085 -42.29225670476764 15.600332704378761
-47.50474519917347 -35.31253566441393 9.28677442806242
-32.26805930746244 -42.988739400297405 10.066362742536537
-33.92921577193564 -39.20443955551549 4.861098000447854
-38.51797284365088 -31.481265712903742 16.617527495323067
-38.232010659219235 -37.34854974547171 1.1500923872278102
-41.12968454029192 -35.8421984407594 0.3341105930869115
-47.68799039208939 -36.65840785801384 3.8091144893687834
-33.75736762724398 -31.88590974536952 8.47175341334669
-38.104429743562356 -34.73022988173383 10.144093399797873
-39.38367285555688 -43.1437715984956 10.82785847206907
-42.391569374888896 -35.86753553756815 13.850090548421328
-44.073461787078735 -41.840411283754314 11.030233696581215
-41.270461113952145 -28.86648625345929 14.515097913597666
-38.37853568821733 -35.26229316832198 8.0400075569938
-37.726228706092506 -32.667504690527004 12.654878128565992
-37.70334605974374 -28.851454131903495 4.492741737128679
-45.96104623868462 -37.54787970979787 9.542268782112897
-37.91229364425409 -38.641583413979546 14.589337991451309
-37.97840437164651 -40.530067385253936 7.1003138961078704
-41.10408951889881 -30.404947724791636 16.394333643538353
-43.34903072380807 -38.458401644432435 10.211363485255438
-42.969889245774695 -38.30500944655602 10.968524744668679
-34.39783345973187 -33.75914504198789 11.300114616820897
-46.73749001477596 -33.4591381058235 5.572073384645691
-39.762147693066545 -38.85446309879404 7.456779848612889
-39.49423137544709 -31.443934015495024 7.817774335826286
-29.33723048329839 -37.99690932845438 7.241467885520086
-35.27141687762324 -25.999464070424672 18.341926938357503
-35.64563629334813 -32.871755828532265 4.0335277974246235
-37.03368400109252 -38.14260296385261 15.08487693454834
-38.376842895485716 -31.3999797816783 1.7988847497474714
-37.0546271894995 -30.28636859133146 6.239441948933198
-36.91858928971565 -35.247739055128335 3.550407494390455
-34.82891509883465 -33.70070145893714 1.2921752835757583
-40.61968795950115 -38.8071298930984 12.20142930750388
-36.23426891637035 -28.910171439195196 9.296058514828287
-41.4323697301829 -30.33393555226914 3.4256890857167988
-38.38030600688307 -31.507935272260386 12.756767708554069
-43.061857272084154 -36.94168179143545 3.6436226096067226
-39.488844384460116 -24.986310626158996 0.8708113579333165
-31.110454946768364 -33.949873219519326 18.875449148796253
-36.35359115671417 -33.001453086595355 19.756295989420032
-35.93863868685972 -35.82803475589033 4.0278157639829555
-35.73683599689719 -36.38812986812787 8.861634425707322
-34.28805013503907 -36.921909178802935 5.672863884538253
-45.103668134358195 -30.929109101034445 8.4856754190462
-32.800498277762344 -38.2535436345361 19.93535925546404
-36.433522709828054 -33.94340105140012 19.417044443775417
-35.959172168208084 -39.9015570054833 14.547073032275309
-34.60295058149053 -33.501474244763216 13.15968684872296
-38.025782276310885 -34.83483502989104 17.423922187830033
-44.84698739505359 -41.90425922152389 17.75858551610179
-41.66452071007104 -41.24786616473901 11.23308554404382
-41.13241981675871 -28.115204365204328 18.663998451378745
-44.63453476425681 -32.12026093858796 8.266453006974572
-43.25893545202629 -31.707595281048192 8.77555182067831
-39.74558748687031 -37.72952197090392 14.685575890711082
-35.45738349930767 -44.24591906047223 19.996541472716768
-37.98029873992421 -34.600247021610926 7.323394223829989
-31.26596629655208 -37.687568263778246 11.058933764410794
-44.34482253529266 -35.57072302192344 2.6382801428666114
-41.79233279313519 -37.20152006992202 15.332284910252781
-39.7649918520792 -26.170359283252907 17.860894275287368
-39.812423799196466 -35.42716760980531 5.730512037074718
-39.150450734215305 -30.451191638219903 2.852850298245817
-39.48060198861533 -34.26595387743934 1.5936225210882426
-38.88999308725901 -30.848905759147907 1.0424281569722482
-39.23640834022396 -28.825194599803094 1.0254110928109972
-40.6604848093999 -38.66945283781567 14.205095348766257
-34.423787893839304 -28.25613566445341 12.378277738344963
-39.56418544256574 -38.10810834970896 0.29608624639563264
-36.94318627722881 -29.995562568609213 15.709353659059646
-36.775957947352076 -37.900572420007435 10.452435386868757
-36.09248564306853 -37.44869120418782 17.866800716153833
-35.757742130585626 -31.73096012077395 0.3785630270822615
-34.082578304264196 -39.39808261420394 17.938213786449428
-34.9106427618204 -32.17747406608326 8.10165997255494
-39.22863162722953 -32.88771042265989 1.6213452302282017
-35.92730236335695 -35.59974980963216 9.78003453846977
-33.30068181755233 -34.8470049156542 4.692895384137216
-32.30816536774248 -39.49339552417119 5.396761336261138
-42.217700720654385 -32.6921224946928 9.375903284040774
-45.47151040512643 -38.03630037456922 9.048403666686513
-37.839379208719116 -34.3823775478161 7.649954742294596
-37.25621825041505 -31.578537884746336 12.83224512772988
-40.6169220607323 -35.35235491604651 13.478765724622066
-31.860366270471147 -31.233032319665163 11.71919097278548
-39.68486928049461 -34.82947611472167 2.230795743502154
-42.76814834016483 -40.953545561877874 0.4961801885527861
-34.04716688628868 -42.17198313487568 1.0929483858636457
-44.39173232108806 -34.628238938157104 16.02784510695425
-38.94620497572665 -32.55563192470439 13.510087466239543
-41.92322018941969 -33.872436559382045 16.886159106935843
-33.5399263841348 -30.75325080467878 17.752312119192023
-40.6907542009381 -33.64012908679852 15.51502232191183
-31.213705381577455 -33.22028237348752 9.053165514240005
-38.03930741359992 -34.05720789679478 10.925960928480675
-32.756518286985376 -27.814264688772266 0.39081003356914445
-34.01731160484492 -35.75421931679045 15.000323222123818
-42.40890899826975 -39.8012651067681 6.642079614742626
-29.512365431424477 -31.823161485956952 17.251093557230508
-34.149850830102025 -43.106853905095456 15.217309647621398
-43.03626272839334 -33.503663694395605 13.233866616539817
-31.58605978974228 -30.39511432638468 4.55623912714594
-45.673434829659946 -37.54398561873603 3.494304420868355
-38.10942914361816 -34.85696942189644 14.993088479543879
-39.29682715578001 -40.92069503499942 7.462990263000724
-30.689569923334403 -32.20706902414916 14.887720826784367
-43.477268119280666 -30.43296588583083 11.154689216863014
-42.34776202694396 -29.391979734171816 3.3284476789817186
-30.437129699233324 -30.105838797890275 10.138708784735357
-37.24986739318304 -35.807646901084986 16.32925570273443
-38.35558009680469 -35.24582300213903 3.946830581297791
-39.456218204824495 -34.073724353500666 10.368447908999636
-34.72495093514001 -37.934194836921485 16.183443616138266
-37.50059495452928 -40.63485271234524 6.913471051754378
-38.013354615141125 -32.826639138286275 0.81141985565371
-34.2208812307743 -38.629555985888786 17.4720919203946
-37.14540217775426 -34.114671126851505 5.668701465209535
-38.113474234689455 -32.66152190798475 6.9145957817714425
-34.16607646198188 -38.2620300942729 17.31177379158854
-29.95710043606531 -36.20429643163058 16.443166696637622
-36.36091340207417 -34.39139941079024 18.81006860250277
-39.94148059528335 -33.59317377471063 13.103390636183136
-39.57371375468644 -32.95043531297742 12.196925027136242
-44.754279741120186 -34.13891145571574 8.025872506706982
-40.8422771663442 -31.695240044349678 19.570430546321546
-37.11781285323821 -34.3626085924299 7.893012677123188
-32.219932274415925 -35.15365366445342 18.31552232875007
-38.36762118757037 -30.376286184391862 2.187703529508249
-34.911886157921316 -33.52982347302539 7.7123579108444895
-37.33259339121941 -34.68802272107344 10.696591925561087
-35.57954035467022 -34.71594899504598 8.601589850173585
-40.79514773080244 -34.08307351508015 13.700175130601817
-39.92795737181652 -27.252835330417827 19.94638034303661
-39.95124431017875 -37.51443466032193 9.860183669933143
-38.12280691973285 -35.3334120890558 19.38225403471457
-30.971122399902235 -28.219168947614417 5.640623164227179
-35.3520155479371 -36.06732772628065 19.57608203649158
-31.47529993433223 -34.523397868078106 19.19452455715911
-39.92466135835247 -37.45201054025112 1.1906209102149456
-41.70206577272831 -39.48476823947304 10.174823327885438
-40.31775062645733 -33.66920519219586 6.489661307736341
-45.45016948669666 -41.33745649781563 1.7994247961912269
-36.809188940830694 -33.6831190006215 14.124687056150576
-35.19708777099748 -44.27286053140216 7.7883115604292685
-35.2310978940921 -31.14742246955269 10.327522283853938
-34.84561918907205 -40.040270758761245 19.713723560744146
-37.603460558974334 -29.14930301885814 5.948823881336567
-33.73929977996312 -36.359946676468 10.204056514409938
-31.312534649416015 -39.26146981931185 14.132765732151697
-36.600940841421206 -40.1042357591772 0.9582256450933646
-36.66616474055237 -37.12065447351143 4.9681803953041115
-39.33336194050926 -35.130737487043305 2.6572181992604316
-37.04030628869744 -36.93058118156938 4.388642054734657
-40.89479605116475 -42.780217295278675 6.80643524836306
-38.26351753992288 -36.050066793193125 19.78674942880984
-37.10114076537847 -36.95425086452169 13.463954992836594
-37.46822593462477 -28.782322066551167 11.366288013039716
-39.39768072224965 -25.94561957137565 13.21687030714386
-38.16062623497587 -40.47657084631184 1.5359182219083611
-35.27156145492705 -35.95715896258038 16.460436472021662
-34.962174066746606 -35.00359870437638 6.02608691982133
-41.98895266814851 -38.443191373633674 6.543869988920874
-37.86177256199011 -34.68989288469486 13.553246631381185
-36.644336471771375 -36.06226124312662 6.132474299361332
-36.8530798445479 -34.553512643862625 10.730261161899705
-40.450688397673396 -41.5255727491568 19.21433366543894
-41.453591624915234 -25.93151981306319 7.768659404190787
-39.62675257688435 -29.738155790311325 1.2876353201315038
-34.12381149681328 -40.677246871639575 4.835851799974078
-32.632848069727785 -30.17019985161661 10.121838390967229
-42.29995266311858 -41.726797400417546 13.171070679171573
-37.8060229809167 -34.58423574575991 0.7951904233709484
-39.80739929664002 -34.131882552412534 6.352714400661775
-38.8321202807272 -37.7995528998403 4.8748250331564735
-46.348517847822215 -32.472506992812676 14.986022000840165
-39.446328514305414 -34.10243833263185 12.502217780523491
-43.430401098283625 -35.13827178548421 5.675803368763663
-39.62450213957183 -35.84421330531197 13.572654325512287
-36.441687169999376 -38.039551355284246 14.715587714439478
-45.409316616298085 -34.94914763431382 3.2051993663219758
-38.89228993123467 -35.69267363137237 19.361235554126278
-32.996140196041786 -35.24972797815139 4.189593655703561
78.70646248543004 -31.815756332602483 18.304084553105866
78.66872923253653 -31.398896468145587 12.164471895835064
71.82820286915072 -38.877581071334184 1.1385674364135623
74.52629765576945 -37.521835626701 17.496456937963515
76.78628542475369 -32.411889475426165 5.6621465401929205
75.1939709588412 -23.399081397117794 4.996774812228619
70.461051865549 -26.216184112969472 2.817122552368858
77.18166198975932 -32.82859130620336 5.863544109638736
78.12551993840053 -31.96068695372283 12.763896552067447
83.60391453352975 -24.805392515307396 16.62407729913234
82.55260313865435 -37.13735525512921 2.6657885442556117
82.84279742425325 -30.883873798394593 12.422747997830164
78.435415342395 -34.432179845071445 5.055285394910283
80.76916029555306 -32.88826104541944 0.06250726102107196
78.39114302174843 -30.593259750185826 19.543192277712254
80.13917314223035 -31.083037101298842 18.816065802493732
78.8067513481909 -32.15459740752827 19.200138200256728
78.59969462432038 -33.17160409802285 13.620437661009579
79.24299008085656 -31.562159828306864 3.5891509765929497
70.79371354830067 -31.037138981084148 13.730814609138537
80.30011912634767 -34.437679158017744 17.83801409268942
81.67487336978913 -30.35884285409281 8.581847361955194
81.0463864024936 -35.254138784958904 9.97589755112957
86.84399469127817 -34.858260429392224 0.4542651935741149
79.14252560689319 -33.462776085522556 9.79270106208094
76.64944182514701 -26.041422523199813 15.314377467436982
78.75968813387308 -33.56462092893367 5.684584457458937
75.49936260421981 -35.36077543788215 0.06747515270281168
78.42647158700575 -31.5097628632183 1.9961025496136675
71.15263420874868 -29.554226157797356 15.023383776685558
78.83004942421739 -22.906916538018777 2.9103403564859898
80.26336552642994 -35.40794895483482 13.65385586975567
79.1301323948554 -29.1001636906511 10.413610947828374
72.37729852751421 -37.705627781921336 9.537583301275802
69.59975870396659 -32.005948755292806 12.789455446310464
76.07405234434758 -33.02431287040012 8.961943855600367
68.96980981554857 -30.826083695009437 4.079662990112856
82.67943654106021 -35.49780466310238 16.033141550715648
74.12049580782896 -30.824045281481354 19.14451173361546
83.48285895603934 -26.85430580748343 9.06634784837646
81.14010308553605 -32.115075924178804 11.7747376210663
80.61647440207854 -35.42620321677806 4.4824818054089155
68.10767902670916 -31.059060997546702 9.590489305909289
77.45304051158217 -25.281242544161525 4.779564975583412
75.6451540700465 -31.90913278914375 16.33950536938179
84.21646866261884 -25.94499095681343 11.564365488446118
78.16016063689295 -41.70995438038386 16.1460781753782
85.95904008392402 -35.062439069663185 3.6501303805040486
81.75595776599576 -30.75648210891632 11.615160841590697
77.61762521674056 -33.260070793754224 5.779965017511078
74.95551499127436 -24.57244517814586 14.643404694143552
76.36445925666442 -34.62788208742971 7.751177783460978
76.24013669354295 -36.722177237120434 19.853695045427287
80.23618247969179 -31.576399779212366 1.445230851178032
86.2387417767855 -28.573944101068083 19.53547990935156
78.17119608099381 -35.19491902908168 13.098893498994556
71.30373077347346 -27.32482759309877 0.693891181025037
80.9721876578494 -28.77519860632931 13.071991886703616
74.83269060303405 -33.27375646427664 6.65332534454252
75.4170093998237 -28.998871856992096 0.7563521212920965
73.30157004209903 -30.264943118488027 5.091001467710326
80.2111864325032 -34.66087267138002 8.592567207826587
79.06869236151276 -29.641594168022102 7.429971418404692
79.77971356763611 -37.39991083279861 12.377338157564555
78.53370577457206 -28.11141177626422 18.156317281462194
76.60465622229498 -31.57393438564611 11.576187580535633
81.80394976394142 -23.639522990017362 6.710153289091272
76.2023729268594 -29.896529324202085 9.979608478499788
76.43360085557097 -25.97237785999655 0.36792052134750897
78.7485383177869 -27.352385970354852 16.73848020075455
79.19353459737395 -24.767195097757973 18.97977966090282
72.96758683912213 -32.324893614754224 3.8903146009793677
78.08997367892707 -32.095372628511704 1.9896103721016245
73.62656757109518 -34.96444730545461 17.38697063055967
77.84757962692478 -31.010698884565077 11.277771039138784
76.98585504107702 -32.17388215546018 4.336764209755215
84.51573179364595 -25.369284055759127 0.9620690425784884
80.37103898369737 -35.387469387273036 19.50166576041164
81.79292425480928 -34.426494465420895 6.38981375659146
72.08109458646693 -25.94416886757517 13.889578309263687
78.02179199723565 -29.546038839080172 0.9790572231255701
76.04738568488708 -30.452624158166092 9.37713462883284
78.65968173986171 -25.140261999127706 13.19630783988023
80.40999147646009 -32.4628723322236 10.281877595419822
75.69903610455763 -35.82563854913591 19.780877680135806
76.7916530447363 -27.121331082451277 7.660899751052952
71.60455097711815 -30.452060597884255 7.0124556364439865
73.75362213886609 -31.578411256179162 12.581556433856395
77.61259731547673 -32.72518206809675 19.740068097830637
68.34340238750846 -32.34121697347852 17.96840345878169
77.00297733005169 -30.75728599332421 1.4692294697494956
77.08504503025812 -35.962671498065355 4.705719453126003
84.724732961284 -33.546974147048616 15.036736890217941
78.37904021067187 -30.61114878676826 1.1638439980740212
78.39399029028243 -32.08924470658016 14.5053989296417
76.29867600046116 -37.59418112027939 9.622850332146612
69.29046284715884 -36.20260167618136 2.4043771992331098
77.55538008263986 -31.284730187446605 11.393402443359077
77.78524853233316 -32.339685975128404 1.2194148687188644
77.62134709732894 -31.975483433109357 5.8871537638549505
78.89890104925264 -29.942847077847002 5.268048494580548
86.08775766328257 -33.50020689043583 10.047153965082467
78.46478767308147 -30.847726795334577 4.778936950672423
79.87926363697576 -33.00769992377061 17.428647583941807
81.80623136438633 -28.495955742032116 19.656665064165022
83.99260112157398 -31.657396213880705 3.0800263487969826
78.1520394300025 -32.38014047286757 3.5425233749286944
85.31320172264616 -32.678350788097774 4.663816305376778
81.89166763378859 -34.00946158924901 11.28680547318762
78.13313377163361 -23.624151585103874 4.000147622588912
81.75826615278696 -33.1203896479514 18.354779174419424
77.16651376323166 -36.20171147476952 12.945990165241161
72.83000202018897 -25.940482412089036 5.054049158833223
86.82540632154573 -27.66715822079884 1.941482959459
76.58754449057993 -35.643692600048894 7.937933960707431
82.31174214806013 -33.1039699329177 6.524459857689823
80.31932500707529 -27.32208157021754 2.7481794845669283
84.36481878785894 -29.861149345708277 13.123887927367488
79.07522671026472 -38.58199750724446 1.7829853012563812
85.37869245612663 -25.92092091648491 12.41536702302534
84.09610702744905 -30.297037934635576 4.501924568600229
84.25087136827993 -35.82087318495411 11.461493502724032
74.38444262149535 -26.113754735387595 6.553471645366756
78.03494649865516 -31.958134181409655 7.669940189045752
82.06127850580073 -23.787551216019725 7.638408580045879
75.59829064006303 -31.86558162059222 6.6825801872139445
74.95084545548045 -34.71528747115932 8.569173593515796
71.67077994851229 -25.954716239668578 2.2011064385352808
77.84965644000417 -33.03497728522152 11.877857940774836
69.52385823219782 -27.016225662789047 0.24979935843553402
87.20037979875636 -30.54708515115355 11.104932004359027
78.4797542305297 -31.173451192141073 2.09134711871638
82.56968546397354 -26.10233104693556 19.03085515467793
78.83827030627278 -28.429842563949006 10.27500336157022
80.45112757376228 -25.601054715693614 8.276781748173478
78.09655931633863 -32.01083206435577 8.727993489972189
76.39549391748088 -32.00149416951071 19.777243960258094
82.64426042643242 -33.10664701838179 18.07488891363671
80.0998139075777 -33.107204298053155 10.194923760337407
74.38484932832363 -32.87656615205322 18.629817772889897
75.96784955605358 -32.975216216235474 9.47164645086006
72.14443356107736 -37.22549757324783 1.558689408974352
79.37664056749561 -32.42517156836769 0.7937496943028299
78.44646969344296 -33.2379066693339 16.753302749400472
79.77633755211133 -31.836386132854756 13.597163027446681
78.63500607337419 -37.8213205065676 3.797401555922082
80.50803318603701 -33.493103235722835 9.877085464223667
70.7567376394196 -27.01626407499949 11.076355039795763
77.99653496352612 -39.31447970576891 2.543504662363101
84.69566688800349 -26.969076551066742 13.752561140793809
75.92975000693964 -35.32486326178055 6.065095986294398
84.5473660655409 -32.673980911971405 17.49248039802897
78.90665985349558 -30.11672283476624 2.874342140161945
75.44191229692315 -33.09563260820127 8.284715535984988
76.2047042218929 -32.863334565661255 1.7756060252853678
75.60470486854874 -40.509700781625696 15.723166112979479
80.81147547680081 -36.622678861038246 12.343799629723671
80.04634858216927 -38.2582436792424 16.856527622970262
74.70143067764161 -31.61520779057869 19.241118986975778
82.93398532978588 -34.403806872327046 17.686518657478878
73.6317145770366 -34.100556518453544 4.726302659865251
75.11204055138079 -36.797495260688194 15.407002196630899
85.67375739698055 -37.0736249587306 4.253197993510951
78.47022165602972 -31.98931518791482 5.854809355028927
83.23656407813294 -29.641712665564857 15.395004448247981
76.96803865048196 -23.498212764057023 14.154552906375775
75.9502740902304 -38.74676380657239 9.323720400216963
80.59594120839826 -35.89974222858296 10.947796833820702
75.35963803289741 -33.6296379719106 9.441822351237196
76.96490811249316 -24.208783505078387 6.345168435888877
82.9226985391549 -36.6425272070885 14.320379489676725
75.19937483081954 -26.02808318859146 6.631967845241567
75.15084323989342 -34.85939691520132 4.655170874793311
78.12330379586437 -33.8511482299761 17.734633385762145
68.42616240485494 -29.49643445932897 4.513266444292723
81.25351283188064 -25.272941290276066 9.067328587587337
80.10255387345181 -37.1228390854888 17.483621430349178
86.60244664281211 -32.16504873623521 19.97777518635159
78.65319767878218 -32.997155844065446 10.59843444820267
78.30889461092819 -31.757138944462785 5.992605138957872
78.21418528979208 -33.45825379363976 16.82324188519487
77.32266878070207 -31.10791961216745 2.311532422736
81.0110691093444 -33.71086499703319 17.86222836302226
72.91290032088115 -36.4369388136061 4.77917705944736
72.82796467839773 -23.678845827215643 6.827819970106461
78.10721428319687 -31.980728065332976 1.5754306070945856
80.59675299786446 -25.403404038415218 2.338075590841493
83.08764361605107 -39.91391145852099 0.01630198699659191
76.87783421606291 -39.369371211868 7.413742755462938
70.64856743743395 -34.52032012675607 5.977047331536194
75.43366060301207 -23.239517196711134 15.126576164162664
79.26996339865862 -32.30634984495439 18.568041876317047
76.83694821513934 -22.101832206123433 16.237735790374884
74.5035821730321 -37.02264398683515 7.303862152673051
79.98976853268631 -33.775681338823745 16.429393079762274
72.91154833506997 -32.207193957859936 1.1259381606940533
80.95378856298584 -27.528944700049777 13.908111927120412
79.82407750848817 -37.39753452733123 15.018944534990464
74.02279229033732 -37.13976571945032 4.354951110999179
76.34383145285184 -38.66359620899868 14.864339508012328
78.02158338295453 -38.54243145407583 1.8620115983819208
78.96874582127917 -35.337157923806394 1.4248045392257414
68.35355033471417 -29.969949785912902 6.4577707108855815
79.90786573107604 -23.68176241588983 5.7327492993524976
78.5996493688589 -31.341619400724824 10.356759749160343
77.27315447779976 -30.79964589955658 10.392454297402038
81.11296823406539 -40.054634166544226 2.925450556677236
80.99302590081584 -32.88017143740669 7.513386407551725
80.62590573698559 -24.382364147067143 6.386432800735546
81.17657814786023 -35.68814162040742 1.4790887861379232
80.24404262316024 -35.65011622447004 6.9711918360282965
76.61328070781269 -34.32701672705244 13.728843917911036
77.2164751399629 -32.64890106281054 12.928369681089254
79.20826111511171 -32.19015645707411 10.107745637585985
78.03910288387235 -31.694245733912712 16.960356607249395
78.27266742374351 -28.84211098060822 11.411678647501699
77.03919649186142 -32.284287131914844 19.582724248570187
79.76396206568143 -29.015147425411314 18.831124857396418
82.59428183140024 -32.4580024376737 4.964855591968584
79.36047759366805 -31.649050539572787 4.879941165860648
79.29560847318896 -32.66837663232618 5.127134750414504
78.38089114873962 -30.34790487661295 13.94608489873714
78.54786143255319 -40.01849646953781 15.878246935899714
82.54396668938286 -26.700585628251794 2.004800242083089
75.78454076089395 -31.98002816684612 18.943928826577366
75.78420405622383 -36.52601231127142 4.618563521872754
68.62456717663159 -34.194383363590546 4.043603065710828
77.45098368412047 -28.72886286964845 11.375119518702789
76.24199738696385 -30.585967784119003 7.891865394862954
81.14311109634843 -34.47290666893005 12.480823443699371
75.45723548867228 -28.830933087038332 1.5934390533139142
84.41351644547787 -27.506576666652254 17.127455339611004
80.95168906253633 -24.817457936595737 7.811071883729501
74.81210838523351 -25.262135718645236 14.153780252411313
85.68063179659937 -37.68319837412154 8.660370696738442
84.32645192775 -28.413413830932008 6.770098938440505
80.58523263124434 -36.475420776724285 15.688873564707755
76.1301295528995 -41.082103337422524 10.337470078828074
77.74806350504991 -31.809727915608494 18.385845697282516
76.21840867630222 -29.643548790955112 4.857469491791477
84.19160992287482 -31.971845113443926 5.9205555283464095
77.09707511269794 -39.50730932816052 9.116971147769588
71.44404042941358 -34.27171425444443 4.3362963541786375
77.12984527799532 -32.43102789234054 10.644762797167793
84.49601685836242 -28.75014409573152 12.417492320954311
80.31986121869585 -24.24783004291995 14.881515745849603
82.5987220983913 -25.43164412624605 4.69901473421568
80.42931490894027 -29.836658540008887 12.242665985227388
84.64910376787068 -25.144968015430354 0.34271474564379734
68.23588945443412 -30.425673229555766 12.635024255766517
74.25177327788826 -33.76215844765018 8.68024679560207
79.20760856232897 -35.7879906789109 7.0654589403566685
77.79214727067513 -32.06025593119129 13.723183395720213
75.54211158993417 -30.890389332307485 3.940635422825407
83.32269609802427 -25.27199176727838 13.652451620014324
79.3936913800354 -30.805626644700325 3.542686519994336
76.4777420852756 -31.235752954276 15.783601595175426
73.06569071842668 -35.7504821143484 17.45595531590352
77.97604075340608 -32.089652704766074 17.912499305849533
80.9267894807503 -29.884077771030025 18.50139201193302
83.14808654315061 -37.022504830027984 5.360822030841412
81.60871239407486 -32.290227359769766 18.291169744857505
78.05831615505515 -31.956101056361938 0.507150443180473
78.07230923608128 -31.9277686866278 10.029931693639533
79.14442024044884 -37.450829329116516 2.569593646769719
72.86615960552002 -30.501567016127414 8.347074387719458
83.68660047422021 -30.82119727312923 5.2738408791480555
76.23589372950124 -39.183718005954915 4.119266936116337
74.33035886232682 -41.12892276712587 14.085642180902127
75.4859826235881 -40.80447232639815 2.064519246178933
74.97496116164072 -39.769807688998355 4.915105857468182
80.53188272662442 -24.644475745547584 9.155504212817627
72.69759346776893 -38.716126344620356 6.24133871291078
79.18914257523281 -34.51256351787923 0.20036402444572277
78.79142581523487 -35.14146018904924 4.391452924943497
72.25172171934855 -28.642995482286135 15.936199495676103
77.99359853984883 -33.26776318031439 10.806261170133952
78.57623173807558 -32.17218635256758 18.559229627998192
75.94749881071085 -28.752946698532817 11.13554098754663
76.1674363550575 -34.13109740271437 14.820506956829334
77.72394447819835 -30.913325550004576 4.146470959084441
78.87055434623088 -27.434193768624652 13.272319872486333
72.23666373595721 -31.595759222861926 14.985223818578381
73.97172544434035 -28.793598029261307 3.719157461340945
78.09227906675129 -32.08996943630567 7.950074391100115
77.58527965735637 -31.967793020087697 17.213841651468268
80.05046180143948 -38.54781403717894 4.3007266918129865
77.9491423487647 -32.27649016278001 8.832750319191845
82.60399255395203 -36.88178536412713 4.762390487231047
83.24417599771816 -31.138058339465104 15.160672357528934
78.59065848571346 -31.64583353336137 6.701105815084752
77.93131457514507 -27.10009128575537 12.748982371430282
76.14231152282034 -34.637886320694484 9.623480780738378
80.9154336549726 -40.400989465659386 16.26158914052624
77.94146683525517 -36.530715867599284 12.099095406822542
73.80617256451478 -28.078745203034806 9.330406436148087
81.04638444539934 -31.278917335148403 4.358790882059099
72.12881961165004 -34.10211103938706 19.315429466629986
79.7890397545827 -35.996866748796656 0.571566634974876
78.97507293395635 -31.874128256568483 8.555048266825443
43.84375497838414 -5.131857387973724 12.96981428786821
47.61455232444999 33.109182680755154 6.454375052663579
-2.0012566882128198 -29.26261815599934 16.434182871626493
-23.17518425171575 35.247304054667055 7.727423382230376
25.347074742169056 76.20866561541425 2.6340552218421776
-89.04515324154023 76.50459765207634 5.694155928809781
84.62482208831833 -81.2696714488725 10.24692317064516
38.216845991428016 -52.98235035693082 14.465580265757236
-49.681054894893144 77.1828473109444 10.018293666541718
-3.107957000835782 72.59369663675878 17.627151342898518
-51.39672218454409 -24.129536229151796 12.03384385964377
-19.657386399154746 53.77821642460222 2.115988976037484
-82.30745558247271 -24.328120985668946 16.529890464020767
-83.04608080747036 -86.54643236876511 3.2483413916717563
-35.00096386046522 -57.18406444253146 14.344182908433954
72.96833084889894 27.564767416243868 5.4531795177659115
-40.34605338727011 -37.687186746863084 5.415248788965523
36.025706371090436 64.08339474093111 2.17001579485262
68.36313221602805 64.82447132518283 14.326046910991225
-31.651055765623695 12.514030519196552 0.35663659871247866
79.29445186251573 -17.614758496531195 15.533284021116586
51.182377189264685 -50.650344843405676 0.2040165733845689
51.20855980776503 -85.47422963224466 4.925884456408247
66.53106410758713 54.775178363128646 11.545209704326949
-22.10960863895329 74.7981952392457 17.812771773477774
-2.4497644513369465 83.81424791113182 14.227304314338472
58.54319001582991 44.02300732017545 3.4947419382971434
-22.806785037557688 -72.74069717039781 18.18662946542318
44.35135350356114 11.263558029136945 7.615392635225873
-47.073824252279884 25.091166420045425 14.597005215945602
-28.51001174553545 32.64064603430896 14.758071603043115
62.450843070275454 47.3992435836021 17.566960492051034
47.92713941794574 15.738291843928863 9.699413279910505
-12.870315634475205 19.68939665568861 4.703020407915686
35.551826506878626 -66.19962088570989 4.3124322129636194
9.74759721228014 19.839914894529812 15.113619563882011
72.68859560893702 28.900860799037318 10.075322319001852
-64.69845094173836 -2.920339551946512 12.00617715419626
22.205061545476624 25.807406086481464 15.562922519338596
-75.89525314477214 -18.18382321485086 9.143588261056323
-6.413737126106085 -18.46551329780749 5.334068310370186
-19.044016545540302 -9.886873536017575 15.222458034589511
-58.78619523159885 -25.250885683757204 8.173805566436592
84.23875999644488 -80.60156035171403 6.4190065115256445
58.90989023131465 46.80791505948409 8.2315331738343
65.18167894016605 -68.41148544001244 16.16545225189079
-69.46223815341324 -35.346589557956996 10.214918273553996
63.344509574191704 52.104925326989076 8.674816755370616
45.5339879967928 67.73159653452959 14.45844896101828
66.47002177280092 53.491363360485735 17.254276619396897
-78.65045269260787 73.86859530800143 16.24424323663498
-36.49612404249098 8.62845801648838 18.886063007619263
-29.236823296504554 -65.86259621466297 5.586518687214628
-50.75457396041888 14.699822586262599 15.514669779169017